ts_code,trade_date,up_limit,down_limit
000001.SZ,20260303,11.94,9.77
000002.SZ,20260303,5.23,4.28
000004.SZ,20260303,6.89,6.23
000006.SZ,20260303,9.83,8.05
000007.SZ,20260303,14.85,12.15
000008.SZ,20260303,3.26,2.66
000009.SZ,20260303,10.29,8.42
000010.SZ,20260303,4.59,3.75
000011.SZ,20260303,9.47,7.75
000012.SZ,20260303,5.42,4.44
000014.SZ,20260303,14.59,11.93
000016.SZ,20260303,4.04,3.3
000017.SZ,20260303,8.4,6.88
000019.SZ,20260303,8.09,6.62
000020.SZ,20260303,15.9,13.01
000021.SZ,20260303,36.8,30.11
000025.SZ,20260303,19.91,16.29
000026.SZ,20260303,17.15,14.03
000027.SZ,20260303,7.73,6.33
000028.SZ,20260303,28.55,23.36
000029.SZ,20260303,25.08,20.52
000030.SZ,20260303,6.08,4.98
000031.SZ,20260303,3.78,3.1
000032.SZ,20260303,21.68,17.74
000034.SZ,20260303,43.88,35.9
000035.SZ,20260303,8.48,6.94
000036.SZ,20260303,5.91,4.83
000037.SZ,20260303,10.8,8.84
000039.SZ,20260303,15.06,12.32
000042.SZ,20260303,9.82,8.04
000045.SZ,20260303,13.9,11.38
000048.SZ,20260303,19.77,16.17
000049.SZ,20260303,28.34,23.18
000050.SZ,20260303,10.93,8.95
000055.SZ,20260303,4.33,3.55
000056.SZ,20260303,2.26,1.85
000058.SZ,20260303,9.54,7.8
000059.SZ,20260303,6.96,5.7
000060.SZ,20260303,9.21,7.53
000061.SZ,20260303,10.23,8.37
000062.SZ,20260303,26.73,21.87
000063.SZ,20260303,41.62,34.06
000065.SZ,20260303,14.14,11.57
000066.SZ,20260303,18.17,14.87
000068.SZ,20260303,3.83,3.13
000069.SZ,20260303,2.78,2.28
000070.SZ,20260303,21.63,17.69
000078.SZ,20260303,3.7,3.02
000088.SZ,20260303,5.15,4.21
000089.SZ,20260303,7.88,6.44
000090.SZ,20260303,4.31,3.53
000096.SZ,20260303,13.27,10.85
000099.SZ,20260303,23.03,18.85
000100.SZ,20260303,5.45,4.46
000151.SZ,20260303,14.73,12.05
000153.SZ,20260303,7.22,5.9
000155.SZ,20260303,15.9,13.01
000156.SZ,20260303,8.99,7.35
000157.SZ,20260303,10.93,8.95
000158.SZ,20260303,22.33,18.27
000159.SZ,20260303,8.56,7.0
000166.SZ,20260303,5.47,4.47
000301.SZ,20260303,14.58,11.93
000333.SZ,20260303,85.2,69.71
000338.SZ,20260303,30.49,24.95
000400.SZ,20260303,35.51,29.05
000401.SZ,20260303,5.73,4.69
000402.SZ,20260303,3.06,2.5
000403.SZ,20260303,15.66,12.82
000404.SZ,20260303,7.95,6.51
000407.SZ,20260303,5.86,4.8
000408.SZ,20260303,94.61,77.41
000409.SZ,20260303,12.56,10.28
000410.SZ,20260303,8.6,7.04
000411.SZ,20260303,12.98,10.62
000415.SZ,20260303,5.93,4.85
000417.SZ,20260303,8.34,6.82
000419.SZ,20260303,6.78,5.54
000420.SZ,20260303,5.04,4.12
000421.SZ,20260303,7.73,6.33
000422.SZ,20260303,19.92,16.3
000423.SZ,20260303,59.49,48.67
000425.SZ,20260303,13.35,10.93
000426.SZ,20260303,66.24,54.2
000428.SZ,20260303,4.1,3.36
000429.SZ,20260303,13.51,11.05
000430.SZ,20260303,7.78,7.04
000488.SZ,20260303,2.42,2.19
000498.SZ,20260303,6.94,5.68
000501.SZ,20260303,10.32,8.44
000503.SZ,20260303,9.8,8.02
000504.SZ,20260303,9.38,8.48
000505.SZ,20260303,7.92,6.48
000506.SZ,20260303,24.56,20.1
000507.SZ,20260303,6.15,5.03
000509.SZ,20260303,3.77,3.09
000510.SZ,20260303,24.7,20.21
000513.SZ,20260303,38.17,31.23
000514.SZ,20260303,5.47,4.47
000516.SZ,20260303,5.14,4.2
000517.SZ,20260303,2.34,1.92
000518.SZ,20260303,2.95,2.67
000519.SZ,20260303,23.33,19.09
000520.SZ,20260303,5.2,4.26
000521.SZ,20260303,7.05,5.77
000523.SZ,20260303,4.21,3.45
000524.SZ,20260303,13.96,11.42
000525.SZ,20260303,7.27,5.95
000526.SZ,20260303,39.36,32.2
000528.SZ,20260303,12.83,10.49
000529.SZ,20260303,6.63,5.43
000530.SZ,20260303,7.48,6.12
000531.SZ,20260303,7.63,6.25
000532.SZ,20260303,16.9,13.82
000533.SZ,20260303,12.53,10.25
000534.SZ,20260303,43.54,35.62
000536.SZ,20260303,5.04,4.12
000537.SZ,20260303,10.0,8.18
000538.SZ,20260303,61.61,50.41
000539.SZ,20260303,5.59,4.57
000541.SZ,20260303,6.93,5.67
000543.SZ,20260303,9.71,7.95
000544.SZ,20260303,10.13,8.29
000545.SZ,20260303,3.83,3.13
000546.SZ,20260303,7.1,5.81
000547.SZ,20260303,35.19,28.79
000548.SZ,20260303,6.25,5.11
000550.SZ,20260303,20.23,16.55
000551.SZ,20260303,16.28,13.32
000552.SZ,20260303,2.9,2.38
000553.SZ,20260303,6.75,5.53
000554.SZ,20260303,10.85,8.87
000555.SZ,20260303,19.21,15.71
000557.SZ,20260303,5.54,4.54
000558.SZ,20260303,5.31,4.35
000559.SZ,20260303,20.55,16.81
000560.SZ,20260303,3.6,2.94
000561.SZ,20260303,13.33,10.91
000563.SZ,20260303,3.95,3.23
000564.SZ,20260303,2.46,2.02
000565.SZ,20260303,9.36,7.66
000566.SZ,20260303,6.38,5.22
000567.SZ,20260303,6.23,5.09
000568.SZ,20260303,118.99,97.35
000570.SZ,20260303,6.5,5.32
000571.SZ,20260303,8.43,6.89
000572.SZ,20260303,7.36,6.02
000573.SZ,20260303,4.75,3.89
000576.SZ,20260303,12.54,10.26
000581.SZ,20260303,27.61,22.59
000582.SZ,20260303,12.47,10.21
000586.SZ,20260303,17.13,14.01
000589.SZ,20260303,5.7,4.66
000590.SZ,20260303,13.05,10.67
000591.SZ,20260303,6.37,5.21
000592.SZ,20260303,13.35,10.93
000593.SZ,20260303,17.05,13.95
000595.SZ,20260303,6.71,6.07
000596.SZ,20260303,128.89,105.45
000597.SZ,20260303,5.79,4.73
000598.SZ,20260303,7.91,6.47
000599.SZ,20260303,7.57,6.19
000600.SZ,20260303,10.45,8.55
000601.SZ,20260303,6.15,5.03
000603.SZ,20260303,62.23,50.91
000605.SZ,20260303,7.89,6.45
000607.SZ,20260303,4.84,3.96
000608.SZ,20260303,3.56,3.22
000609.SZ,20260303,10.75,9.73
000610.SZ,20260303,10.31,8.43
000612.SZ,20260303,16.65,13.63
000615.SZ,20260303,3.39,3.07
000617.SZ,20260303,10.58,8.66
000619.SZ,20260303,6.91,5.65
000620.SZ,20260303,3.27,2.67
000623.SZ,20260303,20.72,16.96
000625.SZ,20260303,11.97,9.79
000626.SZ,20260303,8.32,6.8
000628.SZ,20260303,62.79,51.37
000629.SZ,20260303,4.7,3.84
000630.SZ,20260303,9.26,7.58
000631.SZ,20260303,4.15,3.39
000632.SZ,20260303,5.58,4.56
000633.SZ,20260303,8.69,7.11
000635.SZ,20260303,10.99,8.99
000636.SZ,20260303,29.15,23.85
000637.SZ,20260303,5.96,4.88
000638.SZ,20260303,2.43,2.19
000639.SZ,20260303,3.08,2.52
000650.SZ,20260303,6.51,5.33
000651.SZ,20260303,40.92,33.48
000652.SZ,20260303,4.6,3.76
000655.SZ,20260303,12.51,10.23
000656.SZ,20260303,1.48,1.34
000657.SZ,20260303,75.92,62.12
000659.SZ,20260303,5.05,4.13
000661.SZ,20260303,101.12,82.74
000663.SZ,20260303,8.78,7.18
000665.SZ,20260303,5.96,4.88
000668.SZ,20260303,16.11,14.57
000669.SZ,20260303,4.63,4.19
000670.SZ,20260303,9.03,7.39
000672.SZ,20260303,15.83,12.95
000676.SZ,20260303,9.34,7.64
000677.SZ,20260303,4.4,3.6
000678.SZ,20260303,14.37,11.75
000679.SZ,20260303,7.84,6.42
000680.SZ,20260303,14.85,12.15
000681.SZ,20260303,27.23,22.28
000682.SZ,20260303,15.39,12.59
000683.SZ,20260303,10.55,8.63
000685.SZ,20260303,13.19,10.79
000686.SZ,20260303,9.76,7.98
000688.SZ,20260303,40.47,33.11
000690.SZ,20260303,5.16,4.22
000691.SZ,20260303,9.15,8.27
000692.SZ,20260303,4.37,3.57
000695.SZ,20260303,14.26,11.66
000697.SZ,20260303,10.55,9.55
000698.SZ,20260303,4.35,3.93
000700.SZ,20260303,14.63,11.97
000701.SZ,20260303,6.73,5.51
000702.SZ,20260303,7.65,6.26
000703.SZ,20260303,14.53,11.89
000705.SZ,20260303,9.93,8.13
000707.SZ,20260303,7.24,5.92
000708.SZ,20260303,19.51,15.97
000709.SZ,20260303,2.97,2.43
000710.SZ,20260303,13.04,10.67
000711.SZ,20260303,3.82,3.46
000712.SZ,20260303,13.74,11.24
000713.SZ,20260303,7.78,6.36
000715.SZ,20260303,6.86,5.62
000716.SZ,20260303,6.53,5.35
000717.SZ,20260303,3.06,2.5
000718.SZ,20260303,2.53,2.07
000719.SZ,20260303,14.62,11.96
000720.SZ,20260303,4.24,3.47
000721.SZ,20260303,9.27,7.59
000722.SZ,20260303,14.74,12.06
000723.SZ,20260303,5.82,4.76
000725.SZ,20260303,4.94,4.04
000726.SZ,20260303,8.33,6.81
000727.SZ,20260303,2.9,2.38
000728.SZ,20260303,9.03,7.39
000729.SZ,20260303,14.0,11.46
000731.SZ,20260303,9.46,7.74
000733.SZ,20260303,62.9,51.46
000735.SZ,20260303,8.45,6.91
000736.SZ,20260303,5.59,5.05
000737.SZ,20260303,20.52,16.79
000738.SZ,20260303,31.12,25.46
000739.SZ,20260303,19.62,16.06
000750.SZ,20260303,4.58,3.74
000751.SZ,20260303,8.45,6.91
000752.SZ,20260303,10.91,9.87
000753.SZ,20260303,8.16,6.68
000755.SZ,20260303,6.02,4.92
000756.SZ,20260303,17.06,13.96
000757.SZ,20260303,5.68,4.64
000758.SZ,20260303,9.69,7.93
000759.SZ,20260303,7.18,5.88
000761.SZ,20260303,4.17,3.41
000762.SZ,20260303,34.27,28.04
000766.SZ,20260303,24.78,20.28
000767.SZ,20260303,4.04,3.3
000768.SZ,20260303,34.4,28.14
000776.SZ,20260303,22.74,18.6
000777.SZ,20260303,28.33,23.18
000778.SZ,20260303,5.81,4.75
000779.SZ,20260303,11.18,9.14
000782.SZ,20260303,6.88,5.63
000783.SZ,20260303,8.61,7.05
000785.SZ,20260303,3.18,2.6
000786.SZ,20260303,32.43,26.53
000788.SZ,20260303,6.68,5.46
000789.SZ,20260303,6.35,5.19
000790.SZ,20260303,4.42,3.62
000791.SZ,20260303,9.03,7.39
000792.SZ,20260303,41.97,34.34
000793.SZ,20260303,2.99,2.71
000795.SZ,20260303,11.84,9.68
000796.SZ,20260303,6.02,4.92
000797.SZ,20260303,3.4,2.78
000798.SZ,20260303,12.8,10.48
000799.SZ,20260303,53.76,43.98
000800.SZ,20260303,7.57,6.19
000801.SZ,20260303,18.77,15.35
000802.SZ,20260303,4.72,3.86
000803.SZ,20260303,10.9,8.92
000807.SZ,20260303,36.14,29.57
000809.SZ,20260303,3.73,3.05
000810.SZ,20260303,12.53,10.25
000811.SZ,20260303,23.65,19.35
000812.SZ,20260303,4.79,3.92
000813.SZ,20260303,4.13,3.38
000815.SZ,20260303,15.84,12.96
000816.SZ,20260303,4.44,3.64
000818.SZ,20260303,25.41,20.79
000819.SZ,20260303,19.23,15.73
000820.SZ,20260303,3.56,3.22
000821.SZ,20260303,15.3,13.84
000822.SZ,20260303,7.63,6.25
000823.SZ,20260303,17.34,14.18
000825.SZ,20260303,5.97,4.89
000826.SZ,20260303,2.78,2.28
000828.SZ,20260303,12.0,9.82
000829.SZ,20260303,12.22,10.0
000830.SZ,20260303,21.87,17.89
000831.SZ,20260303,69.86,57.16
000833.SZ,20260303,27.28,22.32
000837.SZ,20260303,13.5,11.04
000838.SZ,20260303,2.77,2.27
000839.SZ,20260303,3.66,3.0
000848.SZ,20260303,9.21,7.53
000850.SZ,20260303,6.22,5.09
000852.SZ,20260303,9.59,7.85
000856.SZ,20260303,11.92,9.76
000858.SZ,20260303,113.54,92.9
000859.SZ,20260303,12.52,10.24
000860.SZ,20260303,15.51,12.69
000862.SZ,20260303,7.47,6.11
000863.SZ,20260303,6.33,5.18
000868.SZ,20260303,5.24,4.28
000869.SZ,20260303,22.18,18.14
000875.SZ,20260303,8.62,7.06
000876.SZ,20260303,9.55,7.81
000877.SZ,20260303,6.07,4.97
000878.SZ,20260303,29.36,24.02
000880.SZ,20260303,37.55,30.73
000881.SZ,20260303,9.49,7.77
000882.SZ,20260303,2.1,1.72
000883.SZ,20260303,5.3,4.34
000885.SZ,20260303,15.6,12.76
000886.SZ,20260303,6.9,5.64
000887.SZ,20260303,23.45,19.19
000888.SZ,20260303,14.3,11.7
000889.SZ,20260303,3.94,3.22
000890.SZ,20260303,9.27,7.59
000892.SZ,20260303,7.46,6.1
000893.SZ,20260303,66.94,54.77
000895.SZ,20260303,29.04,23.76
000897.SZ,20260303,2.46,2.02
000898.SZ,20260303,2.98,2.44
000899.SZ,20260303,16.13,13.19
000900.SZ,20260303,4.79,3.92
000901.SZ,20260303,30.8,25.2
000902.SZ,20260303,20.42,16.7
000903.SZ,20260303,2.86,2.58
000905.SZ,20260303,14.84,12.14
000906.SZ,20260303,6.88,5.63
000908.SZ,20260303,6.56,5.94
000909.SZ,20260303,6.31,5.71
000910.SZ,20260303,8.21,6.71
000911.SZ,20260303,7.22,5.9
000912.SZ,20260303,5.89,4.82
000913.SZ,20260303,17.22,14.09
000915.SZ,20260303,35.26,28.85
000917.SZ,20260303,12.13,9.93
000919.SZ,20260303,8.11,6.63
000920.SZ,20260303,14.45,11.83
000921.SZ,20260303,25.65,20.99
000922.SZ,20260303,17.16,14.04
000923.SZ,20260303,26.94,22.04
000925.SZ,20260303,8.99,7.35
000926.SZ,20260303,2.45,2.01
000927.SZ,20260303,3.25,2.66
000928.SZ,20260303,7.73,6.33
000929.SZ,20260303,10.94,9.9
000930.SZ,20260303,7.82,6.4
000931.SZ,20260303,5.6,4.58
000932.SZ,20260303,7.47,6.11
000933.SZ,20260303,37.29,30.51
000935.SZ,20260303,31.69,25.93
000936.SZ,20260303,8.91,7.29
000937.SZ,20260303,6.41,5.25
000938.SZ,20260303,27.59,22.57
000948.SZ,20260303,18.36,15.02
000949.SZ,20260303,8.09,6.62
000950.SZ,20260303,6.39,5.23
000951.SZ,20260303,22.58,18.48
000952.SZ,20260303,8.42,6.89
000953.SZ,20260303,8.31,6.8
000955.SZ,20260303,6.02,4.92
000957.SZ,20260303,12.76,10.44
000958.SZ,20260303,7.4,6.06
000959.SZ,20260303,6.37,5.21
000960.SZ,20260303,53.68,43.92
000962.SZ,20260303,63.42,51.89
000963.SZ,20260303,37.77,30.91
000965.SZ,20260303,4.4,3.6
000966.SZ,20260303,5.24,4.28
000967.SZ,20260303,9.26,7.58
000968.SZ,20260303,10.41,8.51
000969.SZ,20260303,29.26,23.94
000970.SZ,20260303,16.5,13.5
000972.SZ,20260303,3.98,3.6
000973.SZ,20260303,14.47,11.84
000975.SZ,20260303,37.22,30.46
000977.SZ,20260303,67.39,55.13
000978.SZ,20260303,7.62,6.24
000980.SZ,20260303,3.29,2.69
000981.SZ,20260303,5.15,4.21
000983.SZ,20260303,8.14,6.66
000985.SZ,20260303,25.14,20.57
000987.SZ,20260303,10.48,8.58
000988.SZ,20260303,104.47,85.47
000989.SZ,20260303,9.71,7.95
000990.SZ,20260303,9.83,8.05
000993.SZ,20260303,15.4,12.6
000995.SZ,20260303,16.78,13.73
000997.SZ,20260303,26.39,21.59
000998.SZ,20260303,11.21,9.17
000999.SZ,20260303,32.09,26.25
001201.SZ,20260303,16.16,13.22
001202.SZ,20260303,19.78,16.18
001203.SZ,20260303,41.18,33.7
001205.SZ,20260303,18.76,15.35
001206.SZ,20260303,25.03,20.48
001207.SZ,20260303,29.21,23.9
001208.SZ,20260303,25.03,20.48
001209.SZ,20260303,32.2,26.34
001210.SZ,20260303,24.96,20.42
001211.SZ,20260303,30.76,25.16
001212.SZ,20260303,58.5,47.86
001213.SZ,20260303,4.66,3.82
001215.SZ,20260303,43.55,35.63
001216.SZ,20260303,22.15,18.13
001217.SZ,20260303,15.18,12.42
001218.SZ,20260303,28.17,23.05
001219.SZ,20260303,16.14,13.2
001220.SZ,20260303,46.35,37.93
001221.SZ,20260303,76.45,62.55
001222.SZ,20260303,23.1,18.9
001223.SZ,20260303,61.27,50.13
001225.SZ,20260303,85.92,70.3
001226.SZ,20260303,49.62,40.6
001227.SZ,20260303,2.56,2.1
001228.SZ,20260303,34.91,28.57
001229.SZ,20260303,39.68,32.46
001230.SZ,20260303,29.15,23.85
001231.SZ,20260303,27.72,22.68
001233.SZ,20260303,80.06,65.5
001234.SZ,20260303,31.94,26.14
001236.SZ,20260303,11.07,9.05
001238.SZ,20260303,58.39,47.77
001239.SZ,20260303,17.82,14.58
001255.SZ,20260303,44.29,36.23
001256.SZ,20260303,24.54,20.08
001258.SZ,20260303,8.79,7.19
001259.SZ,20260303,37.59,30.75
001260.SZ,20260303,24.49,20.03
001266.SZ,20260303,36.82,30.12
001267.SZ,20260303,36.91,30.2
001268.SZ,20260303,37.08,30.34
001269.SZ,20260303,26.03,21.29
001270.SZ,20260303,143.85,130.15
001277.SZ,20260303,45.43,37.17
001278.SZ,20260303,27.05,22.13
001279.SZ,20260303,37.17,30.41
001280.SZ,20260303,110.72,90.59
001282.SZ,20260303,26.87,21.99
001283.SZ,20260303,71.5,58.5
001285.SZ,20260303,64.72,52.96
001286.SZ,20260303,12.16,9.95
001287.SZ,20260303,26.27,21.49
001288.SZ,20260303,41.04,33.58
001289.SZ,20260303,18.73,15.33
001296.SZ,20260303,31.21,25.53
001298.SZ,20260303,33.59,27.49
001299.SZ,20260303,15.47,12.65
001300.SZ,20260303,17.9,14.64
001301.SZ,20260303,83.93,68.67
001306.SZ,20260303,87.0,71.18
001308.SZ,20260303,23.4,19.14
001309.SZ,20260303,271.21,221.9
001311.SZ,20260303,42.14,34.48
001313.SZ,20260303,8.2,6.71
001314.SZ,20260303,51.08,41.8
001316.SZ,20260303,55.5,45.41
001317.SZ,20260303,57.21,46.81
001318.SZ,20260303,16.03,13.11
001319.SZ,20260303,31.01,25.37
001322.SZ,20260303,9.93,8.13
001323.SZ,20260303,29.55,24.17
001324.SZ,20260303,22.37,18.31
001325.SZ,20260303,57.38,46.94
001326.SZ,20260303,68.73,56.23
001328.SZ,20260303,39.95,32.69
001330.SZ,20260303,9.38,7.68
001331.SZ,20260303,63.58,52.02
001332.SZ,20260303,62.94,51.5
001333.SZ,20260303,29.73,24.33
001335.SZ,20260303,52.45,42.91
001336.SZ,20260303,30.9,25.28
001337.SZ,20260303,61.31,50.17
001338.SZ,20260303,14.11,11.55
001339.SZ,20260303,69.7,57.02
001356.SZ,20260303,13.44,11.0
001358.SZ,20260303,32.84,26.87
001359.SZ,20260303,87.12,71.28
001360.SZ,20260303,31.02,25.38
001366.SZ,20260303,15.55,12.73
001367.SZ,20260303,25.22,20.64
001368.SZ,20260303,29.87,24.44
001369.SZ,20260303,16.43,13.45
001373.SZ,20260303,46.44,38.0
001376.SZ,20260303,24.28,19.86
001378.SZ,20260303,27.75,22.71
001379.SZ,20260303,26.9,22.01
001380.SZ,20260303,24.78,20.28
001382.SZ,20260303,23.28,19.04
001386.SZ,20260303,25.52,20.88
001387.SZ,20260303,15.51,12.69
001388.SZ,20260303,48.58,39.74
001389.SZ,20260303,129.59,106.03
001390.SZ,20260303,25.08,20.52
001391.SZ,20260303,6.41,5.25
001395.SZ,20260303,47.58,38.93
001396.SZ,20260303,59.46,48.65
001400.SZ,20260303,146.8,120.11
001696.SZ,20260303,24.4,19.96
001872.SZ,20260303,22.77,18.63
001896.SZ,20260303,15.55,12.73
001914.SZ,20260303,12.75,10.43
001965.SZ,20260303,10.74,8.78
001979.SZ,20260303,10.84,8.87
002001.SZ,20260303,35.75,29.25
002003.SZ,20260303,11.19,9.15
002004.SZ,20260303,6.18,5.06
002005.SZ,20260303,3.22,2.92
002006.SZ,20260303,22.2,18.16
002007.SZ,20260303,16.84,13.78
002008.SZ,20260303,82.08,67.16
002009.SZ,20260303,31.36,25.66
002010.SZ,20260303,7.24,5.92
002011.SZ,20260303,14.63,11.97
002012.SZ,20260303,7.96,6.52
002014.SZ,20260303,13.4,10.96
002015.SZ,20260303,15.08,12.34
002016.SZ,20260303,6.51,5.33
002017.SZ,20260303,24.3,19.88
002019.SZ,20260303,15.06,12.32
002020.SZ,20260303,17.48,14.3
002021.SZ,20260303,3.89,3.19
002022.SZ,20260303,6.5,5.32
002023.SZ,20260303,13.49,11.03
002024.SZ,20260303,1.62,1.46
002025.SZ,20260303,59.74,48.88
002026.SZ,20260303,15.77,12.91
002027.SZ,20260303,7.56,6.18
002028.SZ,20260303,244.78,200.28
002029.SZ,20260303,12.12,9.92
002030.SZ,20260303,6.73,5.51
002031.SZ,20260303,8.05,6.59
002032.SZ,20260303,48.18,39.42
002033.SZ,20260303,10.1,8.26
002034.SZ,20260303,19.16,15.68
002035.SZ,20260303,6.9,5.64
002036.SZ,20260303,11.85,9.69
002037.SZ,20260303,9.96,8.15
002038.SZ,20260303,6.95,5.69
002039.SZ,20260303,20.21,16.53
002040.SZ,20260303,13.17,10.77
002041.SZ,20260303,12.72,10.4
002042.SZ,20260303,4.94,4.04
002043.SZ,20260303,18.76,15.35
002044.SZ,20260303,7.76,6.35
002045.SZ,20260303,14.93,12.21
002046.SZ,20260303,59.4,48.6
002047.SZ,20260303,5.07,4.59
002048.SZ,20260303,33.68,27.56
002049.SZ,20260303,87.95,71.96
002050.SZ,20260303,54.34,44.46
002051.SZ,20260303,9.74,7.97
002052.SZ,20260303,13.27,10.85
002053.SZ,20260303,13.22,10.82
002054.SZ,20260303,12.63,10.33
002055.SZ,20260303,6.74,6.1
002056.SZ,20260303,24.18,19.78
002057.SZ,20260303,12.87,10.53
002058.SZ,20260303,25.42,23.0
002059.SZ,20260303,5.59,4.57
002060.SZ,20260303,4.32,3.54
002061.SZ,20260303,4.55,3.73
002062.SZ,20260303,10.46,8.56
002063.SZ,20260303,7.25,5.93
002064.SZ,20260303,13.73,11.23
002065.SZ,20260303,10.14,8.3
002066.SZ,20260303,22.29,18.23
002067.SZ,20260303,6.19,5.07
002068.SZ,20260303,10.0,8.18
002069.SZ,20260303,4.3,3.52
002072.SZ,20260303,8.35,6.83
002073.SZ,20260303,8.9,7.28
002074.SZ,20260303,40.92,33.48
002075.SZ,20260303,6.4,5.24
002076.SZ,20260303,2.27,2.05
002077.SZ,20260303,18.24,14.92
002078.SZ,20260303,18.96,15.52
002079.SZ,20260303,12.0,9.82
002080.SZ,20260303,55.92,45.76
002081.SZ,20260303,4.0,3.28
002082.SZ,20260303,20.28,16.6
002083.SZ,20260303,12.54,10.26
002084.SZ,20260303,4.28,3.5
002085.SZ,20260303,18.1,14.81
002086.SZ,20260303,2.51,2.05
002088.SZ,20260303,12.77,10.45
002090.SZ,20260303,13.66,11.18
002091.SZ,20260303,10.08,8.24
002092.SZ,20260303,8.72,7.14
002093.SZ,20260303,12.16,9.95
002094.SZ,20260303,7.99,6.53
002095.SZ,20260303,21.15,17.31
002096.SZ,20260303,16.05,13.13
002097.SZ,20260303,12.76,10.44
002098.SZ,20260303,10.65,8.71
002099.SZ,20260303,8.79,7.19
002100.SZ,20260303,7.87,6.44
002101.SZ,20260303,13.56,11.1
002102.SZ,20260303,3.91,3.2
002103.SZ,20260303,10.14,8.3
002104.SZ,20260303,19.75,16.16
002105.SZ,20260303,8.15,6.67
002106.SZ,20260303,13.59,11.12
002107.SZ,20260303,7.71,6.31
002108.SZ,20260303,5.6,4.58
002109.SZ,20260303,5.32,4.36
002110.SZ,20260303,5.16,4.22
002111.SZ,20260303,12.08,9.88
002112.SZ,20260303,26.03,21.29
002114.SZ,20260303,11.81,9.67
002115.SZ,20260303,16.63,13.61
002116.SZ,20260303,12.19,9.97
002117.SZ,20260303,12.53,10.25
002119.SZ,20260303,24.9,20.38
002120.SZ,20260303,7.67,6.27
002121.SZ,20260303,10.04,8.22
002122.SZ,20260303,3.24,2.94
002123.SZ,20260303,12.52,10.24
002124.SZ,20260303,2.73,2.23
002125.SZ,20260303,16.59,13.57
002126.SZ,20260303,53.77,43.99
002127.SZ,20260303,3.42,2.8
002128.SZ,20260303,35.84,29.32
002129.SZ,20260303,11.01,9.01
002130.SZ,20260303,30.6,25.04
002131.SZ,20260303,10.02,8.2
002132.SZ,20260303,4.36,3.56
002133.SZ,20260303,4.03,3.29
002134.SZ,20260303,26.22,21.46
002135.SZ,20260303,7.04,5.76
002136.SZ,20260303,16.09,13.17
002137.SZ,20260303,9.83,8.05
002138.SZ,20260303,47.91,39.2
002139.SZ,20260303,14.2,11.62
002140.SZ,20260303,14.17,11.59
002141.SZ,20260303,4.54,3.72
002142.SZ,20260303,35.53,29.07
002144.SZ,20260303,18.0,14.72
002145.SZ,20260303,6.12,5.0
002146.SZ,20260303,1.77,1.45
002148.SZ,20260303,9.13,7.47
002149.SZ,20260303,60.59,49.57
002150.SZ,20260303,29.69,24.29
002151.SZ,20260303,50.22,41.09
002152.SZ,20260303,14.83,12.13
002153.SZ,20260303,12.62,10.32
002154.SZ,20260303,4.32,3.54
002155.SZ,20260303,45.62,37.32
002156.SZ,20260303,55.99,45.81
002157.SZ,20260303,3.52,2.88
002158.SZ,20260303,29.87,24.44
002159.SZ,20260303,20.98,17.16
002160.SZ,20260303,6.72,5.5
002161.SZ,20260303,9.24,7.56
002162.SZ,20260303,6.02,4.92
002163.SZ,20260303,16.26,13.3
002164.SZ,20260303,14.86,12.16
002165.SZ,20260303,13.61,11.13
002166.SZ,20260303,9.83,8.05
002167.SZ,20260303,17.04,13.94
002168.SZ,20260303,4.17,3.77
002169.SZ,20260303,17.09,13.99
002170.SZ,20260303,16.37,13.39
002171.SZ,20260303,15.08,12.34
002172.SZ,20260303,4.77,3.91
002173.SZ,20260303,33.55,27.45
002174.SZ,20260303,11.69,9.57
002175.SZ,20260303,3.5,2.86
002176.SZ,20260303,11.55,9.45
002177.SZ,20260303,10.21,8.35
002178.SZ,20260303,6.92,5.66
002179.SZ,20260303,40.11,32.81
002180.SZ,20260303,22.67,18.55
002181.SZ,20260303,11.24,9.2
002182.SZ,20260303,25.14,20.57
002183.SZ,20260303,5.64,4.62
002184.SZ,20260303,13.97,11.43
002185.SZ,20260303,16.18,13.24
002186.SZ,20260303,12.33,10.09
002187.SZ,20260303,7.59,6.21
002188.SZ,20260303,7.67,6.27
002189.SZ,20260303,25.14,20.57
002190.SZ,20260303,41.72,34.14
002191.SZ,20260303,4.36,3.56
002192.SZ,20260303,64.28,52.6
002193.SZ,20260303,7.19,5.89
002194.SZ,20260303,13.71,11.21
002195.SZ,20260303,11.84,9.68
002196.SZ,20260303,17.47,14.29
002197.SZ,20260303,9.58,7.84
002198.SZ,20260303,7.85,6.43
002199.SZ,20260303,8.34,7.54
002200.SZ,20260303,7.67,6.94
002201.SZ,20260303,14.59,11.93
002202.SZ,20260303,30.92,25.3
002203.SZ,20260303,15.92,13.02
002204.SZ,20260303,8.2,6.71
002205.SZ,20260303,15.96,13.06
002206.SZ,20260303,7.94,6.5
002207.SZ,20260303,13.66,11.18
002208.SZ,20260303,16.89,13.82
002209.SZ,20260303,16.78,13.73
002210.SZ,20260303,3.43,2.81
002211.SZ,20260303,3.91,3.53
002212.SZ,20260303,9.14,7.48
002213.SZ,20260303,30.47,24.93
002214.SZ,20260303,19.28,17.44
002215.SZ,20260303,12.83,10.49
002216.SZ,20260303,13.88,11.36
002217.SZ,20260303,3.31,2.71
002218.SZ,20260303,6.89,5.63
002219.SZ,20260303,2.72,2.22
002221.SZ,20260303,10.26,8.4
002222.SZ,20260303,77.37,63.31
002223.SZ,20260303,41.76,34.16
002224.SZ,20260303,5.18,4.24
002225.SZ,20260303,7.45,6.09
002226.SZ,20260303,6.96,5.7
002227.SZ,20260303,10.69,8.75
002228.SZ,20260303,4.77,3.91
002229.SZ,20260303,18.89,15.45
002230.SZ,20260303,59.75,48.89
002231.SZ,20260303,0.63,0.57
002232.SZ,20260303,20.24,16.56
002233.SZ,20260303,10.63,8.69
002234.SZ,20260303,10.21,8.35
002235.SZ,20260303,10.63,8.69
002236.SZ,20260303,20.69,16.93
002237.SZ,20260303,22.54,18.44
002238.SZ,20260303,8.81,7.21
002239.SZ,20260303,3.49,2.85
002240.SZ,20260303,44.8,36.66
002241.SZ,20260303,29.08,23.8
002242.SZ,20260303,10.97,8.97
002243.SZ,20260303,11.66,9.54
002244.SZ,20260303,12.31,10.07
002245.SZ,20260303,18.77,15.35
002246.SZ,20260303,25.15,20.57
002247.SZ,20260303,3.31,2.71
002248.SZ,20260303,15.7,12.84
002249.SZ,20260303,11.5,9.41
002250.SZ,20260303,19.98,16.34
002251.SZ,20260303,5.15,4.21
002252.SZ,20260303,6.99,5.72
002253.SZ,20260303,11.01,9.97
002254.SZ,20260303,14.32,11.72
002255.SZ,20260303,14.43,11.81
002256.SZ,20260303,4.13,3.38
002258.SZ,20260303,18.32,14.99
002259.SZ,20260303,6.38,5.22
002261.SZ,20260303,39.41,32.25
002262.SZ,20260303,25.69,21.02
002263.SZ,20260303,3.89,3.19
002264.SZ,20260303,10.88,8.9
002265.SZ,20260303,28.12,23.0
002266.SZ,20260303,5.78,4.73
002267.SZ,20260303,9.04,7.4
002268.SZ,20260303,22.25,18.21
002269.SZ,20260303,2.07,1.69
002270.SZ,20260303,39.3,32.16
002271.SZ,20260303,20.79,17.01
002272.SZ,20260303,22.43,18.35
002273.SZ,20260303,31.25,25.57
002274.SZ,20260303,7.37,6.03
002275.SZ,20260303,15.42,12.62
002276.SZ,20260303,18.71,15.31
002277.SZ,20260303,7.91,6.47
002278.SZ,20260303,16.76,13.72
002279.SZ,20260303,9.79,8.01
002281.SZ,20260303,84.72,69.32
002282.SZ,20260303,8.61,7.05
002283.SZ,20260303,11.69,9.57
002284.SZ,20260303,17.84,14.6
002285.SZ,20260303,3.05,2.49
002286.SZ,20260303,11.89,9.73
002287.SZ,20260303,27.61,22.59
002289.SZ,20260303,29.46,26.66
002290.SZ,20260303,70.15,57.39
002291.SZ,20260303,7.83,6.41
002292.SZ,20260303,9.7,7.94
002293.SZ,20260303,11.42,9.34
002294.SZ,20260303,53.68,43.92
002295.SZ,20260303,13.16,10.76
002296.SZ,20260303,16.15,13.21
002297.SZ,20260303,14.77,12.09
002298.SZ,20260303,11.9,9.74
002299.SZ,20260303,21.41,17.51
002300.SZ,20260303,10.75,8.79
002301.SZ,20260303,8.06,6.6
002302.SZ,20260303,7.01,5.73
002303.SZ,20260303,4.36,3.56
002304.SZ,20260303,57.1,46.72
002305.SZ,20260303,2.29,2.07
002306.SZ,20260303,2.63,2.38
002307.SZ,20260303,5.73,4.69
002309.SZ,20260303,3.72,3.04
002310.SZ,20260303,2.61,2.13
002311.SZ,20260303,59.63,48.79
002312.SZ,20260303,14.83,12.13
002313.SZ,20260303,10.25,8.39
002314.SZ,20260303,2.85,2.33
002315.SZ,20260303,49.16,40.22
002316.SZ,20260303,6.14,5.02
002317.SZ,20260303,19.95,16.33
002318.SZ,20260303,38.6,31.58
002319.SZ,20260303,16.5,13.5
002320.SZ,20260303,11.21,9.17
002321.SZ,20260303,2.56,2.1
002322.SZ,20260303,15.25,12.47
002323.SZ,20260303,2.48,2.03
002324.SZ,20260303,19.53,15.98
002326.SZ,20260303,26.74,21.88
002327.SZ,20260303,7.57,6.19
002328.SZ,20260303,7.68,6.28
002329.SZ,20260303,4.17,3.41
002330.SZ,20260303,5.46,4.46
002331.SZ,20260303,9.79,8.01
002332.SZ,20260303,10.24,8.38
002333.SZ,20260303,6.56,5.36
002334.SZ,20260303,10.85,8.87
002335.SZ,20260303,68.26,55.85
002337.SZ,20260303,7.59,6.21
002338.SZ,20260303,62.54,51.17
002339.SZ,20260303,12.66,10.36
002340.SZ,20260303,10.88,8.9
002342.SZ,20260303,16.84,13.78
002343.SZ,20260303,7.65,6.26
002344.SZ,20260303,5.23,4.28
002345.SZ,20260303,12.55,10.27
002346.SZ,20260303,23.38,19.13
002347.SZ,20260303,10.59,8.67
002348.SZ,20260303,8.95,7.33
002349.SZ,20260303,8.36,6.84
002350.SZ,20260303,13.08,10.7
002351.SZ,20260303,13.31,10.89
002352.SZ,20260303,40.73,33.33
002353.SZ,20260303,137.49,112.49
002354.SZ,20260303,7.01,5.73
002355.SZ,20260303,7.65,6.26
002356.SZ,20260303,5.1,4.18
002357.SZ,20260303,16.95,13.87
002358.SZ,20260303,9.52,7.79
002360.SZ,20260303,6.2,5.08
002361.SZ,20260303,15.11,12.37
002362.SZ,20260303,23.68,19.38
002363.SZ,20260303,9.68,7.92
002364.SZ,20260303,39.23,32.09
002365.SZ,20260303,15.79,12.92
002366.SZ,20260303,8.9,7.28
002367.SZ,20260303,8.91,7.29
002368.SZ,20260303,23.95,19.59
002369.SZ,20260303,8.94,7.32
002370.SZ,20260303,7.28,5.96
002371.SZ,20260303,512.38,419.22
002372.SZ,20260303,13.46,11.02
002373.SZ,20260303,12.31,10.07
002374.SZ,20260303,3.91,3.2
002375.SZ,20260303,4.63,3.79
002376.SZ,20260303,8.37,6.85
002377.SZ,20260303,4.21,3.45
002378.SZ,20260303,48.33,39.55
002379.SZ,20260303,33.88,27.72
002380.SZ,20260303,39.31,32.17
002381.SZ,20260303,7.66,6.26
002382.SZ,20260303,6.66,5.45
002383.SZ,20260303,13.34,10.92
002384.SZ,20260303,100.13,81.93
002385.SZ,20260303,4.54,3.72
002386.SZ,20260303,6.99,5.72
002387.SZ,20260303,9.85,8.06
002388.SZ,20260303,5.83,4.77
002389.SZ,20260303,29.19,23.89
002390.SZ,20260303,3.65,2.99
002391.SZ,20260303,7.25,5.93
002392.SZ,20260303,9.01,7.37
002393.SZ,20260303,24.18,19.78
002394.SZ,20260303,17.16,14.04
002395.SZ,20260303,21.29,17.42
002396.SZ,20260303,33.44,27.36
002397.SZ,20260303,4.86,3.98
002398.SZ,20260303,6.13,5.01
002399.SZ,20260303,12.95,10.59
002400.SZ,20260303,10.88,8.9
002401.SZ,20260303,17.82,14.58
002402.SZ,20260303,38.78,31.73
002403.SZ,20260303,12.51,10.23
002404.SZ,20260303,7.61,6.23
002405.SZ,20260303,11.75,9.61
002406.SZ,20260303,8.93,7.31
002407.SZ,20260303,32.25,26.39
002408.SZ,20260303,6.77,5.54
002409.SZ,20260303,106.79,87.37
002410.SZ,20260303,14.58,11.93
002412.SZ,20260303,7.82,6.4
002413.SZ,20260303,18.0,14.72
002414.SZ,20260303,17.35,14.19
002415.SZ,20260303,34.28,28.04
002416.SZ,20260303,15.38,12.58
002418.SZ,20260303,5.43,4.45
002419.SZ,20260303,6.06,4.96
002420.SZ,20260303,9.25,7.57
002421.SZ,20260303,3.1,2.54
002422.SZ,20260303,33.22,27.18
002423.SZ,20260303,12.29,10.05
002424.SZ,20260303,5.5,4.98
002425.SZ,20260303,3.93,3.21
002426.SZ,20260303,4.63,3.79
002427.SZ,20260303,8.25,6.75
002428.SZ,20260303,50.25,41.11
002429.SZ,20260303,11.31,9.25
002430.SZ,20260303,36.73,30.05
002431.SZ,20260303,2.88,2.36
002432.SZ,20260303,53.71,43.95
002434.SZ,20260303,10.15,8.31
002436.SZ,20260303,29.01,23.73
002437.SZ,20260303,3.7,3.02
002438.SZ,20260303,20.22,16.54
002439.SZ,20260303,15.53,12.71
002440.SZ,20260303,16.37,13.39
002441.SZ,20260303,12.0,9.82
002442.SZ,20260303,7.17,5.87
002443.SZ,20260303,10.92,8.94
002444.SZ,20260303,38.16,31.22
002445.SZ,20260303,3.06,2.5
002446.SZ,20260303,12.57,10.29
002448.SZ,20260303,18.24,14.92
002449.SZ,20260303,9.41,7.7
002451.SZ,20260303,11.7,9.58
002452.SZ,20260303,12.45,10.19
002453.SZ,20260303,6.77,5.54
002454.SZ,20260303,9.92,8.12
002455.SZ,20260303,15.24,12.47
002456.SZ,20260303,10.37,8.49
002457.SZ,20260303,15.36,12.56
002458.SZ,20260303,10.88,8.9
002459.SZ,20260303,13.04,10.67
002460.SZ,20260303,79.13,64.75
002461.SZ,20260303,10.38,8.5
002462.SZ,20260303,16.83,13.77
002463.SZ,20260303,90.06,73.68
002465.SZ,20260303,20.6,16.86
002466.SZ,20260303,60.7,49.66
002467.SZ,20260303,7.93,6.49
002468.SZ,20260303,14.93,12.21
002469.SZ,20260303,10.22,8.36
002470.SZ,20260303,3.2,2.62
002471.SZ,20260303,9.81,8.03
002472.SZ,20260303,44.57,36.47
002474.SZ,20260303,9.26,7.58
002475.SZ,20260303,54.02,44.2
002476.SZ,20260303,7.57,6.19
002478.SZ,20260303,14.3,11.7
002479.SZ,20260303,6.12,5.0
002480.SZ,20260303,6.77,5.54
002481.SZ,20260303,5.4,4.42
002482.SZ,20260303,1.96,1.6
002483.SZ,20260303,8.72,7.14
002484.SZ,20260303,38.38,31.4
002485.SZ,20260303,5.61,5.07
002486.SZ,20260303,3.4,2.78
002487.SZ,20260303,76.03,62.21
002488.SZ,20260303,13.83,11.31
002489.SZ,20260303,3.97,3.25
002490.SZ,20260303,10.65,8.71
002491.SZ,20260303,12.23,10.01
002492.SZ,20260303,9.93,8.13
002493.SZ,20260303,17.62,14.42
002494.SZ,20260303,6.2,5.08
002495.SZ,20260303,2.97,2.43
002496.SZ,20260303,2.05,1.85
002497.SZ,20260303,29.67,24.27
002498.SZ,20260303,8.79,7.19
002500.SZ,20260303,6.59,5.39
002501.SZ,20260303,2.26,1.85
002506.SZ,20260303,5.16,4.22
002507.SZ,20260303,14.51,11.87
002508.SZ,20260303,22.63,18.51
002510.SZ,20260303,9.0,7.36
002511.SZ,20260303,9.78,8.0
002512.SZ,20260303,6.33,5.73
002513.SZ,20260303,7.95,6.51
002514.SZ,20260303,5.48,4.48
002515.SZ,20260303,6.5,5.32
002516.SZ,20260303,7.21,5.9
002517.SZ,20260303,24.42,19.98
002518.SZ,20260303,63.22,51.72
002519.SZ,20260303,11.02,9.02
002520.SZ,20260303,7.16,5.86
002521.SZ,20260303,9.09,7.43
002522.SZ,20260303,6.68,5.46
002523.SZ,20260303,5.01,4.1
002524.SZ,20260303,5.05,4.13
002526.SZ,20260303,4.31,3.53
002527.SZ,20260303,17.06,13.96
002528.SZ,20260303,2.97,2.69
002529.SZ,20260303,7.11,6.43
002530.SZ,20260303,10.85,8.87
002531.SZ,20260303,10.86,8.88
002532.SZ,20260303,20.27,16.59
002533.SZ,20260303,16.92,13.84
002534.SZ,20260303,22.86,18.7
002535.SZ,20260303,4.21,3.45
002536.SZ,20260303,38.12,31.19
002537.SZ,20260303,10.0,8.18
002538.SZ,20260303,8.78,7.18
002539.SZ,20260303,17.6,14.4
002540.SZ,20260303,8.45,6.91
002541.SZ,20260303,27.21,22.27
002542.SZ,20260303,3.66,3.0
002543.SZ,20260303,9.99,8.17
002544.SZ,20260303,34.83,28.49
002545.SZ,20260303,32.96,26.96
002546.SZ,20260303,11.8,9.66
002547.SZ,20260303,4.0,3.28
002548.SZ,20260303,7.59,6.21
002549.SZ,20260303,23.44,19.18
002550.SZ,20260303,8.29,6.79
002551.SZ,20260303,4.06,3.32
002552.SZ,20260303,23.43,19.17
002553.SZ,20260303,30.12,24.64
002554.SZ,20260303,5.13,4.19
002555.SZ,20260303,26.17,21.41
002556.SZ,20260303,7.4,6.06
002557.SZ,20260303,25.08,20.52
002558.SZ,20260303,40.67,33.27
002559.SZ,20260303,11.29,9.23
002560.SZ,20260303,12.1,9.9
002561.SZ,20260303,9.39,7.69
002562.SZ,20260303,8.32,6.8
002563.SZ,20260303,6.0,4.91
002564.SZ,20260303,7.98,6.53
002565.SZ,20260303,17.5,14.32
002566.SZ,20260303,9.05,7.41
002567.SZ,20260303,4.75,3.89
002568.SZ,20260303,20.78,17.0
002569.SZ,20260303,14.31,12.95
002570.SZ,20260303,6.91,5.65
002571.SZ,20260303,13.73,11.23
002572.SZ,20260303,14.95,12.23
002573.SZ,20260303,4.4,3.6
002574.SZ,20260303,6.81,5.57
002575.SZ,20260303,8.34,6.82
002576.SZ,20260303,21.1,17.26
002577.SZ,20260303,18.78,15.36
002578.SZ,20260303,5.1,4.18
002579.SZ,20260303,13.5,11.04
002580.SZ,20260303,14.52,11.88
002581.SZ,20260303,9.19,8.31
002582.SZ,20260303,12.64,10.34
002583.SZ,20260303,12.61,10.31
002584.SZ,20260303,9.59,7.85
002585.SZ,20260303,8.54,6.98
002586.SZ,20260303,5.31,4.81
002587.SZ,20260303,7.55,6.17
002588.SZ,20260303,12.19,9.97
002589.SZ,20260303,3.5,2.86
002590.SZ,20260303,15.4,12.6
002591.SZ,20260303,8.35,6.83
002592.SZ,20260303,10.04,9.08
002593.SZ,20260303,6.45,5.27
002594.SZ,20260303,106.47,87.11
002595.SZ,20260303,106.24,86.92
002596.SZ,20260303,4.54,3.72
002597.SZ,20260303,30.27,24.77
002598.SZ,20260303,10.79,8.83
002599.SZ,20260303,8.62,7.06
002600.SZ,20260303,16.54,13.54
002601.SZ,20260303,24.89,20.37
002602.SZ,20260303,19.34,15.82
002603.SZ,20260303,18.77,15.35
002605.SZ,20260303,26.39,21.59
002606.SZ,20260303,14.08,11.52
002607.SZ,20260303,3.19,2.61
002608.SZ,20260303,9.17,7.51
002609.SZ,20260303,10.4,8.51
002611.SZ,20260303,19.11,15.63
002612.SZ,20260303,19.65,16.07
002613.SZ,20260303,4.47,3.65
002614.SZ,20260303,7.39,6.05
002615.SZ,20260303,10.32,8.44
002616.SZ,20260303,6.49,5.31
002617.SZ,20260303,10.01,8.19
002620.SZ,20260303,7.06,6.38
002622.SZ,20260303,3.17,2.59
002623.SZ,20260303,29.57,24.19
002624.SZ,20260303,23.76,19.44
002625.SZ,20260303,53.48,43.76
002626.SZ,20260303,21.27,17.41
002627.SZ,20260303,9.53,7.79
002628.SZ,20260303,6.13,5.01
002629.SZ,20260303,8.11,6.63
002630.SZ,20260303,2.71,2.45
002631.SZ,20260303,6.73,5.51
002632.SZ,20260303,14.65,11.99
002633.SZ,20260303,20.01,16.37
002634.SZ,20260303,7.57,6.19
002635.SZ,20260303,16.06,13.14
002636.SZ,20260303,30.0,24.54
002637.SZ,20260303,15.95,13.05
002638.SZ,20260303,3.43,2.81
002639.SZ,20260303,23.84,19.5
002640.SZ,20260303,4.28,3.5
002641.SZ,20260303,4.91,4.01
002642.SZ,20260303,9.06,7.42
002643.SZ,20260303,19.43,15.89
002644.SZ,20260303,9.65,7.89
002645.SZ,20260303,18.9,15.46
002646.SZ,20260303,9.49,7.77
002647.SZ,20260303,10.59,9.59
002648.SZ,20260303,27.17,22.23
002649.SZ,20260303,14.47,11.84
002650.SZ,20260303,6.97,6.31
002651.SZ,20260303,12.29,10.05
002652.SZ,20260303,5.13,4.19
002653.SZ,20260303,51.04,41.76
002654.SZ,20260303,16.13,13.19
002655.SZ,20260303,19.53,15.98
002656.SZ,20260303,2.88,2.6
002657.SZ,20260303,28.86,23.62
002658.SZ,20260303,12.45,10.19
002659.SZ,20260303,6.46,5.28
002660.SZ,20260303,10.29,8.42
002661.SZ,20260303,10.22,8.36
002662.SZ,20260303,4.49,3.67
002663.SZ,20260303,2.43,1.99
002664.SZ,20260303,27.02,22.1
002666.SZ,20260303,6.28,5.14
002667.SZ,20260303,25.69,21.02
002668.SZ,20260303,10.69,8.75
002669.SZ,20260303,16.29,13.33
002670.SZ,20260303,17.05,13.95
002671.SZ,20260303,6.33,5.18
002672.SZ,20260303,5.45,4.46
002673.SZ,20260303,8.69,7.11
002674.SZ,20260303,15.36,12.56
002675.SZ,20260303,14.18,11.6
002676.SZ,20260303,8.35,6.83
002677.SZ,20260303,10.01,8.19
002678.SZ,20260303,6.51,5.33
002679.SZ,20260303,13.12,10.74
002681.SZ,20260303,6.89,5.63
002682.SZ,20260303,7.67,6.27
002683.SZ,20260303,53.38,43.68
002685.SZ,20260303,8.15,6.67
002686.SZ,20260303,7.51,6.15
002687.SZ,20260303,5.56,4.55
002688.SZ,20260303,6.67,5.45
002689.SZ,20260303,4.08,3.7
002690.SZ,20260303,21.74,17.78
002691.SZ,20260303,9.58,7.84
002692.SZ,20260303,6.17,5.05
002693.SZ,20260303,7.76,7.02
002694.SZ,20260303,3.41,2.79
002695.SZ,20260303,11.65,9.53
002696.SZ,20260303,8.37,6.85
002697.SZ,20260303,6.3,5.16
002698.SZ,20260303,17.26,14.12
002700.SZ,20260303,8.18,6.7
002701.SZ,20260303,6.12,5.0
002702.SZ,20260303,6.95,5.69
002703.SZ,20260303,26.19,21.43
002705.SZ,20260303,15.35,12.56
002706.SZ,20260303,12.6,10.31
002707.SZ,20260303,7.9,6.46
002708.SZ,20260303,14.66,12.0
002709.SZ,20260303,45.53,37.25
002712.SZ,20260303,6.24,5.1
002713.SZ,20260303,10.66,9.64
002714.SZ,20260303,51.49,42.13
002715.SZ,20260303,17.93,14.67
002716.SZ,20260303,19.11,15.63
002717.SZ,20260303,1.86,1.68
002718.SZ,20260303,74.93,61.31
002719.SZ,20260303,10.18,8.33
002721.SZ,20260303,3.7,3.02
002722.SZ,20260303,17.59,14.39
002723.SZ,20260303,10.4,8.51
002724.SZ,20260303,8.68,7.1
002725.SZ,20260303,17.48,14.3
002726.SZ,20260303,4.47,3.65
002727.SZ,20260303,14.48,11.84
002728.SZ,20260303,12.72,10.4
002729.SZ,20260303,20.43,16.71
002730.SZ,20260303,19.39,15.87
002731.SZ,20260303,8.91,8.07
002732.SZ,20260303,19.02,15.56
002733.SZ,20260303,25.61,20.95
002734.SZ,20260303,23.74,19.42
002735.SZ,20260303,20.67,16.91
002736.SZ,20260303,13.65,11.17
002737.SZ,20260303,15.11,12.37
002738.SZ,20260303,97.78,80.0
002739.SZ,20260303,11.67,9.55
002741.SZ,20260303,24.42,19.98
002742.SZ,20260303,4.53,4.09
002743.SZ,20260303,6.3,5.16
002745.SZ,20260303,9.88,8.08
002746.SZ,20260303,7.11,5.81
002747.SZ,20260303,25.06,20.5
002748.SZ,20260303,14.67,12.01
002749.SZ,20260303,15.81,12.93
002752.SZ,20260303,7.07,5.79
002753.SZ,20260303,8.48,6.94
002755.SZ,20260303,16.3,13.34
002756.SZ,20260303,72.08,58.98
002757.SZ,20260303,23.53,19.25
002758.SZ,20260303,11.94,9.77
002759.SZ,20260303,40.57,33.19
002760.SZ,20260303,27.17,22.23
002761.SZ,20260303,9.26,7.58
002762.SZ,20260303,7.02,6.36
002763.SZ,20260303,8.71,7.13
002765.SZ,20260303,12.45,10.19
002766.SZ,20260303,6.04,4.94
002767.SZ,20260303,25.31,20.71
002768.SZ,20260303,60.37,49.39
002769.SZ,20260303,12.53,10.25
002771.SZ,20260303,17.38,14.22
002772.SZ,20260303,19.92,16.3
002773.SZ,20260303,30.86,25.25
002774.SZ,20260303,12.25,10.03
002775.SZ,20260303,4.71,3.85
002777.SZ,20260303,21.11,17.27
002778.SZ,20260303,25.41,20.79
002779.SZ,20260303,102.97,84.25
002780.SZ,20260303,17.15,14.03
002782.SZ,20260303,25.75,21.07
002783.SZ,20260303,11.35,9.29
002785.SZ,20260303,53.99,44.17
002786.SZ,20260303,8.82,7.22
002787.SZ,20260303,14.74,12.06
002788.SZ,20260303,16.72,13.68
002789.SZ,20260303,10.67,9.65
002790.SZ,20260303,8.98,7.34
002791.SZ,20260303,26.55,21.73
002792.SZ,20260303,54.4,44.51
002793.SZ,20260303,5.23,4.28
002795.SZ,20260303,9.48,7.76
002796.SZ,20260303,61.44,50.27
002797.SZ,20260303,8.12,6.64
002798.SZ,20260303,7.0,5.72
002799.SZ,20260303,9.98,8.16
002800.SZ,20260303,24.89,20.37
002801.SZ,20260303,37.22,30.46
002802.SZ,20260303,14.97,12.25
002803.SZ,20260303,19.87,16.25
002805.SZ,20260303,17.88,14.63
002806.SZ,20260303,17.81,14.57
002807.SZ,20260303,5.06,4.14
002808.SZ,20260303,4.87,4.41
002809.SZ,20260303,14.63,11.97
002810.SZ,20260303,21.07,17.24
002811.SZ,20260303,17.42,14.26
002812.SZ,20260303,66.75,54.61
002813.SZ,20260303,30.15,24.67
002815.SZ,20260303,17.04,13.94
002816.SZ,20260303,24.87,22.51
002817.SZ,20260303,9.09,7.43
002818.SZ,20260303,12.67,10.37
002819.SZ,20260303,31.44,25.72
002820.SZ,20260303,12.89,10.55
002821.SZ,20260303,103.88,85.0
002822.SZ,20260303,3.6,3.26
002823.SZ,20260303,18.18,14.88
002824.SZ,20260303,24.15,19.76
002825.SZ,20260303,11.97,9.79
002826.SZ,20260303,23.13,18.93
002827.SZ,20260303,39.84,32.6
002828.SZ,20260303,16.37,13.39
002829.SZ,20260303,32.42,26.52
002830.SZ,20260303,25.25,20.66
002831.SZ,20260303,35.04,28.67
002832.SZ,20260303,18.06,14.78
002833.SZ,20260303,20.61,16.87
002835.SZ,20260303,18.27,14.95
002836.SZ,20260303,15.91,13.01
002837.SZ,20260303,122.16,99.95
002838.SZ,20260303,30.62,25.06
002839.SZ,20260303,5.04,4.12
002840.SZ,20260303,10.85,8.87
002841.SZ,20260303,41.13,33.65
002842.SZ,20260303,50.29,41.15
002843.SZ,20260303,30.58,25.02
002845.SZ,20260303,16.6,13.58
002846.SZ,20260303,16.36,13.38
002847.SZ,20260303,68.41,55.97
002848.SZ,20260303,12.55,11.35
002849.SZ,20260303,21.19,17.33
002850.SZ,20260303,179.2,146.62
002851.SZ,20260303,145.49,119.03
002852.SZ,20260303,11.81,9.67
002853.SZ,20260303,32.01,26.19
002855.SZ,20260303,16.24,13.28
002856.SZ,20260303,14.97,12.25
002857.SZ,20260303,24.08,19.7
002858.SZ,20260303,17.78,14.54
002859.SZ,20260303,46.88,38.36
002860.SZ,20260303,14.82,12.12
002861.SZ,20260303,21.29,17.42
002862.SZ,20260303,19.4,15.88
002863.SZ,20260303,6.55,5.36
002864.SZ,20260303,38.74,31.7
002865.SZ,20260303,99.33,81.27
002866.SZ,20260303,21.32,17.44
002867.SZ,20260303,13.54,11.08
002868.SZ,20260303,45.87,41.51
002869.SZ,20260303,24.09,19.71
002870.SZ,20260303,41.7,34.12
002871.SZ,20260303,24.52,20.06
002872.SZ,20260303,5.45,4.93
002873.SZ,20260303,11.36,9.3
002875.SZ,20260303,20.01,16.37
002876.SZ,20260303,31.1,25.44
002877.SZ,20260303,10.27,8.41
002878.SZ,20260303,19.21,15.71
002879.SZ,20260303,25.08,20.52
002880.SZ,20260303,33.85,27.69
002881.SZ,20260303,53.05,43.41
002882.SZ,20260303,33.95,27.77
002883.SZ,20260303,11.35,9.29
002884.SZ,20260303,19.95,16.33
002885.SZ,20260303,33.47,27.39
002886.SZ,20260303,27.24,22.28
002887.SZ,20260303,12.6,10.31
002888.SZ,20260303,23.03,18.85
002889.SZ,20260303,16.02,13.1
002890.SZ,20260303,17.64,14.44
002891.SZ,20260303,50.58,41.38
002892.SZ,20260303,13.33,10.91
002893.SZ,20260303,12.66,10.36
002895.SZ,20260303,48.13,39.38
002896.SZ,20260303,88.45,72.37
002897.SZ,20260303,76.18,62.33
002898.SZ,20260303,11.98,10.84
002899.SZ,20260303,33.88,27.72
002900.SZ,20260303,12.97,10.61
002901.SZ,20260303,52.66,43.08
002902.SZ,20260303,22.83,18.68
002903.SZ,20260303,29.79,24.37
002905.SZ,20260303,11.42,9.34
002906.SZ,20260303,35.46,29.02
002907.SZ,20260303,15.92,13.02
002908.SZ,20260303,10.9,8.92
002909.SZ,20260303,8.15,6.67
002910.SZ,20260303,12.79,10.47
002911.SZ,20260303,17.77,14.54
002912.SZ,20260303,34.98,28.62
002913.SZ,20260303,52.12,42.64
002915.SZ,20260303,24.98,20.44
002916.SZ,20260303,318.75,260.79
002917.SZ,20260303,15.55,12.73
002918.SZ,20260303,16.39,13.41
002919.SZ,20260303,28.05,22.95
002920.SZ,20260303,132.63,108.51
002921.SZ,20260303,27.61,22.59
002922.SZ,20260303,50.74,41.52
002923.SZ,20260303,16.27,13.31
002925.SZ,20260303,25.51,20.87
002926.SZ,20260303,9.78,8.0
002927.SZ,20260303,22.69,18.57
002928.SZ,20260303,11.2,9.16
002929.SZ,20260303,52.64,43.07
002930.SZ,20260303,15.02,12.29
002931.SZ,20260303,90.98,74.44
002932.SZ,20260303,20.17,16.51
002933.SZ,20260303,40.5,33.14
002935.SZ,20260303,23.78,19.46
002936.SZ,20260303,2.13,1.75
002937.SZ,20260303,29.68,24.28
002938.SZ,20260303,63.23,51.73
002939.SZ,20260303,10.78,8.82
002940.SZ,20260303,33.97,27.79
002941.SZ,20260303,18.07,14.79
002942.SZ,20260303,24.22,19.82
002943.SZ,20260303,71.15,58.21
002945.SZ,20260303,20.14,16.48
002946.SZ,20260303,21.07,17.24
002947.SZ,20260303,52.7,43.12
002948.SZ,20260303,5.91,4.83
002949.SZ,20260303,16.58,13.56
002950.SZ,20260303,11.87,9.71
002951.SZ,20260303,16.68,13.64
002952.SZ,20260303,24.43,19.99
002953.SZ,20260303,14.31,11.71
002955.SZ,20260303,29.21,23.9
002956.SZ,20260303,29.28,23.96
002957.SZ,20260303,31.67,25.91
002958.SZ,20260303,3.47,2.84
002959.SZ,20260303,46.74,38.24
002960.SZ,20260303,12.55,10.27
002961.SZ,20260303,28.37,23.21
002962.SZ,20260303,16.8,13.74
002963.SZ,20260303,17.66,14.45
002965.SZ,20260303,38.46,31.46
002966.SZ,20260303,9.1,7.44
002967.SZ,20260303,25.8,21.11
002968.SZ,20260303,14.14,11.57
002969.SZ,20260303,24.31,19.89
002970.SZ,20260303,87.93,71.95
002971.SZ,20260303,37.13,30.38
002972.SZ,20260303,13.53,11.07
002973.SZ,20260303,16.67,13.64
002975.SZ,20260303,87.59,71.67
002976.SZ,20260303,30.37,24.85
002977.SZ,20260303,36.22,29.64
002978.SZ,20260303,46.94,38.4
002979.SZ,20260303,41.68,34.1
002980.SZ,20260303,35.06,28.68
002981.SZ,20260303,32.85,26.87
002982.SZ,20260303,15.85,12.97
002983.SZ,20260303,26.7,21.84
002984.SZ,20260303,22.12,18.1
002985.SZ,20260303,45.31,37.07
002986.SZ,20260303,15.64,12.8
002987.SZ,20260303,20.26,16.58
002988.SZ,20260303,38.36,31.38
002989.SZ,20260303,33.95,27.77
002990.SZ,20260303,29.19,23.89
002991.SZ,20260303,60.86,49.8
002992.SZ,20260303,61.36,50.2
002993.SZ,20260303,51.3,41.98
002995.SZ,20260303,26.9,22.01
002996.SZ,20260303,8.94,7.32
002997.SZ,20260303,37.25,30.47
002998.SZ,20260303,9.76,7.98
002999.SZ,20260303,8.4,6.88
003000.SZ,20260303,12.16,9.95
003001.SZ,20260303,21.25,17.39
003002.SZ,20260303,29.93,24.49
003003.SZ,20260303,15.17,12.41
003004.SZ,20260303,29.63,26.81
003005.SZ,20260303,22.14,18.12
003006.SZ,20260303,22.03,18.03
003007.SZ,20260303,50.93,41.67
003008.SZ,20260303,26.29,21.51
003009.SZ,20260303,82.64,67.62
003010.SZ,20260303,32.51,26.6
003011.SZ,20260303,28.62,23.42
003012.SZ,20260303,7.89,6.45
003013.SZ,20260303,16.04,13.12
003015.SZ,20260303,19.26,15.76
003016.SZ,20260303,9.41,7.7
003017.SZ,20260303,37.8,30.92
003018.SZ,20260303,28.71,23.49
003019.SZ,20260303,34.85,28.51
003020.SZ,20260303,27.23,22.28
003021.SZ,20260303,127.18,104.06
003022.SZ,20260303,23.45,19.19
003023.SZ,20260303,25.27,20.67
003025.SZ,20260303,15.96,13.06
003026.SZ,20260303,37.15,30.39
003027.SZ,20260303,24.7,20.21
003028.SZ,20260303,33.88,27.72
003029.SZ,20260303,26.96,22.06
003030.SZ,20260303,23.05,18.86
003031.SZ,20260303,88.0,72.0
003032.SZ,20260303,7.11,6.43
003033.SZ,20260303,68.23,55.83
003035.SZ,20260303,9.16,7.5
003036.SZ,20260303,19.25,15.75
003037.SZ,20260303,8.49,6.95
003038.SZ,20260303,19.54,15.98
003039.SZ,20260303,18.21,14.9
003040.SZ,20260303,19.67,16.09
003041.SZ,20260303,61.58,50.38
003042.SZ,20260303,20.26,16.58
003043.SZ,20260303,59.49,48.67
003816.SZ,20260303,4.47,3.65
159001.SZ,20260303,110.0,90.0
159003.SZ,20260303,110.001,90.001
159005.SZ,20260303,110.0,90.0
159100.SZ,20260303,1.384,1.132
159101.SZ,20260303,0.917,0.751
159102.SZ,20260303,0.884,0.724
159103.SZ,20260303,0.964,0.788
159105.SZ,20260303,1.004,0.822
159106.SZ,20260303,1.179,0.965
159107.SZ,20260303,1.186,0.79
159108.SZ,20260303,1.191,0.975
159109.SZ,20260303,0.978,0.8
159110.SZ,20260303,110.879,90.719
159111.SZ,20260303,110.88,90.72
159112.SZ,20260303,110.8,90.654
159113.SZ,20260303,110.809,90.662
159115.SZ,20260303,110.793,90.649
159116.SZ,20260303,110.919,90.752
159117.SZ,20260303,1.191,0.975
159118.SZ,20260303,1.137,0.931
159119.SZ,20260303,1.263,1.033
159120.SZ,20260303,0.905,0.741
159121.SZ,20260303,1.024,0.838
159122.SZ,20260303,1.22,0.814
159123.SZ,20260303,1.315,1.076
159125.SZ,20260303,0.89,0.728
159126.SZ,20260303,1.049,0.859
159127.SZ,20260303,1.085,0.887
159128.SZ,20260303,0.902,0.738
159129.SZ,20260303,1.412,1.156
159130.SZ,20260303,1.003,0.821
159131.SZ,20260303,0.961,0.787
159132.SZ,20260303,1.04,0.851
159133.SZ,20260303,1.452,1.188
159135.SZ,20260303,0.963,0.788
159136.SZ,20260303,1.107,0.905
159137.SZ,20260303,1.029,0.842
159138.SZ,20260303,1.225,1.003
159139.SZ,20260303,1.394,0.93
159140.SZ,20260303,1.402,0.934
159141.SZ,20260303,1.34,0.894
159142.SZ,20260303,1.36,0.906
159143.SZ,20260303,1.183,0.968
159145.SZ,20260303,1.043,0.853
159146.SZ,20260303,1.173,0.959
159147.SZ,20260303,1.06,0.868
159148.SZ,20260303,1.319,1.079
159149.SZ,20260303,1.17,0.78
159150.SZ,20260303,1.645,1.346
159151.SZ,20260303,1.073,0.878
159152.SZ,20260303,0.927,0.759
159153.SZ,20260303,1.141,0.933
159155.SZ,20260303,1.052,0.86
159156.SZ,20260303,1.135,0.929
159157.SZ,20260303,1.221,0.999
159158.SZ,20260303,1.159,0.949
159159.SZ,20260303,1.163,0.951
159162.SZ,20260303,1.205,0.986
159163.SZ,20260303,1.108,0.906
159165.SZ,20260303,1.1,0.9
159167.SZ,20260303,1.018,0.833
159168.SZ,20260303,1.271,1.04
159200.SZ,20260303,110.696,90.57
159201.SZ,20260303,1.538,1.258
159202.SZ,20260303,1.064,0.87
159203.SZ,20260303,1.481,1.211
159205.SZ,20260303,1.922,1.282
159206.SZ,20260303,2.126,1.74
159207.SZ,20260303,1.323,1.083
159208.SZ,20260303,1.766,1.445
159209.SZ,20260303,1.43,1.17
159210.SZ,20260303,1.103,0.903
159211.SZ,20260303,1.531,1.253
159212.SZ,20260303,1.544,1.264
159213.SZ,20260303,1.404,1.148
159215.SZ,20260303,1.472,1.204
159216.SZ,20260303,1.568,1.283
159217.SZ,20260303,1.341,1.097
159218.SZ,20260303,2.246,1.838
159219.SZ,20260303,1.456,1.192
159220.SZ,20260303,0.699,0.572
159221.SZ,20260303,1.535,1.256
159222.SZ,20260303,1.632,1.336
159223.SZ,20260303,1.493,1.221
159225.SZ,20260303,1.601,1.31
159226.SZ,20260303,1.443,1.181
159227.SZ,20260303,1.727,1.413
159228.SZ,20260303,1.174,0.96
159229.SZ,20260303,1.527,1.249
159230.SZ,20260303,1.546,1.265
159231.SZ,20260303,0.806,0.66
159232.SZ,20260303,1.562,1.278
159233.SZ,20260303,1.52,1.244
159235.SZ,20260303,1.575,1.289
159236.SZ,20260303,1.538,1.258
159237.SZ,20260303,1.152,0.942
159238.SZ,20260303,1.422,1.164
159239.SZ,20260303,1.074,0.878
159240.SZ,20260303,1.456,1.192
159241.SZ,20260303,1.762,1.442
159242.SZ,20260303,2.288,1.526
159243.SZ,20260303,1.374,0.916
159245.SZ,20260303,1.067,0.873
159246.SZ,20260303,1.283,0.855
159247.SZ,20260303,1.187,0.791
159248.SZ,20260303,1.72,1.408
159249.SZ,20260303,1.487,1.217
159251.SZ,20260303,0.954,0.78
159253.SZ,20260303,1.019,0.833
159255.SZ,20260303,1.394,1.14
159256.SZ,20260303,1.307,0.871
159257.SZ,20260303,1.403,1.148
159258.SZ,20260303,1.308,1.07
159259.SZ,20260303,1.254,1.026
159260.SZ,20260303,1.0,0.818
159261.SZ,20260303,1.904,1.27
159262.SZ,20260303,1.042,0.852
159263.SZ,20260303,1.348,1.103
159265.SZ,20260303,1.082,0.886
159266.SZ,20260303,1.152,0.942
159267.SZ,20260303,1.475,1.207
159268.SZ,20260303,1.044,0.854
159269.SZ,20260303,1.009,0.825
159270.SZ,20260303,1.474,0.982
159271.SZ,20260303,1.108,0.906
159272.SZ,20260303,1.008,0.824
159273.SZ,20260303,1.511,1.237
159275.SZ,20260303,1.103,0.903
159276.SZ,20260303,1.431,1.171
159277.SZ,20260303,1.123,0.919
159278.SZ,20260303,1.192,0.976
159279.SZ,20260303,1.548,1.032
159280.SZ,20260303,0.912,0.746
159281.SZ,20260303,1.147,0.939
159283.SZ,20260303,1.453,1.189
159285.SZ,20260303,1.046,0.856
159286.SZ,20260303,0.855,0.699
159287.SZ,20260303,1.382,0.922
159288.SZ,20260303,1.283,0.855
159289.SZ,20260303,1.342,0.894
159290.SZ,20260303,1.368,0.912
159291.SZ,20260303,1.398,0.932
159292.SZ,20260303,1.434,0.956
159293.SZ,20260303,1.236,0.824
159295.SZ,20260303,1.312,0.874
159296.SZ,20260303,1.133,0.927
159297.SZ,20260303,0.832,0.68
159298.SZ,20260303,1.362,0.908
159299.SZ,20260303,0.999,0.817
159300.SZ,20260303,5.508,4.506
159301.SZ,20260303,1.114,0.912
159302.SZ,20260303,1.495,1.223
159303.SZ,20260303,1.802,1.474
159305.SZ,20260303,2.174,1.778
159306.SZ,20260303,1.605,1.313
159307.SZ,20260303,1.203,0.985
159309.SZ,20260303,1.851,1.515
159310.SZ,20260303,2.54,2.078
159311.SZ,20260303,1.477,1.209
159312.SZ,20260303,1.351,1.105
159315.SZ,20260303,2.57,2.102
159316.SZ,20260303,1.344,1.1
159318.SZ,20260303,1.507,1.233
159320.SZ,20260303,2.408,1.97
159321.SZ,20260303,2.409,1.971
159322.SZ,20260303,2.525,2.066
159323.SZ,20260303,1.387,1.135
159325.SZ,20260303,1.822,1.49
159326.SZ,20260303,2.208,1.806
159327.SZ,20260303,2.45,2.004
159328.SZ,20260303,1.251,1.023
159329.SZ,20260303,0.996,0.815
159330.SZ,20260303,1.598,1.308
159331.SZ,20260303,1.489,1.219
159332.SZ,20260303,1.414,1.157
159333.SZ,20260303,1.635,1.337
159335.SZ,20260303,1.778,1.454
159336.SZ,20260303,1.437,1.175
159337.SZ,20260303,2.133,1.745
159338.SZ,20260303,1.392,1.139
159339.SZ,20260303,1.4,1.146
159350.SZ,20260303,1.612,1.319
159351.SZ,20260303,1.399,1.145
159352.SZ,20260303,1.448,1.184
159353.SZ,20260303,1.407,1.151
159355.SZ,20260303,1.178,0.964
159356.SZ,20260303,1.453,1.189
159357.SZ,20260303,1.458,1.193
159358.SZ,20260303,1.481,1.211
159359.SZ,20260303,1.46,1.194
159360.SZ,20260303,1.482,1.212
159361.SZ,20260303,1.417,1.159
159362.SZ,20260303,1.471,1.203
159363.SZ,20260303,1.361,0.907
159365.SZ,20260303,1.151,0.941
159366.SZ,20260303,1.541,1.261
159367.SZ,20260303,1.944,1.296
159368.SZ,20260303,1.813,1.209
159369.SZ,20260303,1.57,1.046
159370.SZ,20260303,2.042,1.362
159371.SZ,20260303,1.93,1.286
159372.SZ,20260303,2.059,1.373
159373.SZ,20260303,1.974,1.316
159375.SZ,20260303,2.057,1.371
159376.SZ,20260303,1.518,1.242
159377.SZ,20260303,1.322,0.882
159378.SZ,20260303,1.67,1.366
159379.SZ,20260303,1.51,1.236
159380.SZ,20260303,1.53,1.252
159381.SZ,20260303,2.572,1.714
159382.SZ,20260303,2.909,1.939
159383.SZ,20260303,1.92,1.28
159385.SZ,20260303,1.73,1.416
159386.SZ,20260303,1.47,1.202
159387.SZ,20260303,2.009,1.339
159388.SZ,20260303,1.115,0.743
159389.SZ,20260303,1.724,1.41
159390.SZ,20260303,1.348,1.103
159391.SZ,20260303,1.23,1.006
159392.SZ,20260303,1.509,1.235
159393.SZ,20260303,5.397,4.415
159395.SZ,20260303,112.041,91.67
159396.SZ,20260303,111.936,91.584
159397.SZ,20260303,111.76,91.44
159398.SZ,20260303,111.161,90.95
159399.SZ,20260303,1.346,1.102
159400.SZ,20260303,110.798,90.653
159500.SZ,20260303,1.386,1.134
159501.SZ,20260303,1.84,1.506
159502.SZ,20260303,1.406,1.15
159505.SZ,20260303,1.877,1.535
159506.SZ,20260303,1.449,1.185
159507.SZ,20260303,2.507,2.051
159508.SZ,20260303,0.864,0.707
159509.SZ,20260303,2.258,1.848
159510.SZ,20260303,1.43,1.17
159511.SZ,20260303,2.314,1.894
159512.SZ,20260303,1.557,1.274
159513.SZ,20260303,1.624,1.328
159515.SZ,20260303,1.333,1.091
159516.SZ,20260303,2.056,1.682
159517.SZ,20260303,1.546,1.265
159518.SZ,20260303,1.274,1.042
159519.SZ,20260303,1.916,1.568
159520.SZ,20260303,1.114,0.912
159521.SZ,20260303,1.54,1.26
159523.SZ,20260303,1.436,1.175
159525.SZ,20260303,1.216,0.995
159526.SZ,20260303,1.707,1.397
159527.SZ,20260303,2.552,2.088
159528.SZ,20260303,1.429,1.169
159529.SZ,20260303,1.498,1.226
159530.SZ,20260303,1.683,1.377
159531.SZ,20260303,1.708,1.398
159532.SZ,20260303,1.933,1.581
159533.SZ,20260303,2.257,1.847
159535.SZ,20260303,1.74,1.424
159536.SZ,20260303,1.731,1.417
159537.SZ,20260303,1.862,1.524
159538.SZ,20260303,1.871,1.531
159539.SZ,20260303,1.86,1.522
159540.SZ,20260303,1.958,1.602
159541.SZ,20260303,1.924,1.282
159542.SZ,20260303,1.8,1.472
159543.SZ,20260303,1.711,1.4
159545.SZ,20260303,1.667,1.364
159546.SZ,20260303,2.252,1.842
159547.SZ,20260303,1.343,1.099
159549.SZ,20260303,1.361,1.113
159550.SZ,20260303,1.091,0.893
159551.SZ,20260303,1.508,1.234
159552.SZ,20260303,2.449,2.003
159553.SZ,20260303,2.24,1.832
159555.SZ,20260303,1.998,1.634
159556.SZ,20260303,1.494,1.222
159557.SZ,20260303,1.624,1.328
159558.SZ,20260303,2.415,1.976
159559.SZ,20260303,1.511,1.237
159560.SZ,20260303,2.042,1.67
159561.SZ,20260303,1.557,1.274
159562.SZ,20260303,3.4,2.782
159563.SZ,20260303,2.231,1.487
159565.SZ,20260303,1.795,1.469
159566.SZ,20260303,2.459,2.012
159567.SZ,20260303,0.798,0.653
159568.SZ,20260303,1.613,1.319
159569.SZ,20260303,1.608,1.316
159570.SZ,20260303,1.643,1.345
159571.SZ,20260303,1.912,1.274
159572.SZ,20260303,1.896,1.264
159573.SZ,20260303,1.907,1.271
159575.SZ,20260303,1.865,1.243
159576.SZ,20260303,1.648,1.348
159577.SZ,20260303,1.548,1.266
159578.SZ,20260303,1.328,1.086
159581.SZ,20260303,1.231,1.007
159582.SZ,20260303,2.835,2.319
159583.SZ,20260303,1.564,1.28
159586.SZ,20260303,1.528,1.25
159587.SZ,20260303,1.661,1.359
159588.SZ,20260303,1.66,1.358
159589.SZ,20260303,1.258,1.03
159590.SZ,20260303,1.272,1.04
159591.SZ,20260303,1.474,1.206
159592.SZ,20260303,1.454,1.19
159593.SZ,20260303,1.478,1.21
159595.SZ,20260303,1.475,1.207
159596.SZ,20260303,0.702,0.574
159597.SZ,20260303,2.579,1.719
159599.SZ,20260303,2.527,2.067
159600.SZ,20260303,110.316,90.258
159601.SZ,20260303,1.162,0.95
159602.SZ,20260303,1.12,0.916
159603.SZ,20260303,1.747,1.165
159605.SZ,20260303,1.025,0.839
159606.SZ,20260303,1.484,1.214
159607.SZ,20260303,1.023,0.837
159608.SZ,20260303,1.533,1.255
159609.SZ,20260303,0.724,0.592
159610.SZ,20260303,1.394,1.14
159611.SZ,20260303,1.219,0.997
159612.SZ,20260303,2.042,1.67
159613.SZ,20260303,1.155,0.945
159615.SZ,20260303,1.22,0.998
159616.SZ,20260303,1.077,0.881
159617.SZ,20260303,1.659,1.357
159618.SZ,20260303,0.985,0.806
159619.SZ,20260303,1.254,1.026
159620.SZ,20260303,1.451,1.187
159621.SZ,20260303,1.282,1.049
159622.SZ,20260303,1.147,0.939
159623.SZ,20260303,1.163,0.951
159625.SZ,20260303,1.416,1.158
159627.SZ,20260303,1.471,1.203
159628.SZ,20260303,1.661,1.359
159629.SZ,20260303,3.821,3.127
159630.SZ,20260303,1.54,1.26
159631.SZ,20260303,1.409,1.153
159632.SZ,20260303,2.197,1.797
159633.SZ,20260303,3.913,3.201
159635.SZ,20260303,1.332,1.09
159636.SZ,20260303,0.647,0.529
159637.SZ,20260303,1.026,0.84
159638.SZ,20260303,1.343,1.099
159639.SZ,20260303,1.241,1.015
159640.SZ,20260303,1.227,1.004
159641.SZ,20260303,1.3,1.064
159642.SZ,20260303,1.23,1.006
159643.SZ,20260303,0.631,0.517
159645.SZ,20260303,0.716,0.586
159647.SZ,20260303,1.064,0.87
159649.SZ,20260303,119.964,98.152
159650.SZ,20260303,118.412,96.882
159651.SZ,20260303,117.81,96.39
159652.SZ,20260303,2.372,1.94
159653.SZ,20260303,1.357,1.111
159655.SZ,20260303,1.927,1.577
159656.SZ,20260303,1.278,1.046
159657.SZ,20260303,0.694,0.568
159658.SZ,20260303,1.777,1.454
159659.SZ,20260303,2.093,1.713
159660.SZ,20260303,2.125,1.739
159661.SZ,20260303,1.584,1.296
159662.SZ,20260303,1.186,0.97
159663.SZ,20260303,2.164,1.77
159665.SZ,20260303,2.204,1.804
159666.SZ,20260303,1.176,0.962
159667.SZ,20260303,2.193,1.795
159669.SZ,20260303,1.294,1.058
159670.SZ,20260303,1.03,0.842
159671.SZ,20260303,1.87,1.53
159672.SZ,20260303,0.795,0.651
159673.SZ,20260303,1.425,1.166
159675.SZ,20260303,1.624,1.082
159676.SZ,20260303,1.786,1.19
159677.SZ,20260303,1.738,1.422
159678.SZ,20260303,1.772,1.45
159679.SZ,20260303,1.564,1.28
159680.SZ,20260303,1.912,1.564
159681.SZ,20260303,1.818,1.212
159682.SZ,20260303,1.799,1.199
159685.SZ,20260303,1.775,1.453
159686.SZ,20260303,1.43,1.17
159687.SZ,20260303,1.891,1.547
159688.SZ,20260303,1.03,0.842
159689.SZ,20260303,0.799,0.653
159690.SZ,20260303,2.858,2.338
159691.SZ,20260303,1.544,1.264
159692.SZ,20260303,1.394,1.14
159695.SZ,20260303,2.751,2.251
159696.SZ,20260303,1.818,1.488
159697.SZ,20260303,1.769,1.447
159698.SZ,20260303,1.283,1.049
159699.SZ,20260303,1.165,0.953
159700.SZ,20260303,110.174,90.142
159701.SZ,20260303,1.311,1.073
159703.SZ,20260303,1.022,0.836
159706.SZ,20260303,0.99,0.81
159707.SZ,20260303,0.692,0.566
159708.SZ,20260303,1.001,0.819
159709.SZ,20260303,1.647,1.347
159711.SZ,20260303,1.5,1.228
159712.SZ,20260303,1.385,1.133
159713.SZ,20260303,1.824,1.492
159715.SZ,20260303,1.672,1.368
159716.SZ,20260303,1.184,0.968
159717.SZ,20260303,1.194,0.977
159718.SZ,20260303,0.967,0.791
159719.SZ,20260303,1.899,1.553
159720.SZ,20260303,0.926,0.758
159721.SZ,20260303,1.125,0.921
159723.SZ,20260303,1.111,0.909
159725.SZ,20260303,1.108,0.906
159726.SZ,20260303,1.528,1.25
159728.SZ,20260303,1.112,0.91
159729.SZ,20260303,0.944,0.772
159730.SZ,20260303,1.205,0.986
159731.SZ,20260303,1.232,1.008
159732.SZ,20260303,1.302,1.066
159735.SZ,20260303,0.902,0.738
159736.SZ,20260303,0.73,0.598
159738.SZ,20260303,2.154,1.762
159739.SZ,20260303,1.924,1.574
159740.SZ,20260303,0.703,0.575
159741.SZ,20260303,0.702,0.574
159742.SZ,20260303,0.722,0.59
159743.SZ,20260303,1.521,1.245
159745.SZ,20260303,0.823,0.673
159747.SZ,20260303,1.37,1.121
159748.SZ,20260303,0.81,0.662
159750.SZ,20260303,1.008,0.824
159751.SZ,20260303,1.04,0.851
159752.SZ,20260303,0.787,0.644
159755.SZ,20260303,1.211,0.991
159757.SZ,20260303,1.003,0.821
159758.SZ,20260303,1.221,0.999
159760.SZ,20260303,0.642,0.526
159761.SZ,20260303,0.897,0.734
159763.SZ,20260303,0.821,0.671
159766.SZ,20260303,0.826,0.676
159767.SZ,20260303,0.986,0.806
159768.SZ,20260303,0.62,0.508
159770.SZ,20260303,1.208,0.988
159773.SZ,20260303,1.516,1.01
159775.SZ,20260303,1.005,0.823
159776.SZ,20260303,1.289,1.055
159777.SZ,20260303,1.427,0.951
159778.SZ,20260303,1.285,1.051
159779.SZ,20260303,1.32,1.08
159780.SZ,20260303,1.13,0.754
159781.SZ,20260303,1.133,0.755
159782.SZ,20260303,1.134,0.756
159783.SZ,20260303,1.138,0.758
159786.SZ,20260303,1.293,1.058
159787.SZ,20260303,0.904,0.74
159788.SZ,20260303,1.418,1.16
159790.SZ,20260303,0.883,0.723
159791.SZ,20260303,1.228,1.004
159792.SZ,20260303,0.816,0.668
159793.SZ,20260303,1.108,0.906
159795.SZ,20260303,1.233,1.009
159796.SZ,20260303,1.064,0.87
159797.SZ,20260303,0.855,0.699
159798.SZ,20260303,1.011,0.827
159800.SZ,20260303,1.619,1.325
159801.SZ,20260303,1.054,0.862
159804.SZ,20260303,1.966,1.31
159805.SZ,20260303,1.725,1.411
159806.SZ,20260303,0.901,0.737
159807.SZ,20260303,0.838,0.686
159808.SZ,20260303,1.52,1.014
159810.SZ,20260303,1.583,1.055
159811.SZ,20260303,2.698,2.208
159812.SZ,20260303,12.497,10.225
159813.SZ,20260303,1.361,1.113
159814.SZ,20260303,0.796,0.53
159816.SZ,20260303,125.649,102.803
159819.SZ,20260303,1.761,1.441
159820.SZ,20260303,1.621,1.327
159821.SZ,20260303,1.482,0.988
159822.SZ,20260303,0.741,0.607
159824.SZ,20260303,1.378,1.128
159825.SZ,20260303,0.964,0.788
159827.SZ,20260303,1.032,0.844
159828.SZ,20260303,0.475,0.389
159830.SZ,20260303,13.085,10.706
159831.SZ,20260303,12.669,10.365
159834.SZ,20260303,13.085,10.706
159835.SZ,20260303,0.685,0.561
159836.SZ,20260303,1.494,0.996
159837.SZ,20260303,0.536,0.438
159838.SZ,20260303,0.622,0.509
159839.SZ,20260303,0.388,0.318
159840.SZ,20260303,0.969,0.793
159841.SZ,20260303,1.153,0.943
159842.SZ,20260303,1.205,0.986
159843.SZ,20260303,0.669,0.547
159845.SZ,20260303,3.839,3.141
159847.SZ,20260303,0.451,0.369
159848.SZ,20260303,1.01,0.826
159849.SZ,20260303,0.552,0.452
159850.SZ,20260303,0.944,0.772
159851.SZ,20260303,0.905,0.741
159852.SZ,20260303,0.987,0.807
159855.SZ,20260303,1.102,0.902
159856.SZ,20260303,0.792,0.648
159857.SZ,20260303,1.063,0.869
159858.SZ,20260303,0.701,0.573
159859.SZ,20260303,0.417,0.341
159861.SZ,20260303,1.37,1.121
159862.SZ,20260303,0.68,0.556
159863.SZ,20260303,0.825,0.675
159864.SZ,20260303,0.814,0.666
159865.SZ,20260303,0.697,0.571
159866.SZ,20260303,1.67,1.366
159867.SZ,20260303,0.707,0.579
159869.SZ,20260303,1.615,1.321
159870.SZ,20260303,1.079,0.883
159871.SZ,20260303,1.385,1.133
159872.SZ,20260303,1.146,0.938
159873.SZ,20260303,0.658,0.538
159875.SZ,20260303,0.805,0.659
159876.SZ,20260303,1.423,1.165
159877.SZ,20260303,0.655,0.536
159880.SZ,20260303,2.789,2.282
159881.SZ,20260303,2.648,2.166
159883.SZ,20260303,0.557,0.455
159885.SZ,20260303,0.905,0.741
159886.SZ,20260303,1.216,0.995
159887.SZ,20260303,1.388,1.136
159888.SZ,20260303,1.445,1.183
159889.SZ,20260303,1.245,1.019
159890.SZ,20260303,2.052,1.679
159891.SZ,20260303,0.494,0.404
159892.SZ,20260303,0.847,0.693
159895.SZ,20260303,1.419,1.161
159896.SZ,20260303,1.32,1.08
159898.SZ,20260303,0.609,0.499
159899.SZ,20260303,1.008,0.824
159901.SZ,20260303,3.842,3.144
159902.SZ,20260303,5.151,4.215
159903.SZ,20260303,1.931,1.58
159905.SZ,20260303,2.087,1.707
159906.SZ,20260303,1.76,1.44
159907.SZ,20260303,1.273,1.041
159908.SZ,20260303,3.665,2.443
159909.SZ,20260303,1.238,1.013
159910.SZ,20260303,2.779,2.273
159912.SZ,20260303,2.154,1.762
159913.SZ,20260303,2.851,2.333
159915.SZ,20260303,3.938,2.626
159916.SZ,20260303,5.867,4.801
159918.SZ,20260303,2.977,2.435
159919.SZ,20260303,5.429,4.442
159920.SZ,20260303,1.705,1.395
159922.SZ,20260303,3.818,3.124
159923.SZ,20260303,2.439,1.995
159925.SZ,20260303,5.237,4.285
159928.SZ,20260303,0.845,0.691
159929.SZ,20260303,1.462,1.196
159930.SZ,20260303,2.0,1.636
159931.SZ,20260303,2.088,1.708
159933.SZ,20260303,3.202,2.62
159934.SZ,20260303,13.11,10.726
159935.SZ,20260303,2.983,2.441
159936.SZ,20260303,2.396,1.96
159937.SZ,20260303,12.517,10.241
159938.SZ,20260303,0.707,0.579
159939.SZ,20260303,1.052,0.86
159940.SZ,20260303,1.356,1.11
159941.SZ,20260303,1.471,1.203
159943.SZ,20260303,1.735,1.419
159944.SZ,20260303,2.061,1.687
159945.SZ,20260303,1.652,1.352
159948.SZ,20260303,4.357,2.905
159949.SZ,20260303,1.853,1.235
159952.SZ,20260303,2.392,1.594
159954.SZ,20260303,1.07,0.876
159956.SZ,20260303,2.498,1.666
159957.SZ,20260303,2.59,1.726
159958.SZ,20260303,2.386,1.59
159959.SZ,20260303,1.906,1.56
159960.SZ,20260303,0.947,0.775
159961.SZ,20260303,2.349,1.922
159964.SZ,20260303,2.573,1.715
159965.SZ,20260303,1.824,1.492
159966.SZ,20260303,0.714,0.476
159967.SZ,20260303,0.749,0.499
159968.SZ,20260303,12.142,9.934
159969.SZ,20260303,1.653,1.353
159970.SZ,20260303,1.102,0.902
159971.SZ,20260303,1.372,0.914
159972.SZ,20260303,129.591,106.029
159973.SZ,20260303,2.028,1.66
159974.SZ,20260303,2.179,1.783
159975.SZ,20260303,0.809,0.662
159976.SZ,20260303,1.452,1.188
159977.SZ,20260303,2.053,1.369
159980.SZ,20260303,2.379,1.947
159981.SZ,20260303,1.492,1.22
159982.SZ,20260303,2.493,2.039
159985.SZ,20260303,2.237,1.831
159991.SZ,20260303,0.912,0.608
159992.SZ,20260303,0.882,0.722
159993.SZ,20260303,1.361,1.113
159994.SZ,20260303,1.099,0.899
159995.SZ,20260303,2.125,1.739
159996.SZ,20260303,1.706,1.396
159997.SZ,20260303,1.922,1.572
159998.SZ,20260303,1.191,0.975
160105.SZ,20260303,1.414,1.157
160106.SZ,20260303,1.73,1.416
160119.SZ,20260303,2.644,2.164
160125.SZ,20260303,2.004,1.64
160127.SZ,20260303,0.912,0.746
160128.SZ,20260303,1.124,0.92
160133.SZ,20260303,4.785,3.915
160135.SZ,20260303,1.22,0.998
160140.SZ,20260303,1.517,1.241
160142.SZ,20260303,1.316,1.076
160143.SZ,20260303,1.674,1.116
160211.SZ,20260303,3.667,3.001
160212.SZ,20260303,5.235,4.283
160215.SZ,20260303,3.175,2.597
160216.SZ,20260303,0.886,0.725
160218.SZ,20260303,0.767,0.627
160219.SZ,20260303,0.609,0.499
160220.SZ,20260303,3.554,2.908
160221.SZ,20260303,3.232,2.644
160222.SZ,20260303,0.825,0.675
160223.SZ,20260303,2.189,1.459
160225.SZ,20260303,2.201,1.801
160311.SZ,20260303,1.826,1.494
160314.SZ,20260303,1.574,1.288
160322.SZ,20260303,1.287,1.053
160323.SZ,20260303,1.953,1.598
160324.SZ,20260303,2.292,1.876
160325.SZ,20260303,1.615,1.077
160326.SZ,20260303,0.941,0.77
160416.SZ,20260303,2.89,2.364
160421.SZ,20260303,2.572,2.104
160505.SZ,20260303,1.387,1.135
160512.SZ,20260303,2.716,2.222
160513.SZ,20260303,2.43,1.988
160515.SZ,20260303,1.129,0.923
160518.SZ,20260303,2.925,2.393
160526.SZ,20260303,1.485,1.215
160527.SZ,20260303,1.037,0.849
160529.SZ,20260303,1.64,1.094
160607.SZ,20260303,0.886,0.725
160610.SZ,20260303,1.289,1.055
160611.SZ,20260303,1.728,1.414
160613.SZ,20260303,1.388,1.136
160615.SZ,20260303,1.547,1.265
160616.SZ,20260303,2.739,2.241
160617.SZ,20260303,1.233,1.009
160618.SZ,20260303,1.783,1.459
160620.SZ,20260303,3.871,3.167
160621.SZ,20260303,1.606,1.314
160622.SZ,20260303,1.265,1.035
160625.SZ,20260303,1.003,0.821
160626.SZ,20260303,1.537,1.257
160628.SZ,20260303,0.674,0.552
160629.SZ,20260303,1.532,1.254
160630.SZ,20260303,1.493,1.221
160631.SZ,20260303,1.439,1.177
160632.SZ,20260303,0.353,0.289
160633.SZ,20260303,1.25,1.022
160635.SZ,20260303,0.99,0.81
160637.SZ,20260303,1.818,1.212
160638.SZ,20260303,3.604,2.948
160639.SZ,20260303,1.037,0.849
160641.SZ,20260303,112.756,92.255
160642.SZ,20260303,2.399,1.963
160643.SZ,20260303,1.78,1.456
160644.SZ,20260303,1.783,1.459
160706.SZ,20260303,1.316,1.076
160716.SZ,20260303,2.329,1.905
160717.SZ,20260303,0.838,0.686
160719.SZ,20260303,2.681,2.193
160722.SZ,20260303,2.254,1.844
160723.SZ,20260303,1.892,1.548
160726.SZ,20260303,1.175,0.961
160805.SZ,20260303,0.894,0.732
160806.SZ,20260303,2.297,1.879
160807.SZ,20260303,2.113,1.729
160812.SZ,20260303,2.798,2.29
160813.SZ,20260303,1.968,1.61
160910.SZ,20260303,1.19,0.974
160916.SZ,20260303,4.959,4.057
160918.SZ,20260303,3.049,2.495
160919.SZ,20260303,4.158,3.402
160921.SZ,20260303,1.582,1.294
160924.SZ,20260303,1.158,0.948
160925.SZ,20260303,1.474,1.206
160926.SZ,20260303,1.252,0.834
161005.SZ,20260303,3.474,2.842
161010.SZ,20260303,1.373,1.123
161014.SZ,20260303,1.61,1.318
161015.SZ,20260303,1.433,1.173
161017.SZ,20260303,3.109,2.543
161019.SZ,20260303,1.349,1.103
161024.SZ,20260303,1.68,1.374
161025.SZ,20260303,1.463,1.197
161026.SZ,20260303,1.352,1.106
161027.SZ,20260303,1.205,0.986
161028.SZ,20260303,1.295,1.059
161029.SZ,20260303,1.865,1.526
161030.SZ,20260303,1.357,1.111
161031.SZ,20260303,1.563,1.279
161032.SZ,20260303,2.464,2.016
161033.SZ,20260303,2.362,1.932
161035.SZ,20260303,1.362,1.114
161036.SZ,20260303,0.914,0.748
161037.SZ,20260303,2.805,2.295
161038.SZ,20260303,1.806,1.478
161039.SZ,20260303,3.234,2.646
161040.SZ,20260303,2.273,1.515
161115.SZ,20260303,1.909,1.562
161116.SZ,20260303,2.342,1.916
161117.SZ,20260303,1.14,0.932
161118.SZ,20260303,1.726,1.412
161119.SZ,20260303,1.94,1.588
161121.SZ,20260303,1.717,1.405
161122.SZ,20260303,0.606,0.496
161123.SZ,20260303,1.841,1.507
161124.SZ,20260303,1.267,1.037
161125.SZ,20260303,3.219,2.633
161126.SZ,20260303,2.143,1.753
161127.SZ,20260303,1.899,1.553
161128.SZ,20260303,6.151,5.033
161129.SZ,20260303,1.68,1.374
161130.SZ,20260303,4.259,3.485
161131.SZ,20260303,1.031,0.843
161132.SZ,20260303,2.74,2.242
161133.SZ,20260303,1.605,1.313
161216.SZ,20260303,1.536,1.256
161217.SZ,20260303,3.0,2.454
161219.SZ,20260303,3.238,2.65
161222.SZ,20260303,3.237,2.649
161224.SZ,20260303,1.329,1.087
161225.SZ,20260303,3.204,2.622
161226.SZ,20260303,4.187,3.425
161227.SZ,20260303,1.719,1.407
161229.SZ,20260303,1.687,1.381
161232.SZ,20260303,1.535,1.256
161233.SZ,20260303,1.975,1.616
161505.SZ,20260303,1.509,1.235
161607.SZ,20260303,1.277,1.045
161610.SZ,20260303,2.085,1.706
161614.SZ,20260303,1.229,1.005
161626.SZ,20260303,1.228,1.004
161631.SZ,20260303,2.759,2.257
161706.SZ,20260303,4.706,3.85
161713.SZ,20260303,1.174,0.96
161715.SZ,20260303,3.001,2.455
161716.SZ,20260303,1.786,1.462
161720.SZ,20260303,1.344,1.1
161722.SZ,20260303,1.747,1.429
161724.SZ,20260303,2.56,2.094
161725.SZ,20260303,0.74,0.606
161726.SZ,20260303,0.43,0.352
161727.SZ,20260303,2.049,1.677
161728.SZ,20260303,1.815,1.485
161729.SZ,20260303,2.644,2.164
161810.SZ,20260303,6.699,5.481
161811.SZ,20260303,1.154,0.944
161812.SZ,20260303,1.452,1.188
161815.SZ,20260303,1.29,1.056
161816.SZ,20260303,1.079,0.883
161820.SZ,20260303,1.284,1.05
161831.SZ,20260303,0.86,0.704
161834.SZ,20260303,2.077,1.699
161837.SZ,20260303,1.279,1.047
161903.SZ,20260303,1.544,1.264
161908.SZ,20260303,1.377,1.127
161912.SZ,20260303,3.966,3.245
161914.SZ,20260303,0.952,0.634
162006.SZ,20260303,2.192,1.794
162105.SZ,20260303,1.664,1.362
162108.SZ,20260303,1.503,1.229
162207.SZ,20260303,1.648,1.348
162215.SZ,20260303,1.19,0.974
162216.SZ,20260303,1.91,1.562
162307.SZ,20260303,1.718,1.406
162411.SZ,20260303,0.988,0.808
162412.SZ,20260303,0.668,0.546
162414.SZ,20260303,2.059,1.685
162415.SZ,20260303,3.192,2.612
162509.SZ,20260303,1.117,0.914
162605.SZ,20260303,1.904,1.558
162607.SZ,20260303,0.666,0.545
162703.SZ,20260303,2.468,2.02
162711.SZ,20260303,2.222,1.818
162712.SZ,20260303,1.558,1.274
162715.SZ,20260303,1.293,1.058
162719.SZ,20260303,3.035,2.483
162720.SZ,20260303,1.459,0.973
162721.SZ,20260303,1.474,1.206
163001.SZ,20260303,1.511,1.237
163003.SZ,20260303,0.729,0.597
163005.SZ,20260303,1.124,0.92
163109.SZ,20260303,0.866,0.708
163110.SZ,20260303,2.957,2.419
163111.SZ,20260303,1.722,1.409
163113.SZ,20260303,1.079,0.883
163114.SZ,20260303,1.513,1.238
163115.SZ,20260303,1.67,1.366
163116.SZ,20260303,1.736,1.42
163118.SZ,20260303,0.716,0.586
163208.SZ,20260303,1.418,1.16
163302.SZ,20260303,1.318,1.078
163402.SZ,20260303,0.9,0.736
163406.SZ,20260303,2.481,2.03
163407.SZ,20260303,3.053,2.498
163409.SZ,20260303,1.769,1.447
163412.SZ,20260303,3.784,3.096
163415.SZ,20260303,5.723,4.683
163417.SZ,20260303,2.255,1.845
163418.SZ,20260303,0.948,0.776
163503.SZ,20260303,0.474,0.388
163801.SZ,20260303,1.029,0.842
163819.SZ,20260303,1.332,1.09
163821.SZ,20260303,2.407,1.969
163907.SZ,20260303,0.881,0.721
164105.SZ,20260303,1.826,1.494
164206.SZ,20260303,1.838,1.504
164208.SZ,20260303,1.532,1.254
164210.SZ,20260303,1.372,1.122
164403.SZ,20260303,1.239,1.013
164508.SZ,20260303,1.471,1.203
164509.SZ,20260303,0.796,0.652
164606.SZ,20260303,1.4,1.146
164701.SZ,20260303,2.396,1.96
164703.SZ,20260303,0.943,0.771
164705.SZ,20260303,1.302,1.066
164808.SZ,20260303,1.222,1.0
164810.SZ,20260303,1.109,0.907
164814.SZ,20260303,1.351,1.105
164824.SZ,20260303,1.504,1.23
164902.SZ,20260303,1.283,1.049
164906.SZ,20260303,1.213,0.993
165309.SZ,20260303,2.133,1.745
165311.SZ,20260303,1.901,1.555
165313.SZ,20260303,4.43,3.624
165508.SZ,20260303,2.512,2.056
165509.SZ,20260303,1.368,1.12
165511.SZ,20260303,2.606,2.132
165512.SZ,20260303,1.455,1.191
165513.SZ,20260303,1.408,1.152
165515.SZ,20260303,1.42,1.162
165516.SZ,20260303,7.96,6.512
165517.SZ,20260303,1.146,0.938
165519.SZ,20260303,1.098,0.898
165520.SZ,20260303,4.049,3.313
165521.SZ,20260303,1.398,1.144
165522.SZ,20260303,1.386,1.134
165525.SZ,20260303,0.9,0.736
165528.SZ,20260303,2.297,1.879
166001.SZ,20260303,1.924,1.574
166006.SZ,20260303,2.666,2.182
166008.SZ,20260303,1.254,1.026
166009.SZ,20260303,4.03,3.298
166011.SZ,20260303,2.442,1.998
166016.SZ,20260303,1.219,0.997
166023.SZ,20260303,1.583,1.295
166024.SZ,20260303,1.384,1.132
166025.SZ,20260303,0.765,0.626
166027.SZ,20260303,1.194,0.796
166105.SZ,20260303,1.147,0.939
166107.SZ,20260303,1.76,1.44
166401.SZ,20260303,1.24,1.014
167001.SZ,20260303,2.025,1.657
167002.SZ,20260303,6.288,5.144
167003.SZ,20260303,1.329,1.087
167301.SZ,20260303,1.296,1.06
167302.SZ,20260303,1.156,0.946
167501.SZ,20260303,1.165,0.953
167506.SZ,20260303,2.027,1.659
167508.SZ,20260303,1.948,1.594
168101.SZ,20260303,1.686,1.38
168102.SZ,20260303,1.382,1.13
168103.SZ,20260303,1.59,1.301
168104.SZ,20260303,1.011,0.827
168105.SZ,20260303,2.119,1.733
168203.SZ,20260303,1.752,1.434
168204.SZ,20260303,2.288,1.872
168301.SZ,20260303,1.001,0.819
168401.SZ,20260303,5.302,4.338
168701.SZ,20260303,1.312,1.074
169101.SZ,20260303,2.448,2.003
169104.SZ,20260303,2.666,2.182
169105.SZ,20260303,2.141,1.751
169106.SZ,20260303,1.245,1.019
169201.SZ,20260303,1.736,1.42
180101.SZ,20260303,2.173,1.778
180102.SZ,20260303,1.757,1.437
180103.SZ,20260303,2.382,1.949
180105.SZ,20260303,1.94,1.588
180106.SZ,20260303,3.779,3.092
180201.SZ,20260303,8.888,7.272
180202.SZ,20260303,5.853,4.789
180203.SZ,20260303,7.952,6.506
180301.SZ,20260303,2.665,2.181
180302.SZ,20260303,3.249,2.659
180303.SZ,20260303,4.737,3.875
180305.SZ,20260303,4.644,3.8
180306.SZ,20260303,6.416,5.25
180401.SZ,20260303,6.05,4.95
180402.SZ,20260303,7.644,6.254
180501.SZ,20260303,3.747,3.065
180502.SZ,20260303,4.026,3.294
180601.SZ,20260303,11.094,9.077
180602.SZ,20260303,4.611,3.773
180603.SZ,20260303,5.286,4.325
180605.SZ,20260303,5.684,4.65
180606.SZ,20260303,4.586,3.752
180607.SZ,20260303,6.694,5.477
180701.SZ,20260303,4.374,3.578
180801.SZ,20260303,13.266,10.854
180901.SZ,20260303,7.951,6.505
200011.SZ,20260303,3.51,2.87
200012.SZ,20260303,1.89,1.55
200016.SZ,20260303,1.02,0.84
200017.SZ,20260303,2.05,1.67
200019.SZ,20260303,3.81,3.11
200020.SZ,20260303,3.12,2.56
200025.SZ,20260303,5.09,4.17
200026.SZ,20260303,7.81,6.39
200028.SZ,20260303,15.11,12.37
200029.SZ,20260303,4.85,3.97
200030.SZ,20260303,3.5,2.86
200037.SZ,20260303,2.2,1.8
200045.SZ,20260303,5.05,4.13
200055.SZ,20260303,1.52,1.24
200056.SZ,20260303,0.8,0.66
200058.SZ,20260303,2.08,1.7
200429.SZ,20260303,9.72,7.96
200468.SZ,20260303,5.17,4.23
200488.SZ,20260303,0.83,0.75
200505.SZ,20260303,2.24,1.84
200512.SZ,20260303,3.32,2.72
200521.SZ,20260303,4.36,3.56
200530.SZ,20260303,1.97,1.61
200539.SZ,20260303,2.2,1.8
200541.SZ,20260303,2.41,1.97
200550.SZ,20260303,10.91,8.93
200553.SZ,20260303,2.77,2.27
200570.SZ,20260303,2.08,1.7
200581.SZ,20260303,16.49,13.49
200596.SZ,20260303,79.22,64.82
200625.SZ,20260303,4.51,3.69
200706.SZ,20260303,3.08,2.52
200725.SZ,20260303,3.65,2.99
200726.SZ,20260303,5.49,4.49
200761.SZ,20260303,1.38,1.13
200869.SZ,20260303,8.53,6.98
200992.SZ,20260303,2.72,2.22
201872.SZ,20260303,17.69,14.47
300001.SZ,20260303,36.53,24.35
300002.SZ,20260303,13.16,8.78
300003.SZ,20260303,21.32,14.22
300004.SZ,20260303,18.64,12.42
300005.SZ,20260303,17.28,11.52
300006.SZ,20260303,6.1,4.06
300007.SZ,20260303,60.86,40.58
300008.SZ,20260303,11.95,7.97
300009.SZ,20260303,11.65,7.77
300010.SZ,20260303,8.5,5.66
300011.SZ,20260303,10.8,7.2
300012.SZ,20260303,19.94,13.3
300013.SZ,20260303,4.91,3.27
300014.SZ,20260303,73.69,49.13
300015.SZ,20260303,12.47,8.31
300016.SZ,20260303,11.89,7.93
300017.SZ,20260303,23.39,15.59
300018.SZ,20260303,15.85,10.57
300019.SZ,20260303,27.1,18.06
300020.SZ,20260303,5.8,3.86
300021.SZ,20260303,5.87,3.91
300022.SZ,20260303,10.19,6.79
300024.SZ,20260303,20.39,13.59
300025.SZ,20260303,7.16,4.78
300026.SZ,20260303,4.32,2.88
300027.SZ,20260303,2.14,1.42
300029.SZ,20260303,6.42,4.28
300030.SZ,20260303,9.67,6.45
300031.SZ,20260303,26.68,17.78
300032.SZ,20260303,6.6,4.4
300033.SZ,20260303,388.68,259.12
300034.SZ,20260303,28.31,18.87
300035.SZ,20260303,25.39,16.93
300036.SZ,20260303,21.84,14.56
300037.SZ,20260303,67.92,45.28
300039.SZ,20260303,7.67,5.11
300040.SZ,20260303,8.8,5.86
300041.SZ,20260303,15.29,10.19
300042.SZ,20260303,42.05,28.03
300043.SZ,20260303,7.22,4.82
300044.SZ,20260303,9.48,6.32
300045.SZ,20260303,34.48,22.98
300046.SZ,20260303,41.86,27.9
300047.SZ,20260303,16.15,10.77
300048.SZ,20260303,9.98,6.66
300049.SZ,20260303,69.12,46.08
300050.SZ,20260303,7.16,4.78
300051.SZ,20260303,11.83,7.89
300052.SZ,20260303,16.84,11.22
300053.SZ,20260303,25.18,16.78
300054.SZ,20260303,54.23,36.15
300055.SZ,20260303,11.27,7.51
300056.SZ,20260303,12.14,8.1
300057.SZ,20260303,7.68,5.12
300058.SZ,20260303,20.88,13.92
300059.SZ,20260303,26.34,17.56
300061.SZ,20260303,12.06,8.04
300062.SZ,20260303,10.61,7.07
300063.SZ,20260303,15.8,10.54
300065.SZ,20260303,34.38,22.92
300066.SZ,20260303,9.6,6.4
300067.SZ,20260303,6.41,4.27
300068.SZ,20260303,18.32,12.22
300069.SZ,20260303,22.69,15.13
300070.SZ,20260303,4.96,3.3
300071.SZ,20260303,6.8,4.54
300072.SZ,20260303,5.93,3.95
300073.SZ,20260303,66.37,44.25
300074.SZ,20260303,5.68,3.78
300075.SZ,20260303,17.04,11.36
300076.SZ,20260303,9.3,6.2
300077.SZ,20260303,25.1,16.74
300078.SZ,20260303,5.46,3.64
300079.SZ,20260303,7.16,4.78
300080.SZ,20260303,6.44,4.3
300081.SZ,20260303,6.42,4.28
300082.SZ,20260303,12.22,8.14
300083.SZ,20260303,10.5,7.0
300084.SZ,20260303,16.14,10.76
300085.SZ,20260303,45.9,30.6
300086.SZ,20260303,10.78,7.18
300087.SZ,20260303,10.8,7.2
300088.SZ,20260303,8.04,5.36
300091.SZ,20260303,3.56,2.38
300092.SZ,20260303,19.49,12.99
300093.SZ,20260303,20.27,13.51
300094.SZ,20260303,4.32,2.88
300095.SZ,20260303,13.46,8.98
300096.SZ,20260303,9.53,6.35
300097.SZ,20260303,10.04,6.7
300098.SZ,20260303,7.22,4.82
300099.SZ,20260303,10.87,7.25
300100.SZ,20260303,41.84,27.9
300101.SZ,20260303,32.78,21.86
300102.SZ,20260303,43.7,29.14
300103.SZ,20260303,9.49,6.33
300105.SZ,20260303,9.35,6.23
300106.SZ,20260303,13.24,8.82
300107.SZ,20260303,10.84,7.22
300109.SZ,20260303,23.99,15.99
300110.SZ,20260303,3.86,2.58
300111.SZ,20260303,5.33,3.55
300112.SZ,20260303,10.54,7.02
300113.SZ,20260303,32.71,21.81
300115.SZ,20260303,44.81,29.87
300118.SZ,20260303,23.23,15.49
300119.SZ,20260303,22.96,15.3
300120.SZ,20260303,10.24,6.82
300121.SZ,20260303,16.48,10.98
300122.SZ,20260303,19.96,13.3
300123.SZ,20260303,9.94,6.62
300124.SZ,20260303,85.66,57.1
300125.SZ,20260303,10.5,7.0
300126.SZ,20260303,10.54,7.02
300127.SZ,20260303,45.61,30.41
300128.SZ,20260303,8.72,5.82
300129.SZ,20260303,16.99,11.33
300130.SZ,20260303,30.92,20.62
300131.SZ,20260303,17.78,11.86
300132.SZ,20260303,11.35,7.57
300133.SZ,20260303,9.82,6.54
300134.SZ,20260303,14.1,9.4
300135.SZ,20260303,5.5,3.66
300136.SZ,20260303,94.12,62.74
300137.SZ,20260303,13.21,8.81
300138.SZ,20260303,17.3,11.54
300139.SZ,20260303,95.74,63.82
300140.SZ,20260303,9.22,6.14
300141.SZ,20260303,18.3,12.2
300142.SZ,20260303,14.22,9.48
300143.SZ,20260303,13.25,8.83
300144.SZ,20260303,9.66,6.44
300145.SZ,20260303,5.93,3.95
300146.SZ,20260303,14.18,9.46
300147.SZ,20260303,11.41,7.61
300148.SZ,20260303,5.72,3.82
300149.SZ,20260303,12.42,8.28
300150.SZ,20260303,6.98,4.66
300151.SZ,20260303,22.38,14.92
300152.SZ,20260303,2.83,1.89
300153.SZ,20260303,46.37,30.91
300154.SZ,20260303,10.78,7.18
300155.SZ,20260303,6.23,4.15
300157.SZ,20260303,10.07,6.71
300158.SZ,20260303,7.04,4.7
300159.SZ,20260303,3.94,2.62
300160.SZ,20260303,7.04,4.7
300161.SZ,20260303,38.74,25.82
300162.SZ,20260303,10.12,6.74
300163.SZ,20260303,6.34,4.22
300164.SZ,20260303,21.7,14.46
300165.SZ,20260303,7.14,4.76
300166.SZ,20260303,15.4,10.26
300167.SZ,20260303,7.26,4.84
300168.SZ,20260303,7.64,5.1
300169.SZ,20260303,7.85,5.23
300170.SZ,20260303,29.56,19.7
300171.SZ,20260303,20.89,13.93
300172.SZ,20260303,7.51,5.01
300173.SZ,20260303,5.68,3.78
300174.SZ,20260303,20.5,13.66
300175.SZ,20260303,8.08,5.38
300176.SZ,20260303,9.35,6.23
300177.SZ,20260303,12.06,8.04
300179.SZ,20260303,31.79,21.19
300180.SZ,20260303,8.03,5.35
300181.SZ,20260303,19.68,13.12
300182.SZ,20260303,8.08,5.38
300183.SZ,20260303,18.96,12.64
300184.SZ,20260303,13.22,8.82
300185.SZ,20260303,3.77,2.51
300187.SZ,20260303,6.92,4.62
300188.SZ,20260303,16.61,11.07
300189.SZ,20260303,9.82,6.54
300190.SZ,20260303,5.41,3.61
300191.SZ,20260303,53.08,35.38
300192.SZ,20260303,24.14,16.1
300193.SZ,20260303,11.34,7.56
300194.SZ,20260303,5.21,3.47
300195.SZ,20260303,11.15,7.43
300196.SZ,20260303,24.38,16.26
300197.SZ,20260303,2.24,1.5
300198.SZ,20260303,3.26,2.18
300199.SZ,20260303,20.95,13.97
300200.SZ,20260303,14.57,9.71
300201.SZ,20260303,11.63,7.75
300203.SZ,20260303,18.83,12.55
300204.SZ,20260303,31.04,20.7
300205.SZ,20260303,5.72,3.82
300206.SZ,20260303,17.5,11.66
300207.SZ,20260303,31.07,20.71
300209.SZ,20260303,9.3,6.2
300210.SZ,20260303,11.44,7.62
300211.SZ,20260303,10.78,7.18
300212.SZ,20260303,14.35,9.57
300213.SZ,20260303,10.96,7.3
300214.SZ,20260303,9.1,6.06
300215.SZ,20260303,11.84,7.9
300217.SZ,20260303,6.96,4.64
300218.SZ,20260303,20.68,13.78
300219.SZ,20260303,9.38,6.26
300220.SZ,20260303,18.34,12.22
300221.SZ,20260303,13.49,8.99
300222.SZ,20260303,14.24,9.5
300223.SZ,20260303,154.56,103.04
300224.SZ,20260303,22.22,14.82
300225.SZ,20260303,6.16,4.1
300226.SZ,20260303,34.62,23.08
300227.SZ,20260303,15.42,10.28
300228.SZ,20260303,13.27,8.85
300229.SZ,20260303,28.07,18.71
300230.SZ,20260303,6.36,4.24
300231.SZ,20260303,13.43,8.95
300232.SZ,20260303,9.66,6.44
300233.SZ,20260303,18.79,12.53
300234.SZ,20260303,7.24,4.82
300235.SZ,20260303,16.64,11.1
300236.SZ,20260303,93.43,62.29
300237.SZ,20260303,3.04,2.02
300238.SZ,20260303,18.34,12.22
300239.SZ,20260303,7.08,4.72
300240.SZ,20260303,9.49,6.33
300241.SZ,20260303,7.49,4.99
300242.SZ,20260303,6.3,4.2
300243.SZ,20260303,14.46,9.64
300244.SZ,20260303,26.88,17.92
300245.SZ,20260303,14.9,9.94
300246.SZ,20260303,15.56,10.38
300247.SZ,20260303,5.98,3.98
300248.SZ,20260303,14.82,9.88
300249.SZ,20260303,23.74,15.82
300250.SZ,20260303,29.68,19.78
300251.SZ,20260303,22.44,14.96
300252.SZ,20260303,19.49,12.99
300253.SZ,20260303,12.32,8.22
300254.SZ,20260303,14.32,9.54
300255.SZ,20260303,54.01,36.01
300256.SZ,20260303,4.6,3.06
300257.SZ,20260303,28.98,19.32
300258.SZ,20260303,18.06,12.04
300259.SZ,20260303,5.75,3.83
300260.SZ,20260303,66.88,44.58
300261.SZ,20260303,8.68,5.78
300263.SZ,20260303,14.26,9.5
300264.SZ,20260303,12.58,8.38
300265.SZ,20260303,19.9,13.26
300266.SZ,20260303,3.2,2.14
300267.SZ,20260303,5.08,3.38
300268.SZ,20260303,17.14,11.42
300269.SZ,20260303,9.3,6.2
300270.SZ,20260303,13.49,8.99
300271.SZ,20260303,9.04,6.02
300272.SZ,20260303,9.08,6.06
300274.SZ,20260303,179.26,119.5
300275.SZ,20260303,14.89,9.93
300276.SZ,20260303,9.82,6.54
300277.SZ,20260303,28.84,19.22
300278.SZ,20260303,6.65,4.43
300279.SZ,20260303,12.42,8.28
300281.SZ,20260303,9.06,6.04
300283.SZ,20260303,9.86,6.58
300284.SZ,20260303,8.66,5.78
300285.SZ,20260303,46.21,30.81
300286.SZ,20260303,38.5,25.66
300287.SZ,20260303,5.87,3.91
300288.SZ,20260303,16.54,11.02
300289.SZ,20260303,8.23,5.49
300290.SZ,20260303,19.93,13.29
300291.SZ,20260303,9.34,6.22
300292.SZ,20260303,5.76,3.84
300293.SZ,20260303,23.64,15.76
300294.SZ,20260303,26.22,17.48
300295.SZ,20260303,12.65,8.43
300296.SZ,20260303,10.02,6.68
300298.SZ,20260303,20.72,13.82
300299.SZ,20260303,8.08,5.38
300300.SZ,20260303,16.67,11.11
300301.SZ,20260303,3.49,2.33
300302.SZ,20260303,22.38,14.92
300303.SZ,20260303,10.87,7.25
300304.SZ,20260303,17.5,11.66
300305.SZ,20260303,8.16,5.44
300306.SZ,20260303,16.44,10.96
300307.SZ,20260303,8.69,5.79
300308.SZ,20260303,684.7,456.46
300310.SZ,20260303,8.03,5.35
300311.SZ,20260303,6.62,4.42
300313.SZ,20260303,8.74,5.82
300314.SZ,20260303,17.02,11.34
300315.SZ,20260303,6.59,4.39
300316.SZ,20260303,67.3,44.86
300317.SZ,20260303,6.07,4.05
300318.SZ,20260303,7.4,4.94
300319.SZ,20260303,16.52,11.02
300320.SZ,20260303,13.58,9.06
300321.SZ,20260303,47.68,31.78
300322.SZ,20260303,33.16,22.1
300323.SZ,20260303,10.22,6.82
300324.SZ,20260303,6.78,4.52
300326.SZ,20260303,7.55,5.03
300327.SZ,20260303,35.08,23.38
300328.SZ,20260303,22.72,15.14
300329.SZ,20260303,17.52,11.68
300331.SZ,20260303,59.45,39.63
300332.SZ,20260303,7.24,4.82
300333.SZ,20260303,12.48,8.32
300334.SZ,20260303,9.46,6.3
300335.SZ,20260303,7.57,5.05
300337.SZ,20260303,18.11,12.07
300338.SZ,20260303,4.7,3.14
300339.SZ,20260303,58.93,39.29
300340.SZ,20260303,14.5,9.66
300341.SZ,20260303,19.44,12.96
300342.SZ,20260303,56.56,37.7
300343.SZ,20260303,8.21,5.47
300344.SZ,20260303,2.24,1.5
300345.SZ,20260303,9.01,6.01
300346.SZ,20260303,66.42,44.28
300347.SZ,20260303,70.61,47.07
300348.SZ,20260303,16.31,10.87
300349.SZ,20260303,20.1,13.4
300350.SZ,20260303,7.38,4.92
300351.SZ,20260303,23.48,15.66
300352.SZ,20260303,8.38,5.58
300353.SZ,20260303,29.53,19.69
300354.SZ,20260303,50.39,33.59
300355.SZ,20260303,5.12,3.42
300357.SZ,20260303,31.06,20.7
300358.SZ,20260303,13.07,8.71
300359.SZ,20260303,6.61,4.41
300360.SZ,20260303,21.49,14.33
300363.SZ,20260303,26.41,17.61
300364.SZ,20260303,36.73,24.49
300365.SZ,20260303,7.5,5.0
300366.SZ,20260303,7.8,5.2
300368.SZ,20260303,14.96,9.98
300369.SZ,20260303,11.04,7.36
300370.SZ,20260303,3.54,2.36
300371.SZ,20260303,16.32,10.88
300373.SZ,20260303,102.73,68.49
300374.SZ,20260303,18.91,12.61
300375.SZ,20260303,6.82,4.54
300376.SZ,20260303,8.8,5.86
300377.SZ,20260303,25.72,17.14
300378.SZ,20260303,55.62,37.08
300380.SZ,20260303,46.38,30.92
300381.SZ,20260303,8.09,5.39
300382.SZ,20260303,15.72,10.48
300383.SZ,20260303,19.75,13.17
300384.SZ,20260303,22.08,14.72
300385.SZ,20260303,13.85,9.23
300386.SZ,20260303,19.39,12.93
300387.SZ,20260303,11.68,7.78
300388.SZ,20260303,10.42,6.94
300389.SZ,20260303,21.7,14.46
300390.SZ,20260303,57.82,38.54
300391.SZ,20260303,1.1,0.74
300393.SZ,20260303,13.24,8.82
300394.SZ,20260303,420.0,280.0
300395.SZ,20260303,155.4,103.6
300396.SZ,20260303,15.68,10.46
300397.SZ,20260303,18.3,12.2
300398.SZ,20260303,36.98,24.66
300399.SZ,20260303,31.42,20.94
300400.SZ,20260303,26.12,17.42
300401.SZ,20260303,20.63,13.75
300402.SZ,20260303,28.76,19.18
300403.SZ,20260303,16.28,10.86
300404.SZ,20260303,12.08,8.06
300405.SZ,20260303,8.65,5.77
300406.SZ,20260303,15.4,10.26
300407.SZ,20260303,16.24,10.82
300408.SZ,20260303,75.6,50.4
300409.SZ,20260303,34.9,23.26
300410.SZ,20260303,10.9,7.26
300411.SZ,20260303,14.26,9.5
300412.SZ,20260303,6.85,4.57
300413.SZ,20260303,28.26,18.84
300414.SZ,20260303,21.12,14.08
300415.SZ,20260303,32.46,21.64
300416.SZ,20260303,21.78,14.52
300417.SZ,20260303,16.79,11.19
300418.SZ,20260303,69.71,46.47
300419.SZ,20260303,8.1,5.4
300420.SZ,20260303,4.96,3.3
300421.SZ,20260303,32.16,21.44
300422.SZ,20260303,6.1,4.06
300423.SZ,20260303,12.0,8.0
300424.SZ,20260303,23.35,15.57
300425.SZ,20260303,6.25,4.17
300426.SZ,20260303,9.94,6.62
300427.SZ,20260303,17.38,11.58
300428.SZ,20260303,31.13,20.75
300429.SZ,20260303,18.61,12.41
300430.SZ,20260303,25.58,17.06
300432.SZ,20260303,20.8,13.86
300433.SZ,20260303,40.74,27.16
300434.SZ,20260303,12.32,8.22
300435.SZ,20260303,36.72,24.48
300436.SZ,20260303,141.74,94.5
300437.SZ,20260303,22.08,14.72
300438.SZ,20260303,54.12,36.08
300439.SZ,20260303,12.04,8.02
300440.SZ,20260303,21.23,14.15
300441.SZ,20260303,9.46,6.3
300442.SZ,20260303,118.44,78.96
300443.SZ,20260303,34.24,22.82
300444.SZ,20260303,19.08,12.72
300445.SZ,20260303,26.57,17.71
300446.SZ,20260303,29.78,19.86
300447.SZ,20260303,26.99,17.99
300448.SZ,20260303,13.45,8.97
300449.SZ,20260303,10.12,6.74
300450.SZ,20260303,63.94,42.62
300451.SZ,20260303,6.17,4.11
300452.SZ,20260303,18.31,12.21
300453.SZ,20260303,11.62,7.74
300454.SZ,20260303,150.72,100.48
300455.SZ,20260303,34.63,23.09
300456.SZ,20260303,64.38,42.92
300457.SZ,20260303,32.18,21.46
300458.SZ,20260303,48.71,32.47
300459.SZ,20260303,5.58,3.72
300460.SZ,20260303,11.12,7.42
300461.SZ,20260303,65.32,43.54
300462.SZ,20260303,15.13,10.09
300463.SZ,20260303,13.76,9.18
300464.SZ,20260303,8.63,5.75
300465.SZ,20260303,21.56,14.38
300466.SZ,20260303,11.48,7.66
300467.SZ,20260303,39.44,26.3
300468.SZ,20260303,42.36,28.24
300469.SZ,20260303,79.4,52.94
300470.SZ,20260303,48.13,32.09
300471.SZ,20260303,19.04,12.7
300472.SZ,20260303,9.29,6.19
300473.SZ,20260303,41.32,27.54
300474.SZ,20260303,86.99,57.99
300475.SZ,20260303,173.83,115.89
300476.SZ,20260303,363.96,242.64
300477.SZ,20260303,3.48,2.32
300478.SZ,20260303,32.38,21.58
300479.SZ,20260303,25.58,17.06
300480.SZ,20260303,34.91,23.27
300481.SZ,20260303,21.28,14.18
300482.SZ,20260303,23.76,15.84
300483.SZ,20260303,25.03,16.69
300484.SZ,20260303,22.54,15.02
300485.SZ,20260303,12.96,8.64
300486.SZ,20260303,27.85,18.57
300487.SZ,20260303,89.0,59.34
300488.SZ,20260303,47.1,31.4
300489.SZ,20260303,51.22,34.14
300490.SZ,20260303,20.32,13.54
300491.SZ,20260303,34.24,22.82
300492.SZ,20260303,85.98,57.32
300493.SZ,20260303,23.04,15.36
300494.SZ,20260303,15.12,10.08
300496.SZ,20260303,83.69,55.79
300497.SZ,20260303,19.18,12.78
300498.SZ,20260303,19.08,12.72
300499.SZ,20260303,46.92,31.28
300500.SZ,20260303,14.81,9.87
300501.SZ,20260303,18.52,12.34
300502.SZ,20260303,457.2,304.8
300503.SZ,20260303,62.58,41.72
300504.SZ,20260303,18.31,12.21
300505.SZ,20260303,41.77,27.85
300506.SZ,20260303,6.32,4.22
300507.SZ,20260303,11.6,7.74
300508.SZ,20260303,54.49,36.33
300509.SZ,20260303,17.2,11.46
300510.SZ,20260303,5.54,3.7
300511.SZ,20260303,8.69,5.79
300512.SZ,20260303,12.59,8.39
300513.SZ,20260303,11.36,7.58
300514.SZ,20260303,17.1,11.4
300515.SZ,20260303,24.14,16.1
300516.SZ,20260303,90.77,60.51
300517.SZ,20260303,14.56,9.7
300518.SZ,20260303,22.62,15.08
300519.SZ,20260303,18.98,12.66
300520.SZ,20260303,51.96,34.64
300521.SZ,20260303,38.1,25.4
300522.SZ,20260303,15.11,10.07
300523.SZ,20260303,28.14,18.76
300525.SZ,20260303,14.32,9.54
300527.SZ,20260303,10.4,6.94
300528.SZ,20260303,21.9,14.6
300529.SZ,20260303,23.22,15.48
300530.SZ,20260303,32.58,21.72
300531.SZ,20260303,20.18,13.46
300532.SZ,20260303,14.32,9.54
300533.SZ,20260303,38.95,25.97
300534.SZ,20260303,11.69,7.79
300535.SZ,20260303,26.08,17.38
300536.SZ,20260303,9.97,6.65
300537.SZ,20260303,31.02,20.68
300538.SZ,20260303,19.79,13.19
300539.SZ,20260303,38.2,25.46
300540.SZ,20260303,28.54,19.02
300541.SZ,20260303,19.24,12.82
300542.SZ,20260303,21.36,14.24
300543.SZ,20260303,13.04,8.7
300545.SZ,20260303,40.93,27.29
300546.SZ,20260303,29.35,19.57
300547.SZ,20260303,45.68,30.46
300548.SZ,20260303,188.18,125.46
300549.SZ,20260303,22.33,14.89
300550.SZ,20260303,15.88,10.58
300551.SZ,20260303,24.12,16.08
300552.SZ,20260303,38.45,25.63
300553.SZ,20260303,50.28,33.52
300554.SZ,20260303,30.59,20.39
300555.SZ,20260303,16.27,10.85
300556.SZ,20260303,23.15,15.43
300557.SZ,20260303,53.14,35.42
300558.SZ,20260303,53.06,35.38
300559.SZ,20260303,14.02,9.34
300560.SZ,20260303,19.56,13.04
300561.SZ,20260303,14.3,9.54
300562.SZ,20260303,16.84,11.22
300563.SZ,20260303,44.22,29.48
300564.SZ,20260303,19.18,12.78
300565.SZ,20260303,15.62,10.42
300566.SZ,20260303,24.16,16.1
300567.SZ,20260303,184.2,122.8
300568.SZ,20260303,16.66,11.1
300569.SZ,20260303,7.64,5.1
300570.SZ,20260303,167.08,111.38
300571.SZ,20260303,36.48,24.32
300572.SZ,20260303,33.78,22.52
300573.SZ,20260303,84.37,56.25
300575.SZ,20260303,8.23,5.49
300576.SZ,20260303,48.7,32.46
300577.SZ,20260303,24.6,16.4
300578.SZ,20260303,28.25,18.83
300579.SZ,20260303,36.11,24.07
300580.SZ,20260303,27.59,18.39
300581.SZ,20260303,20.04,13.36
300582.SZ,20260303,19.45,12.97
300583.SZ,20260303,17.15,11.43
300584.SZ,20260303,51.31,34.21
300585.SZ,20260303,19.39,12.93
300586.SZ,20260303,12.62,8.42
300587.SZ,20260303,7.87,5.25
300588.SZ,20260303,30.36,20.24
300589.SZ,20260303,24.42,16.28
300590.SZ,20260303,14.96,9.98
300591.SZ,20260303,10.06,6.7
300592.SZ,20260303,16.92,11.28
300593.SZ,20260303,39.46,26.3
300594.SZ,20260303,38.28,25.52
300595.SZ,20260303,18.38,12.26
300596.SZ,20260303,58.48,38.98
300597.SZ,20260303,11.84,7.9
300598.SZ,20260303,50.74,33.82
300599.SZ,20260303,12.13,8.09
300600.SZ,20260303,17.53,11.69
300601.SZ,20260303,17.33,11.55
300602.SZ,20260303,48.23,32.15
300603.SZ,20260303,12.74,8.5
300604.SZ,20260303,168.24,112.16
300605.SZ,20260303,18.66,12.44
300606.SZ,20260303,41.75,27.83
300607.SZ,20260303,34.88,23.26
300608.SZ,20260303,14.64,9.76
300609.SZ,20260303,46.3,30.86
300610.SZ,20260303,15.13,10.09
300611.SZ,20260303,31.06,20.7
300612.SZ,20260303,20.03,13.35
300613.SZ,20260303,53.28,35.52
300614.SZ,20260303,18.01,12.01
300615.SZ,20260303,16.87,11.25
300616.SZ,20260303,16.26,10.84
300617.SZ,20260303,67.87,45.25
300618.SZ,20260303,63.34,42.22
300619.SZ,20260303,55.68,37.12
300620.SZ,20260303,204.0,136.0
300621.SZ,20260303,10.57,7.05
300622.SZ,20260303,36.9,24.6
300623.SZ,20260303,39.74,26.5
300624.SZ,20260303,97.7,65.14
300625.SZ,20260303,15.04,10.02
300626.SZ,20260303,23.38,15.58
300627.SZ,20260303,46.33,30.89
300628.SZ,20260303,43.33,28.89
300629.SZ,20260303,33.58,22.38
300631.SZ,20260303,36.88,24.58
300632.SZ,20260303,16.98,11.32
300633.SZ,20260303,31.78,21.18
300634.SZ,20260303,33.52,22.34
300635.SZ,20260303,16.43,10.95
300636.SZ,20260303,9.73,6.49
300637.SZ,20260303,15.73,10.49
300638.SZ,20260303,34.68,23.12
300639.SZ,20260303,7.85,5.23
300640.SZ,20260303,8.95,5.97
300641.SZ,20260303,23.23,15.49
300642.SZ,20260303,21.3,14.2
300643.SZ,20260303,24.61,16.41
300644.SZ,20260303,40.86,27.24
300645.SZ,20260303,22.61,15.07
300647.SZ,20260303,8.36,5.58
300648.SZ,20260303,74.81,49.87
300649.SZ,20260303,17.46,11.64
300650.SZ,20260303,21.6,14.4
300651.SZ,20260303,35.86,23.9
300652.SZ,20260303,58.56,39.04
300653.SZ,20260303,24.13,16.09
300654.SZ,20260303,14.68,9.78
300655.SZ,20260303,21.23,14.15
300656.SZ,20260303,31.2,20.8
300657.SZ,20260303,39.0,26.0
300658.SZ,20260303,29.41,19.61
300659.SZ,20260303,18.24,12.16
300660.SZ,20260303,59.88,39.92
300661.SZ,20260303,80.88,53.92
300662.SZ,20260303,31.66,21.1
300663.SZ,20260303,19.34,12.9
300664.SZ,20260303,7.01,4.67
300665.SZ,20260303,9.8,6.54
300666.SZ,20260303,189.41,126.27
300667.SZ,20260303,23.1,15.4
300668.SZ,20260303,30.66,20.44
300669.SZ,20260303,40.9,27.26
300670.SZ,20260303,8.52,5.68
300671.SZ,20260303,52.22,34.82
300672.SZ,20260303,189.48,126.32
300673.SZ,20260303,19.99,13.33
300674.SZ,20260303,27.66,18.44
300675.SZ,20260303,18.65,12.43
300676.SZ,20260303,56.38,37.58
300677.SZ,20260303,53.95,35.97
300678.SZ,20260303,38.64,25.76
300679.SZ,20260303,50.32,33.54
300680.SZ,20260303,56.9,37.94
300681.SZ,20260303,29.26,19.5
300682.SZ,20260303,21.59,14.39
300683.SZ,20260303,38.2,25.46
300684.SZ,20260303,69.67,46.45
300685.SZ,20260303,24.25,16.17
300686.SZ,20260303,18.59,12.39
300687.SZ,20260303,26.64,17.76
300688.SZ,20260303,34.3,22.86
300689.SZ,20260303,57.12,38.08
300690.SZ,20260303,37.25,24.83
300691.SZ,20260303,20.93,13.95
300692.SZ,20260303,9.97,6.65
300693.SZ,20260303,55.21,36.81
300694.SZ,20260303,15.34,10.22
300695.SZ,20260303,90.97,60.65
300696.SZ,20260303,38.84,25.9
300697.SZ,20260303,22.69,15.13
300698.SZ,20260303,48.74,32.5
300699.SZ,20260303,48.3,32.2
300700.SZ,20260303,17.65,11.77
300701.SZ,20260303,15.31,10.21
300702.SZ,20260303,29.48,19.66
300703.SZ,20260303,28.16,18.78
300705.SZ,20260303,18.01,12.01
300706.SZ,20260303,52.81,35.21
300707.SZ,20260303,21.62,14.42
300708.SZ,20260303,12.38,8.26
300709.SZ,20260303,50.99,33.99
300710.SZ,20260303,36.66,24.44
300711.SZ,20260303,34.73,23.15
300712.SZ,20260303,35.02,23.34
300713.SZ,20260303,22.08,14.72
300715.SZ,20260303,17.59,11.73
300716.SZ,20260303,17.78,11.86
300717.SZ,20260303,26.38,17.58
300718.SZ,20260303,93.61,62.41
300719.SZ,20260303,23.08,15.38
300720.SZ,20260303,46.44,30.96
300721.SZ,20260303,20.02,13.34
300722.SZ,20260303,42.82,28.54
300723.SZ,20260303,38.71,25.81
300724.SZ,20260303,143.2,95.46
300725.SZ,20260303,45.8,30.54
300726.SZ,20260303,63.24,42.16
300727.SZ,20260303,44.14,29.42
300729.SZ,20260303,16.55,11.03
300730.SZ,20260303,15.71,10.47
300731.SZ,20260303,95.83,63.89
300732.SZ,20260303,8.96,5.98
300733.SZ,20260303,21.5,14.34
300735.SZ,20260303,30.96,20.64
300736.SZ,20260303,25.61,17.07
300737.SZ,20260303,9.38,6.26
300738.SZ,20260303,30.35,20.23
300739.SZ,20260303,38.0,25.34
300740.SZ,20260303,28.8,19.2
300741.SZ,20260303,21.54,14.36
300743.SZ,20260303,23.27,15.51
300745.SZ,20260303,31.69,21.13
300746.SZ,20260303,15.7,10.46
300747.SZ,20260303,39.24,26.16
300748.SZ,20260303,47.96,31.98
300749.SZ,20260303,41.4,27.6
300750.SZ,20260303,408.26,272.18
300751.SZ,20260303,330.38,220.26
300752.SZ,20260303,22.68,15.12
300753.SZ,20260303,40.44,26.96
300755.SZ,20260303,17.16,11.44
300756.SZ,20260303,55.07,36.71
300757.SZ,20260303,509.72,339.82
300758.SZ,20260303,19.74,13.16
300759.SZ,20260303,33.96,22.64
300760.SZ,20260303,220.44,146.96
300761.SZ,20260303,24.95,16.63
300762.SZ,20260303,52.08,34.72
300763.SZ,20260303,105.97,70.65
300765.SZ,20260303,37.68,25.12
300766.SZ,20260303,53.46,35.64
300767.SZ,20260303,24.4,16.26
300768.SZ,20260303,21.5,14.34
300769.SZ,20260303,50.83,33.89
300770.SZ,20260303,52.57,35.05
300771.SZ,20260303,17.92,11.94
300772.SZ,20260303,23.33,15.55
300773.SZ,20260303,33.08,22.06
300774.SZ,20260303,32.87,21.91
300775.SZ,20260303,52.13,34.75
300776.SZ,20260303,111.36,74.24
300777.SZ,20260303,53.21,35.47
300778.SZ,20260303,18.13,12.09
300779.SZ,20260303,120.35,80.23
300780.SZ,20260303,28.67,19.11
300781.SZ,20260303,49.99,33.33
300782.SZ,20260303,97.12,64.74
300783.SZ,20260303,24.49,16.33
300784.SZ,20260303,64.26,42.84
300785.SZ,20260303,66.92,44.62
300786.SZ,20260303,19.99,13.33
300787.SZ,20260303,15.24,10.16
300788.SZ,20260303,50.4,33.6
300789.SZ,20260303,27.76,18.5
300790.SZ,20260303,31.32,20.88
300791.SZ,20260303,25.61,17.07
300792.SZ,20260303,50.24,33.5
300793.SZ,20260303,19.36,12.9
300795.SZ,20260303,15.6,10.4
300796.SZ,20260303,12.17,8.11
300797.SZ,20260303,21.62,14.42
300798.SZ,20260303,11.28,7.52
300800.SZ,20260303,15.1,10.06
300801.SZ,20260303,36.35,24.23
300802.SZ,20260303,26.29,17.53
300803.SZ,20260303,137.39,91.59
300804.SZ,20260303,57.46,38.3
300805.SZ,20260303,15.02,10.02
300806.SZ,20260303,66.98,44.66
300807.SZ,20260303,64.3,42.86
300808.SZ,20260303,37.33,24.89
300809.SZ,20260303,43.98,29.32
300810.SZ,20260303,51.91,34.61
300811.SZ,20260303,106.99,71.33
300812.SZ,20260303,54.11,36.07
300813.SZ,20260303,32.65,21.77
300814.SZ,20260303,131.74,87.82
300815.SZ,20260303,30.23,20.15
300816.SZ,20260303,75.19,50.13
300817.SZ,20260303,24.62,16.42
300818.SZ,20260303,53.64,35.76
300819.SZ,20260303,72.02,48.02
300820.SZ,20260303,66.66,44.44
300821.SZ,20260303,16.96,11.3
300822.SZ,20260303,18.6,12.4
300823.SZ,20260303,20.88,13.92
300824.SZ,20260303,12.67,8.45
300825.SZ,20260303,11.81,7.87
300826.SZ,20260303,20.56,13.7
300827.SZ,20260303,44.23,29.49
300828.SZ,20260303,28.33,18.89
300829.SZ,20260303,22.34,14.9
300830.SZ,20260303,17.04,11.36
300831.SZ,20260303,19.36,12.9
300832.SZ,20260303,60.66,40.44
300833.SZ,20260303,48.94,32.62
300834.SZ,20260303,29.2,19.46
300835.SZ,20260303,116.98,77.98
300836.SZ,20260303,76.62,51.08
300837.SZ,20260303,53.93,35.95
300838.SZ,20260303,19.56,13.04
300839.SZ,20260303,17.2,11.46
300840.SZ,20260303,22.66,15.1
300841.SZ,20260303,78.6,52.4
300842.SZ,20260303,141.78,94.52
300843.SZ,20260303,71.82,47.88
300844.SZ,20260303,50.39,33.59
300845.SZ,20260303,15.26,10.18
300846.SZ,20260303,42.36,28.24
300847.SZ,20260303,22.14,14.76
300848.SZ,20260303,20.83,13.89
300849.SZ,20260303,24.92,16.62
300850.SZ,20260303,55.34,36.9
300851.SZ,20260303,37.33,24.89
300852.SZ,20260303,64.66,43.1
300853.SZ,20260303,26.34,17.56
300854.SZ,20260303,28.69,19.13
300855.SZ,20260303,54.54,36.36
300856.SZ,20260303,16.42,10.94
300857.SZ,20260303,312.36,208.24
300858.SZ,20260303,20.78,13.86
300859.SZ,20260303,44.27,29.51
300860.SZ,20260303,32.16,21.44
300861.SZ,20260303,22.18,14.78
300862.SZ,20260303,28.8,19.2
300863.SZ,20260303,67.46,44.98
300864.SZ,20260303,26.98,17.98
300865.SZ,20260303,34.8,23.2
300866.SZ,20260303,112.69,75.13
300867.SZ,20260303,23.51,15.67
300868.SZ,20260303,41.86,27.9
300869.SZ,20260303,17.59,11.73
300870.SZ,20260303,335.23,223.49
300871.SZ,20260303,31.44,20.96
300872.SZ,20260303,21.34,14.22
300873.SZ,20260303,31.97,21.31
300875.SZ,20260303,64.22,42.82
300876.SZ,20260303,35.1,23.4
300877.SZ,20260303,40.21,26.81
300878.SZ,20260303,35.69,23.79
300879.SZ,20260303,28.68,19.12
300880.SZ,20260303,23.68,15.78
300881.SZ,20260303,64.56,43.04
300882.SZ,20260303,27.84,18.56
300883.SZ,20260303,8.18,5.46
300884.SZ,20260303,18.08,12.06
300885.SZ,20260303,30.11,20.07
300886.SZ,20260303,34.06,22.7
300887.SZ,20260303,13.7,9.14
300888.SZ,20260303,42.12,28.08
300889.SZ,20260303,31.75,21.17
300890.SZ,20260303,36.72,24.48
300891.SZ,20260303,12.53,8.35
300892.SZ,20260303,36.31,24.21
300893.SZ,20260303,28.63,19.09
300894.SZ,20260303,13.46,8.98
300895.SZ,20260303,68.21,45.47
300896.SZ,20260303,167.68,111.78
300897.SZ,20260303,32.71,21.81
300898.SZ,20260303,31.46,20.98
300899.SZ,20260303,45.77,30.51
300900.SZ,20260303,47.69,31.79
300901.SZ,20260303,20.5,13.66
300902.SZ,20260303,24.52,16.34
300903.SZ,20260303,37.66,25.1
300904.SZ,20260303,73.63,49.09
300905.SZ,20260303,42.1,28.06
300906.SZ,20260303,41.3,27.54
300907.SZ,20260303,35.86,23.9
300908.SZ,20260303,33.08,22.06
300909.SZ,20260303,59.52,39.68
300910.SZ,20260303,68.71,45.81
300911.SZ,20260303,58.15,38.77
300912.SZ,20260303,39.92,26.62
300913.SZ,20260303,67.58,45.06
300915.SZ,20260303,31.2,20.8
300916.SZ,20260303,37.0,24.66
300917.SZ,20260303,47.52,31.68
300918.SZ,20260303,19.38,12.92
300919.SZ,20260303,67.33,44.89
300920.SZ,20260303,55.38,36.92
300921.SZ,20260303,32.35,21.57
300922.SZ,20260303,29.14,19.42
300923.SZ,20260303,34.46,22.98
300925.SZ,20260303,24.9,16.6
300926.SZ,20260303,35.26,23.5
300927.SZ,20260303,40.8,27.2
300928.SZ,20260303,38.05,25.37
300929.SZ,20260303,14.58,9.72
300930.SZ,20260303,40.03,26.69
300931.SZ,20260303,15.97,10.65
300932.SZ,20260303,17.28,11.52
300933.SZ,20260303,10.5,7.0
300935.SZ,20260303,42.61,28.41
300936.SZ,20260303,60.0,40.0
300937.SZ,20260303,38.17,25.45
300938.SZ,20260303,45.37,30.25
300939.SZ,20260303,42.82,28.54
300940.SZ,20260303,29.94,19.96
300941.SZ,20260303,26.75,17.83
300942.SZ,20260303,11.36,7.58
300943.SZ,20260303,44.15,29.43
300945.SZ,20260303,25.84,17.22
300946.SZ,20260303,60.4,40.26
300947.SZ,20260303,23.12,15.42
300948.SZ,20260303,26.76,17.84
300949.SZ,20260303,49.07,32.71
300950.SZ,20260303,28.36,18.9
300951.SZ,20260303,45.52,30.34
300952.SZ,20260303,49.94,33.3
300953.SZ,20260303,186.56,124.38
300955.SZ,20260303,40.85,27.23
300956.SZ,20260303,20.92,13.94
300957.SZ,20260303,54.84,36.56
300958.SZ,20260303,16.86,11.24
300959.SZ,20260303,101.52,67.68
300960.SZ,20260303,32.02,21.34
300961.SZ,20260303,17.27,11.51
300962.SZ,20260303,21.36,14.24
300963.SZ,20260303,25.7,17.14
300964.SZ,20260303,74.98,49.98
300965.SZ,20260303,76.61,51.07
300966.SZ,20260303,24.66,16.44
300967.SZ,20260303,23.48,15.66
300968.SZ,20260303,16.13,10.75
300969.SZ,20260303,170.52,113.68
300970.SZ,20260303,31.06,20.7
300971.SZ,20260303,31.28,20.86
300972.SZ,20260303,242.98,161.98
300973.SZ,20260303,49.06,32.7
300975.SZ,20260303,18.47,12.31
300976.SZ,20260303,71.76,47.84
300977.SZ,20260303,23.42,15.62
300978.SZ,20260303,14.66,9.78
300979.SZ,20260303,57.18,38.12
300980.SZ,20260303,39.97,26.65
300981.SZ,20260303,15.26,10.18
300982.SZ,20260303,28.44,18.96
300983.SZ,20260303,33.43,22.29
300984.SZ,20260303,81.72,54.48
300985.SZ,20260303,32.02,21.34
300986.SZ,20260303,35.48,23.66
300987.SZ,20260303,22.55,15.03
300988.SZ,20260303,32.21,21.47
300989.SZ,20260303,18.53,12.35
300990.SZ,20260303,114.77,76.51
300991.SZ,20260303,72.91,48.61
300992.SZ,20260303,37.32,24.88
300993.SZ,20260303,16.12,10.74
300994.SZ,20260303,19.68,13.12
300995.SZ,20260303,46.85,31.23
300996.SZ,20260303,20.24,13.5
300997.SZ,20260303,25.99,17.33
300998.SZ,20260303,29.0,19.34
300999.SZ,20260303,34.82,23.22
301000.SZ,20260303,43.8,29.2
301001.SZ,20260303,38.0,25.34
301002.SZ,20260303,54.74,36.5
301003.SZ,20260303,55.8,37.2
301004.SZ,20260303,70.61,47.07
301005.SZ,20260303,212.64,141.76
301006.SZ,20260303,22.0,14.66
301007.SZ,20260303,44.04,29.36
301008.SZ,20260303,41.44,27.62
301009.SZ,20260303,15.0,10.0
301010.SZ,20260303,25.74,17.16
301011.SZ,20260303,29.65,19.77
301012.SZ,20260303,34.78,23.18
301013.SZ,20260303,30.84,20.56
301015.SZ,20260303,27.01,18.01
301016.SZ,20260303,30.06,20.04
301017.SZ,20260303,18.04,12.02
301018.SZ,20260303,131.63,87.75
301019.SZ,20260303,27.4,18.26
301020.SZ,20260303,27.52,18.34
301021.SZ,20260303,70.97,47.31
301022.SZ,20260303,39.72,26.48
301023.SZ,20260303,53.76,35.84
301024.SZ,20260303,48.8,32.54
301025.SZ,20260303,14.96,9.98
301026.SZ,20260303,43.54,29.02
301027.SZ,20260303,26.53,17.69
301028.SZ,20260303,17.95,11.97
301029.SZ,20260303,34.72,23.14
301030.SZ,20260303,14.98,9.98
301031.SZ,20260303,175.69,117.13
301032.SZ,20260303,16.3,10.86
301033.SZ,20260303,84.88,56.58
301035.SZ,20260303,97.31,64.87
301036.SZ,20260303,38.88,25.92
301037.SZ,20260303,19.14,12.76
301038.SZ,20260303,26.5,17.66
301039.SZ,20260303,12.05,8.03
301040.SZ,20260303,46.68,31.12
301041.SZ,20260303,34.52,23.02
301042.SZ,20260303,100.31,66.87
301043.SZ,20260303,69.1,46.06
301045.SZ,20260303,50.9,33.94
301046.SZ,20260303,31.67,21.11
301047.SZ,20260303,85.22,56.82
301048.SZ,20260303,13.84,9.22
301049.SZ,20260303,29.89,19.93
301050.SZ,20260303,70.32,46.88
301051.SZ,20260303,27.11,18.07
301052.SZ,20260303,48.28,32.18
301053.SZ,20260303,40.5,27.0
301055.SZ,20260303,25.86,17.24
301056.SZ,20260303,19.07,12.71
301057.SZ,20260303,53.89,35.93
301058.SZ,20260303,13.4,8.94
301059.SZ,20260303,18.23,12.15
301060.SZ,20260303,12.79,8.53
301061.SZ,20260303,103.86,69.24
301062.SZ,20260303,10.86,7.24
301063.SZ,20260303,37.31,24.87
301065.SZ,20260303,28.78,19.18
301066.SZ,20260303,19.61,13.07
301067.SZ,20260303,39.98,26.66
301068.SZ,20260303,34.08,22.72
301069.SZ,20260303,30.66,20.44
301070.SZ,20260303,79.92,53.28
301071.SZ,20260303,56.88,37.92
301072.SZ,20260303,28.63,19.09
301073.SZ,20260303,34.6,23.06
301075.SZ,20260303,89.86,59.9
301076.SZ,20260303,50.99,33.99
301077.SZ,20260303,35.66,23.78
301078.SZ,20260303,13.24,8.82
301079.SZ,20260303,57.34,38.22
301080.SZ,20260303,54.14,36.1
301081.SZ,20260303,15.74,10.5
301082.SZ,20260303,23.29,15.53
301083.SZ,20260303,23.02,15.34
301085.SZ,20260303,76.27,50.85
301086.SZ,20260303,157.26,104.84
301087.SZ,20260303,69.84,46.56
301088.SZ,20260303,18.86,12.58
301089.SZ,20260303,33.6,22.4
301090.SZ,20260303,9.14,6.1
301091.SZ,20260303,30.18,20.12
301092.SZ,20260303,47.7,31.8
301093.SZ,20260303,99.31,66.21
301095.SZ,20260303,105.92,70.62
301096.SZ,20260303,55.32,36.88
301097.SZ,20260303,68.23,45.49
301098.SZ,20260303,10.99,7.33
301099.SZ,20260303,53.88,35.92
301100.SZ,20260303,26.62,17.74
301101.SZ,20260303,47.8,31.86
301102.SZ,20260303,14.59,9.73
301103.SZ,20260303,24.95,16.63
301105.SZ,20260303,63.56,42.38
301106.SZ,20260303,38.52,25.68
301107.SZ,20260303,36.24,24.16
301108.SZ,20260303,38.11,25.41
301109.SZ,20260303,20.77,13.85
301110.SZ,20260303,80.47,53.65
301111.SZ,20260303,25.9,17.26
301112.SZ,20260303,43.96,29.3
301113.SZ,20260303,32.04,21.36
301115.SZ,20260303,24.65,16.43
301116.SZ,20260303,13.22,8.82
301117.SZ,20260303,69.1,46.06
301118.SZ,20260303,34.61,23.07
301119.SZ,20260303,62.02,41.34
301120.SZ,20260303,28.45,18.97
301121.SZ,20260303,49.15,32.77
301122.SZ,20260303,41.6,27.74
301123.SZ,20260303,73.38,48.92
301125.SZ,20260303,28.22,18.82
301126.SZ,20260303,14.84,9.9
301127.SZ,20260303,20.4,13.6
301128.SZ,20260303,134.76,89.84
301129.SZ,20260303,30.76,20.5
301130.SZ,20260303,37.06,24.7
301131.SZ,20260303,54.25,36.17
301132.SZ,20260303,47.06,31.38
301133.SZ,20260303,46.99,31.33
301135.SZ,20260303,35.34,23.56
301136.SZ,20260303,20.83,13.89
301137.SZ,20260303,69.11,46.07
301138.SZ,20260303,47.62,31.74
301139.SZ,20260303,21.97,14.65
301141.SZ,20260303,77.04,51.36
301148.SZ,20260303,64.66,43.1
301149.SZ,20260303,14.8,9.86
301150.SZ,20260303,55.22,36.82
301151.SZ,20260303,23.8,15.86
301152.SZ,20260303,34.97,23.31
301153.SZ,20260303,26.08,17.38
301155.SZ,20260303,89.86,59.9
301156.SZ,20260303,23.32,15.54
301157.SZ,20260303,69.72,46.48
301158.SZ,20260303,37.44,24.96
301159.SZ,20260303,55.03,36.69
301160.SZ,20260303,79.6,53.06
301161.SZ,20260303,44.8,29.86
301162.SZ,20260303,86.65,57.77
301163.SZ,20260303,36.4,24.26
301165.SZ,20260303,109.22,72.82
301166.SZ,20260303,38.24,25.5
301167.SZ,20260303,21.29,14.19
301168.SZ,20260303,51.46,34.3
301169.SZ,20260303,68.96,45.98
301170.SZ,20260303,36.1,24.06
301171.SZ,20260303,65.29,43.53
301172.SZ,20260303,33.66,22.44
301173.SZ,20260303,54.82,36.54
301175.SZ,20260303,8.75,5.83
301176.SZ,20260303,32.83,21.89
301177.SZ,20260303,40.57,27.05
301178.SZ,20260303,59.76,39.84
301179.SZ,20260303,21.22,14.14
301180.SZ,20260303,21.2,14.14
301181.SZ,20260303,52.79,35.19
301182.SZ,20260303,59.04,39.36
301183.SZ,20260303,202.44,134.96
301185.SZ,20260303,24.64,16.42
301186.SZ,20260303,59.92,39.94
301187.SZ,20260303,28.16,18.78
301188.SZ,20260303,21.08,14.06
301189.SZ,20260303,51.68,34.46
301190.SZ,20260303,31.62,21.08
301191.SZ,20260303,150.8,100.54
301192.SZ,20260303,37.84,25.22
301193.SZ,20260303,33.1,22.06
301195.SZ,20260303,41.64,27.76
301196.SZ,20260303,110.42,73.62
301197.SZ,20260303,30.14,20.1
301198.SZ,20260303,20.66,13.78
301199.SZ,20260303,29.16,19.44
301200.SZ,20260303,184.06,122.7
301201.SZ,20260303,50.28,33.52
301202.SZ,20260303,52.8,35.2
301203.SZ,20260303,55.68,37.12
301205.SZ,20260303,227.62,151.74
301206.SZ,20260303,33.9,22.6
301207.SZ,20260303,23.76,15.84
301208.SZ,20260303,45.96,30.64
301209.SZ,20260303,113.52,75.68
301210.SZ,20260303,48.91,32.61
301211.SZ,20260303,14.84,9.9
301212.SZ,20260303,37.08,24.72
301213.SZ,20260303,108.12,72.08
301215.SZ,20260303,8.4,5.6
301216.SZ,20260303,26.08,17.38
301217.SZ,20260303,58.51,39.01
301218.SZ,20260303,40.34,26.9
301219.SZ,20260303,93.97,62.65
301220.SZ,20260303,44.76,29.84
301221.SZ,20260303,72.49,48.33
301222.SZ,20260303,38.09,25.39
301223.SZ,20260303,23.75,15.83
301225.SZ,20260303,160.19,106.79
301226.SZ,20260303,57.79,38.53
301227.SZ,20260303,42.55,28.37
301228.SZ,20260303,54.0,36.0
301229.SZ,20260303,23.58,15.72
301230.SZ,20260303,51.1,34.06
301231.SZ,20260303,43.57,29.05
301232.SZ,20260303,257.04,171.36
301233.SZ,20260303,64.9,43.26
301234.SZ,20260303,49.74,33.16
301235.SZ,20260303,64.1,42.74
301236.SZ,20260303,57.66,38.44
301237.SZ,20260303,73.31,48.87
301238.SZ,20260303,24.83,16.55
301239.SZ,20260303,38.16,25.44
301246.SZ,20260303,25.48,16.98
301248.SZ,20260303,69.66,46.44
301251.SZ,20260303,84.0,56.0
301252.SZ,20260303,48.11,32.07
301255.SZ,20260303,32.5,21.66
301256.SZ,20260303,19.58,13.06
301257.SZ,20260303,80.82,53.88
301258.SZ,20260303,40.61,27.07
301259.SZ,20260303,42.89,28.59
301260.SZ,20260303,19.87,13.25
301261.SZ,20260303,101.51,67.67
301262.SZ,20260303,31.15,20.77
301263.SZ,20260303,36.11,24.07
301265.SZ,20260303,19.19,12.79
301266.SZ,20260303,58.86,39.24
301267.SZ,20260303,21.77,14.51
301268.SZ,20260303,26.83,17.89
301269.SZ,20260303,118.93,79.29
301270.SZ,20260303,46.38,30.92
301272.SZ,20260303,51.34,34.22
301273.SZ,20260303,37.55,25.03
301275.SZ,20260303,63.54,42.36
301276.SZ,20260303,31.39,20.93
301277.SZ,20260303,14.68,9.78
301278.SZ,20260303,48.55,32.37
301279.SZ,20260303,36.04,24.02
301280.SZ,20260303,68.76,45.84
301281.SZ,20260303,52.62,35.08
301282.SZ,20260303,36.64,24.42
301283.SZ,20260303,59.77,39.85
301285.SZ,20260303,102.52,68.34
301286.SZ,20260303,69.01,46.01
301287.SZ,20260303,53.33,35.55
301288.SZ,20260303,23.9,15.94
301289.SZ,20260303,71.38,47.58
301290.SZ,20260303,33.6,22.4
301291.SZ,20260303,69.86,46.58
301292.SZ,20260303,68.09,45.39
301293.SZ,20260303,92.1,61.4
301295.SZ,20260303,39.02,26.02
301296.SZ,20260303,10.08,6.72
301297.SZ,20260303,46.37,30.91
301298.SZ,20260303,19.98,13.32
301299.SZ,20260303,77.4,51.6
301300.SZ,20260303,57.02,38.02
301301.SZ,20260303,13.34,8.9
301302.SZ,20260303,35.66,23.78
301303.SZ,20260303,19.45,12.97
301305.SZ,20260303,33.59,22.39
301306.SZ,20260303,131.16,87.44
301307.SZ,20260303,42.06,28.04
301308.SZ,20260303,339.58,226.38
301309.SZ,20260303,36.05,24.03
301310.SZ,20260303,46.6,31.06
301311.SZ,20260303,23.44,15.62
301312.SZ,20260303,106.16,70.78
301313.SZ,20260303,38.48,25.66
301314.SZ,20260303,55.84,37.22
301315.SZ,20260303,67.22,44.82
301316.SZ,20260303,57.1,38.06
301317.SZ,20260303,68.28,45.52
301318.SZ,20260303,35.14,23.42
301319.SZ,20260303,54.94,36.62
301320.SZ,20260303,21.37,14.25
301321.SZ,20260303,25.94,17.3
301322.SZ,20260303,40.06,26.7
301323.SZ,20260303,72.2,48.14
301325.SZ,20260303,65.16,43.44
301326.SZ,20260303,177.38,118.26
301327.SZ,20260303,67.21,44.81
301328.SZ,20260303,62.34,41.56
301329.SZ,20260303,29.48,19.66
301330.SZ,20260303,45.01,30.01
301331.SZ,20260303,33.62,22.42
301332.SZ,20260303,11.41,7.61
301333.SZ,20260303,85.6,57.06
301335.SZ,20260303,33.16,22.1
301336.SZ,20260303,68.24,45.5
301337.SZ,20260303,36.6,24.4
301338.SZ,20260303,215.58,143.72
301339.SZ,20260303,17.04,11.36
301345.SZ,20260303,247.98,165.32
301348.SZ,20260303,33.0,22.0
301349.SZ,20260303,54.34,36.22
301353.SZ,20260303,34.37,22.91
301355.SZ,20260303,15.37,10.25
301356.SZ,20260303,29.26,19.5
301357.SZ,20260303,177.77,118.51
301358.SZ,20260303,80.16,53.44
301359.SZ,20260303,25.22,16.82
301360.SZ,20260303,103.04,68.7
301361.SZ,20260303,46.5,31.0
301362.SZ,20260303,133.22,88.82
301363.SZ,20260303,37.08,24.72
301365.SZ,20260303,31.06,20.7
301366.SZ,20260303,43.81,29.21
301367.SZ,20260303,92.27,61.51
301368.SZ,20260303,71.08,47.38
301369.SZ,20260303,159.23,106.15
301370.SZ,20260303,13.64,9.1
301371.SZ,20260303,28.62,19.08
301372.SZ,20260303,33.43,22.29
301373.SZ,20260303,51.34,34.22
301376.SZ,20260303,21.71,14.47
301377.SZ,20260303,230.47,153.65
301378.SZ,20260303,43.31,28.87
301379.SZ,20260303,33.89,22.59
301380.SZ,20260303,43.12,28.74
301381.SZ,20260303,25.14,16.76
301382.SZ,20260303,42.91,28.61
301383.SZ,20260303,41.65,27.77
301386.SZ,20260303,32.57,21.71
301387.SZ,20260303,73.5,49.0
301388.SZ,20260303,42.84,28.56
301389.SZ,20260303,68.58,45.72
301390.SZ,20260303,47.22,31.48
301391.SZ,20260303,98.89,65.93
301392.SZ,20260303,132.82,88.54
301393.SZ,20260303,59.21,39.47
301395.SZ,20260303,19.24,12.82
301396.SZ,20260303,129.97,86.65
301397.SZ,20260303,38.36,25.58
301398.SZ,20260303,78.17,52.11
301399.SZ,20260303,25.07,16.71
301408.SZ,20260303,22.49,14.99
301413.SZ,20260303,163.92,109.28
301418.SZ,20260303,46.97,31.31
301419.SZ,20260303,43.02,28.68
301421.SZ,20260303,114.74,76.5
301428.SZ,20260303,40.33,26.89
301429.SZ,20260303,25.07,16.71
301439.SZ,20260303,20.35,13.57
301446.SZ,20260303,52.12,34.74
301448.SZ,20260303,52.25,34.83
301449.SZ,20260303,92.3,61.54
301456.SZ,20260303,36.72,24.48
301458.SZ,20260303,46.51,31.01
301459.SZ,20260303,48.89,32.59
301468.SZ,20260303,89.71,59.81
301469.SZ,20260303,43.76,29.18
301479.SZ,20260303,103.42,68.94
301486.SZ,20260303,240.32,160.22
301487.SZ,20260303,29.2,19.46
301488.SZ,20260303,168.82,112.54
301489.SZ,20260303,248.16,165.44
301491.SZ,20260303,69.64,46.42
301498.SZ,20260303,71.23,47.49
301499.SZ,20260303,38.54,25.7
301500.SZ,20260303,28.21,18.81
301501.SZ,20260303,49.43,32.95
301502.SZ,20260303,55.26,36.84
301503.SZ,20260303,45.38,30.26
301505.SZ,20260303,31.37,20.91
301507.SZ,20260303,17.87,11.91
301508.SZ,20260303,39.38,26.26
301509.SZ,20260303,44.86,29.9
301510.SZ,20260303,43.42,28.94
301511.SZ,20260303,45.67,30.45
301512.SZ,20260303,60.04,40.02
301515.SZ,20260303,29.99,19.99
301516.SZ,20260303,19.87,13.25
301517.SZ,20260303,79.12,52.74
301518.SZ,20260303,55.73,37.15
301519.SZ,20260303,17.92,11.94
301520.SZ,20260303,52.02,34.68
301522.SZ,20260303,49.93,33.29
301525.SZ,20260303,102.72,68.48
301526.SZ,20260303,16.66,11.1
301528.SZ,20260303,81.95,54.63
301529.SZ,20260303,151.84,101.22
301533.SZ,20260303,42.73,28.49
301535.SZ,20260303,33.4,22.26
301536.SZ,20260303,100.51,67.01
301538.SZ,20260303,99.4,66.26
301539.SZ,20260303,24.78,16.52
301548.SZ,20260303,105.77,70.51
301550.SZ,20260303,195.36,130.24
301551.SZ,20260303,39.97,26.65
301552.SZ,20260303,47.04,31.36
301555.SZ,20260303,44.04,29.36
301556.SZ,20260303,123.56,82.38
301557.SZ,20260303,112.93,75.29
301558.SZ,20260303,10.4,6.94
301559.SZ,20260303,22.25,14.83
301560.SZ,20260303,48.74,32.5
301563.SZ,20260303,184.2,122.8
301565.SZ,20260303,29.4,19.6
301566.SZ,20260303,31.19,20.79
301567.SZ,20260303,60.48,40.32
301568.SZ,20260303,66.18,44.12
301571.SZ,20260303,74.9,49.94
301575.SZ,20260303,58.82,39.22
301577.SZ,20260303,75.84,50.56
301578.SZ,20260303,42.42,28.28
301580.SZ,20260303,109.92,73.28
301581.SZ,20260303,59.46,39.64
301584.SZ,20260303,33.68,22.46
301585.SZ,20260303,36.46,24.3
301586.SZ,20260303,64.54,43.02
301587.SZ,20260303,28.62,19.08
301588.SZ,20260303,30.17,20.11
301589.SZ,20260303,216.0,144.0
301590.SZ,20260303,241.49,160.99
301591.SZ,20260303,58.1,38.74
301592.SZ,20260303,148.06,98.7
301595.SZ,20260303,72.4,48.26
301596.SZ,20260303,84.89,56.59
301598.SZ,20260303,79.49,52.99
301600.SZ,20260303,146.95,97.97
301601.SZ,20260303,34.46,22.98
301602.SZ,20260303,25.66,17.1
301603.SZ,20260303,87.74,58.5
301606.SZ,20260303,81.34,54.22
301607.SZ,20260303,57.72,38.48
301608.SZ,20260303,107.77,71.85
301609.SZ,20260303,59.2,39.46
301611.SZ,20260303,149.8,99.86
301613.SZ,20260303,59.62,39.74
301616.SZ,20260303,62.52,41.68
301617.SZ,20260303,83.98,55.98
301618.SZ,20260303,60.82,40.54
301622.SZ,20260303,84.18,56.12
301626.SZ,20260303,272.63,181.75
301628.SZ,20260303,138.74,92.5
301629.SZ,20260303,374.44,249.62
301630.SZ,20260303,267.36,178.24
301631.SZ,20260303,119.1,79.4
301632.SZ,20260303,28.32,18.88
301633.SZ,20260303,80.4,53.6
301636.SZ,20260303,101.65,67.77
301638.SZ,20260303,27.36,18.24
301656.SZ,20260303,30.6,20.4
301658.SZ,20260303,38.16,25.44
301662.SZ,20260303,233.83,155.89
301665.SZ,20260303,37.31,24.87
301667.SZ,20260303,77.33,51.55
301668.SZ,20260303,64.78,43.18
301678.SZ,20260303,85.86,57.24
301687.SZ,20260303,72.76,48.5
302132.SZ,20260303,99.49,66.33
501001.SH,20260303,1.637,1.339
501005.SH,20260303,1.06,0.868
501007.SH,20260303,1.077,0.881
501008.SH,20260303,1.038,0.85
501009.SH,20260303,1.352,1.106
501010.SH,20260303,1.317,1.077
501011.SH,20260303,1.206,0.986
501012.SH,20260303,1.165,0.953
501015.SH,20260303,2.551,2.087
501016.SH,20260303,1.386,1.134
501017.SH,20260303,1.482,1.212
501018.SH,20260303,1.741,1.425
501019.SH,20260303,1.924,1.574
501021.SH,20260303,1.656,1.355
501022.SH,20260303,2.919,2.389
501023.SH,20260303,1.304,1.067
501025.SH,20260303,1.827,1.495
501026.SH,20260303,1.815,1.485
501028.SH,20260303,1.637,1.339
501029.SH,20260303,2.141,1.751
501030.SH,20260303,0.714,0.584
501031.SH,20260303,0.692,0.566
501032.SH,20260303,1.966,1.608
501036.SH,20260303,1.795,1.469
501037.SH,20260303,1.763,1.443
501038.SH,20260303,2.006,1.642
501043.SH,20260303,1.773,1.451
501045.SH,20260303,1.741,1.425
501046.SH,20260303,5.092,4.166
501047.SH,20260303,1.299,1.063
501048.SH,20260303,1.282,1.049
501050.SH,20260303,1.981,1.621
501051.SH,20260303,2.358,1.93
501053.SH,20260303,1.206,0.986
501057.SH,20260303,2.752,2.252
501058.SH,20260303,2.692,2.202
501059.SH,20260303,2.528,2.068
501060.SH,20260303,2.713,2.219
501061.SH,20260303,2.664,2.18
501062.SH,20260303,2.41,1.972
501064.SH,20260303,3.537,2.894
501065.SH,20260303,1.432,1.172
501070.SH,20260303,1.405,1.149
501071.SH,20260303,1.15,0.941
501073.SH,20260303,2.005,1.641
501075.SH,20260303,2.973,2.433
501076.SH,20260303,2.418,1.978
501077.SH,20260303,2.895,2.369
501078.SH,20260303,2.728,2.232
501079.SH,20260303,3.497,2.861
501080.SH,20260303,1.805,1.477
501081.SH,20260303,3.175,2.597
501082.SH,20260303,3.633,2.973
501083.SH,20260303,2.131,1.743
501085.SH,20260303,2.609,2.135
501087.SH,20260303,1.412,1.156
501088.SH,20260303,0.869,0.711
501089.SH,20260303,1.319,1.079
501090.SH,20260303,1.305,1.067
501091.SH,20260303,1.197,0.979
501092.SH,20260303,1.52,1.244
501093.SH,20260303,1.57,1.284
501095.SH,20260303,0.92,0.752
501096.SH,20260303,1.333,1.091
501097.SH,20260303,1.97,1.612
501098.SH,20260303,1.901,1.555
501099.SH,20260303,3.158,2.584
501186.SH,20260303,0.897,0.734
501188.SH,20260303,1.185,0.969
501189.SH,20260303,1.296,1.06
501200.SH,20260303,1.058,0.866
501201.SH,20260303,2.093,1.713
501202.SH,20260303,1.355,1.109
501203.SH,20260303,1.624,1.328
501205.SH,20260303,0.8,0.654
501206.SH,20260303,0.949,0.777
501207.SH,20260303,0.749,0.613
501208.SH,20260303,1.298,1.062
501209.SH,20260303,0.62,0.508
501210.SH,20260303,1.279,1.047
501211.SH,20260303,1.221,0.999
501212.SH,20260303,1.129,0.923
501213.SH,20260303,1.089,0.891
501215.SH,20260303,1.218,0.996
501216.SH,20260303,1.034,0.846
501217.SH,20260303,1.177,0.963
501218.SH,20260303,1.227,1.004
501219.SH,20260303,1.931,1.58
501220.SH,20260303,1.832,1.499
501222.SH,20260303,1.165,0.953
501225.SH,20260303,2.897,2.371
501227.SH,20260303,1.253,1.025
501300.SH,20260303,1.062,0.869
501301.SH,20260303,1.419,1.161
501302.SH,20260303,1.329,1.087
501303.SH,20260303,1.232,1.008
501305.SH,20260303,1.473,1.205
501306.SH,20260303,1.421,1.163
501307.SH,20260303,1.462,1.196
501310.SH,20260303,1.551,1.269
501311.SH,20260303,1.144,0.936
501312.SH,20260303,2.162,1.769
502000.SH,20260303,2.435,1.993
502003.SH,20260303,2.241,1.833
502006.SH,20260303,1.784,1.46
502010.SH,20260303,1.465,1.199
502013.SH,20260303,1.62,1.326
502023.SH,20260303,2.352,1.924
502048.SH,20260303,1.397,1.143
502053.SH,20260303,1.255,1.027
502056.SH,20260303,0.756,0.618
506000.SH,20260303,1.422,0.948
506001.SH,20260303,1.58,1.054
506002.SH,20260303,1.957,1.305
506003.SH,20260303,1.135,0.757
506005.SH,20260303,1.674,1.116
506006.SH,20260303,1.398,0.932
506008.SH,20260303,1.192,0.794
508000.SH,20260303,2.812,2.3
508001.SH,20260303,6.327,5.177
508002.SH,20260303,3.672,3.004
508003.SH,20260303,4.358,3.566
508005.SH,20260303,4.568,3.738
508006.SH,20260303,4.058,3.32
508007.SH,20260303,7.801,6.383
508008.SH,20260303,9.284,7.596
508009.SH,20260303,7.244,5.927
508010.SH,20260303,3.367,2.755
508011.SH,20260303,4.831,3.953
508012.SH,20260303,3.307,2.705
508015.SH,20260303,7.513,6.147
508016.SH,20260303,4.739,3.877
508017.SH,20260303,4.365,3.571
508018.SH,20260303,6.061,4.959
508019.SH,20260303,2.013,1.647
508021.SH,20260303,4.899,4.009
508022.SH,20260303,3.982,3.258
508026.SH,20260303,4.483,3.668
508027.SH,20260303,3.137,2.567
508028.SH,20260303,11.372,9.304
508029.SH,20260303,4.003,3.275
508031.SH,20260303,4.221,3.453
508033.SH,20260303,7.018,5.742
508036.SH,20260303,9.868,8.074
508039.SH,20260303,5.499,4.499
508048.SH,20260303,4.09,3.346
508050.SH,20260303,6.963,5.697
508055.SH,20260303,4.016,3.286
508056.SH,20260303,3.713,3.038
508058.SH,20260303,4.49,3.674
508060.SH,20260303,5.115,4.185
508066.SH,20260303,6.79,5.556
508068.SH,20260303,4.386,3.588
508069.SH,20260303,7.185,5.879
508077.SH,20260303,3.084,2.524
508078.SH,20260303,3.16,2.586
508080.SH,20260303,4.237,3.467
508082.SH,20260303,4.869,3.983
508084.SH,20260303,4.56,3.731
508085.SH,20260303,4.028,3.296
508086.SH,20260303,5.493,4.495
508087.SH,20260303,12.399,10.145
508088.SH,20260303,4.325,3.539
508089.SH,20260303,5.429,4.442
508090.SH,20260303,4.764,3.898
508091.SH,20260303,7.437,6.085
508092.SH,20260303,4.488,3.672
508096.SH,20260303,10.935,8.947
508097.SH,20260303,3.111,2.545
508098.SH,20260303,3.914,3.202
508099.SH,20260303,2.2,1.8
510010.SH,20260303,2.02,1.652
510020.SH,20260303,4.345,3.555
510030.SH,20260303,1.192,0.976
510040.SH,20260303,1.351,1.105
510050.SH,20260303,3.438,2.813
510060.SH,20260303,2.952,2.416
510090.SH,20260303,2.987,2.444
510100.SH,20260303,3.353,2.743
510130.SH,20260303,8.33,6.816
510150.SH,20260303,0.589,0.482
510160.SH,20260303,1.089,0.891
510170.SH,20260303,1.816,1.486
510180.SH,20260303,4.652,3.806
510190.SH,20260303,4.894,4.004
510200.SH,20260303,1.356,1.11
510210.SH,20260303,1.162,0.95
510230.SH,20260303,1.453,1.189
510270.SH,20260303,1.758,1.438
510290.SH,20260303,3.106,2.542
510300.SH,20260303,5.213,4.265
510310.SH,20260303,5.042,4.126
510320.SH,20260303,1.403,1.148
510330.SH,20260303,5.424,4.438
510350.SH,20260303,5.433,4.445
510360.SH,20260303,1.977,1.617
510370.SH,20260303,1.157,0.947
510380.SH,20260303,1.533,1.255
510390.SH,20260303,5.819,4.761
510410.SH,20260303,2.607,2.133
510500.SH,20260303,9.606,7.86
510510.SH,20260303,3.032,2.48
510530.SH,20260303,10.38,8.492
510550.SH,20260303,2.404,1.967
510560.SH,20260303,2.313,1.893
510570.SH,20260303,1.486,1.216
510580.SH,20260303,4.916,4.022
510590.SH,20260303,10.109,8.271
510600.SH,20260303,4.403,3.603
510630.SH,20260303,0.992,0.812
510650.SH,20260303,3.148,2.576
510660.SH,20260303,2.606,2.132
510670.SH,20260303,1.134,0.928
510680.SH,20260303,3.587,2.935
510710.SH,20260303,4.805,3.931
510720.SH,20260303,1.136,0.93
510760.SH,20260303,1.497,1.225
510770.SH,20260303,1.01,0.826
510800.SH,20260303,1.585,1.297
510810.SH,20260303,1.023,0.837
510850.SH,20260303,4.024,3.292
510880.SH,20260303,3.633,2.973
510900.SH,20260303,1.196,0.978
510950.SH,20260303,1.438,1.176
510980.SH,20260303,1.596,1.306
510990.SH,20260303,1.189,0.973
511010.SH,20260303,154.901,126.737
511020.SH,20260303,127.872,104.622
511030.SH,20260303,117.844,96.418
511060.SH,20260303,117.648,96.258
511070.SH,20260303,111.243,91.017
511090.SH,20260303,127.062,103.96
511100.SH,20260303,118.891,97.275
511110.SH,20260303,111.595,91.305
511120.SH,20260303,110.292,90.239
511130.SH,20260303,115.918,94.842
511150.SH,20260303,110.914,90.748
511160.SH,20260303,111.452,91.188
511180.SH,20260303,14.677,12.009
511190.SH,20260303,111.026,90.84
511200.SH,20260303,111.617,91.323
511220.SH,20260303,11.307,9.251
511260.SH,20260303,148.686,121.652
511270.SH,20260303,129.775,106.179
511360.SH,20260303,124.412,101.792
511380.SH,20260303,15.987,13.081
511520.SH,20260303,127.307,104.161
511580.SH,20260303,119.645,97.891
511600.SH,20260303,109.999,89.999
511620.SH,20260303,110.006,90.005
511650.SH,20260303,110.0,90.0
511660.SH,20260303,110.002,90.002
511670.SH,20260303,109.998,89.998
511690.SH,20260303,110.002,90.002
511700.SH,20260303,110.01,90.008
511770.SH,20260303,109.998,89.998
511800.SH,20260303,110.002,90.002
511810.SH,20260303,110.006,90.005
511820.SH,20260303,110.0,90.0
511830.SH,20260303,109.999,89.999
511850.SH,20260303,110.014,90.012
511860.SH,20260303,109.998,89.998
511880.SH,20260303,110.25,90.204
511900.SH,20260303,110.001,90.001
511910.SH,20260303,109.999,89.999
511920.SH,20260303,110.0,90.0
511930.SH,20260303,109.998,89.998
511950.SH,20260303,109.997,89.997
511960.SH,20260303,110.0,90.0
511970.SH,20260303,109.996,89.996
511980.SH,20260303,110.075,90.061
511990.SH,20260303,110.003,90.003
512000.SH,20260303,0.606,0.496
512010.SH,20260303,0.408,0.334
512020.SH,20260303,1.464,1.198
512030.SH,20260303,1.225,1.003
512040.SH,20260303,1.419,1.161
512050.SH,20260303,1.385,1.133
512060.SH,20260303,1.35,1.104
512070.SH,20260303,0.952,0.779
512080.SH,20260303,1.488,1.218
512090.SH,20260303,2.209,1.807
512100.SH,20260303,3.732,3.054
512120.SH,20260303,0.49,0.401
512130.SH,20260303,1.514,1.238
512150.SH,20260303,2.028,1.66
512160.SH,20260303,1.692,1.384
512170.SH,20260303,0.383,0.313
512180.SH,20260303,1.923,1.573
512190.SH,20260303,3.205,2.623
512200.SH,20260303,1.66,1.358
512220.SH,20260303,3.383,2.768
512240.SH,20260303,1.269,1.039
512250.SH,20260303,1.332,1.09
512260.SH,20260303,2.313,1.893
512290.SH,20260303,1.066,0.872
512330.SH,20260303,1.824,1.492
512360.SH,20260303,2.026,1.658
512370.SH,20260303,1.31,1.072
512380.SH,20260303,1.824,1.492
512390.SH,20260303,1.387,1.135
512400.SH,20260303,2.748,2.248
512480.SH,20260303,1.821,1.49
512500.SH,20260303,5.319,4.352
512510.SH,20260303,2.781,2.275
512520.SH,20260303,1.641,1.343
512530.SH,20260303,1.795,1.469
512550.SH,20260303,1.931,1.58
512560.SH,20260303,1.081,0.885
512570.SH,20260303,1.272,1.04
512580.SH,20260303,1.484,1.214
512600.SH,20260303,0.719,0.589
512620.SH,20260303,1.17,0.958
512630.SH,20260303,1.849,1.513
512640.SH,20260303,2.636,2.156
512650.SH,20260303,1.499,1.227
512660.SH,20260303,1.747,1.429
512670.SH,20260303,1.189,0.973
512680.SH,20260303,1.788,1.463
512690.SH,20260303,0.568,0.464
512700.SH,20260303,1.672,1.368
512710.SH,20260303,1.016,0.832
512720.SH,20260303,1.436,1.175
512730.SH,20260303,1.75,1.432
512750.SH,20260303,1.606,1.314
512760.SH,20260303,1.992,1.63
512770.SH,20260303,2.406,1.968
512800.SH,20260303,0.855,0.699
512810.SH,20260303,1.013,0.829
512820.SH,20260303,1.498,1.226
512870.SH,20260303,1.705,1.395
512880.SH,20260303,1.269,1.039
512890.SH,20260303,1.301,1.065
512900.SH,20260303,1.256,1.028
512910.SH,20260303,1.458,1.193
512930.SH,20260303,2.508,2.052
512940.SH,20260303,1.225,1.003
512950.SH,20260303,1.777,1.454
512960.SH,20260303,1.716,1.404
512970.SH,20260303,1.67,1.366
512980.SH,20260303,1.235,1.011
512990.SH,20260303,2.251,1.841
513000.SH,20260303,2.27,1.858
513010.SH,20260303,0.732,0.599
513020.SH,20260303,1.115,0.913
513030.SH,20260303,2.154,1.762
513040.SH,20260303,1.34,1.096
513050.SH,20260303,1.395,1.141
513060.SH,20260303,0.647,0.529
513070.SH,20260303,1.487,1.217
513080.SH,20260303,2.147,1.757
513090.SH,20260303,2.101,1.719
513100.SH,20260303,1.982,1.622
513110.SH,20260303,2.229,1.823
513120.SH,20260303,1.317,1.077
513130.SH,20260303,0.699,0.572
513140.SH,20260303,1.796,1.47
513150.SH,20260303,1.134,0.928
513160.SH,20260303,1.161,0.95
513170.SH,20260303,1.742,1.426
513180.SH,20260303,0.717,0.587
513190.SH,20260303,1.904,1.558
513200.SH,20260303,1.147,0.939
513210.SH,20260303,1.726,1.412
513220.SH,20260303,1.206,0.986
513230.SH,20260303,1.175,0.961
513260.SH,20260303,1.366,1.118
513280.SH,20260303,1.195,0.977
513290.SH,20260303,1.654,1.354
513300.SH,20260303,2.401,1.965
513310.SH,20260303,4.513,3.693
513320.SH,20260303,1.307,1.069
513330.SH,20260303,0.497,0.407
513350.SH,20260303,1.387,1.135
513360.SH,20260303,0.587,0.481
513380.SH,20260303,0.647,0.529
513390.SH,20260303,2.182,1.786
513400.SH,20260303,1.398,1.144
513500.SH,20260303,2.594,2.122
513520.SH,20260303,2.329,1.905
513530.SH,20260303,1.866,1.526
513550.SH,20260303,1.253,1.025
513560.SH,20260303,1.322,1.082
513580.SH,20260303,0.758,0.62
513590.SH,20260303,1.038,0.85
513600.SH,20260303,3.198,2.616
513630.SH,20260303,1.89,1.546
513650.SH,20260303,1.947,1.593
513660.SH,20260303,3.454,2.826
513690.SH,20260303,1.31,1.072
513700.SH,20260303,0.683,0.559
513720.SH,20260303,0.932,0.762
513730.SH,20260303,1.426,1.166
513750.SH,20260303,1.841,1.507
513770.SH,20260303,0.503,0.411
513780.SH,20260303,1.702,1.392
513800.SH,20260303,2.053,1.679
513810.SH,20260303,1.884,1.542
513820.SH,20260303,1.415,1.157
513830.SH,20260303,1.357,1.111
513850.SH,20260303,1.726,1.412
513860.SH,20260303,0.716,0.586
513870.SH,20260303,1.849,1.513
513880.SH,20260303,2.104,1.722
513890.SH,20260303,1.076,0.88
513900.SH,20260303,1.166,0.954
513910.SH,20260303,1.85,1.514
513920.SH,20260303,1.915,1.567
513950.SH,20260303,1.598,1.308
513970.SH,20260303,1.075,0.879
513980.SH,20260303,0.716,0.586
513990.SH,20260303,1.293,1.058
515000.SH,20260303,1.154,0.944
515010.SH,20260303,1.453,1.189
515020.SH,20260303,1.815,1.485
515030.SH,20260303,2.067,1.691
515050.SH,20260303,2.688,2.2
515060.SH,20260303,0.794,0.65
515070.SH,20260303,2.234,1.828
515080.SH,20260303,1.829,1.497
515090.SH,20260303,1.498,1.226
515100.SH,20260303,1.626,1.33
515110.SH,20260303,2.094,1.714
515120.SH,20260303,0.66,0.54
515130.SH,20260303,1.708,1.398
515150.SH,20260303,1.981,1.621
515160.SH,20260303,1.796,1.47
515170.SH,20260303,0.583,0.477
515180.SH,20260303,1.619,1.325
515190.SH,20260303,1.979,1.619
515200.SH,20260303,2.489,2.037
515210.SH,20260303,1.844,1.508
515220.SH,20260303,1.367,1.119
515230.SH,20260303,1.002,0.82
515250.SH,20260303,1.309,1.071
515260.SH,20260303,0.767,0.627
515290.SH,20260303,1.532,1.254
515300.SH,20260303,1.467,1.201
515310.SH,20260303,1.548,1.266
515320.SH,20260303,1.399,1.145
515330.SH,20260303,1.491,1.22
515350.SH,20260303,6.951,5.687
515360.SH,20260303,7.327,5.995
515370.SH,20260303,1.187,0.971
515380.SH,20260303,6.005,4.913
515390.SH,20260303,1.51,1.236
515400.SH,20260303,1.161,0.95
515450.SH,20260303,1.572,1.286
515530.SH,20260303,5.146,4.21
515550.SH,20260303,2.12,1.734
515560.SH,20260303,1.162,0.95
515580.SH,20260303,1.498,1.226
515590.SH,20260303,2.31,1.89
515600.SH,20260303,2.014,1.648
515630.SH,20260303,1.509,1.235
515650.SH,20260303,1.258,1.03
515660.SH,20260303,6.461,5.287
515680.SH,20260303,2.024,1.656
515700.SH,20260303,2.765,2.263
515710.SH,20260303,0.62,0.508
515720.SH,20260303,0.991,0.811
515730.SH,20260303,1.155,0.945
515750.SH,20260303,2.069,1.693
515760.SH,20260303,1.656,1.355
515770.SH,20260303,1.594,1.304
515790.SH,20260303,1.25,1.022
515800.SH,20260303,1.456,1.192
515810.SH,20260303,1.907,1.561
515850.SH,20260303,1.57,1.284
515860.SH,20260303,1.938,1.586
515880.SH,20260303,1.228,1.004
515890.SH,20260303,1.652,1.352
515900.SH,20260303,2.015,1.649
515910.SH,20260303,0.74,0.606
515920.SH,20260303,1.287,1.053
515950.SH,20260303,1.008,0.824
515960.SH,20260303,0.908,0.743
515970.SH,20260303,1.124,0.92
515980.SH,20260303,1.029,0.842
515990.SH,20260303,1.942,1.589
516000.SH,20260303,1.263,1.033
516010.SH,20260303,1.606,1.314
516020.SH,20260303,1.148,0.94
516050.SH,20260303,1.229,1.005
516060.SH,20260303,0.609,0.499
516070.SH,20260303,0.715,0.585
516080.SH,20260303,0.697,0.571
516090.SH,20260303,0.669,0.547
516100.SH,20260303,1.486,1.216
516110.SH,20260303,1.509,1.235
516120.SH,20260303,1.174,0.96
516130.SH,20260303,0.829,0.679
516150.SH,20260303,2.531,2.071
516160.SH,20260303,3.429,2.805
516180.SH,20260303,1.027,0.841
516190.SH,20260303,1.459,1.193
516200.SH,20260303,1.212,0.992
516210.SH,20260303,1.454,1.19
516220.SH,20260303,1.194,0.977
516230.SH,20260303,1.135,0.929
516250.SH,20260303,1.29,1.056
516260.SH,20260303,1.417,1.159
516270.SH,20260303,0.769,0.629
516290.SH,20260303,0.776,0.635
516300.SH,20260303,3.856,3.155
516310.SH,20260303,1.411,1.155
516320.SH,20260303,1.242,1.016
516330.SH,20260303,1.632,1.336
516350.SH,20260303,1.47,1.202
516360.SH,20260303,1.162,0.95
516380.SH,20260303,1.112,0.91
516390.SH,20260303,1.119,0.915
516460.SH,20260303,1.561,1.277
516500.SH,20260303,0.678,0.554
516510.SH,20260303,2.024,1.656
516520.SH,20260303,1.453,1.189
516530.SH,20260303,1.17,0.958
516550.SH,20260303,0.903,0.739
516560.SH,20260303,0.944,0.772
516570.SH,20260303,1.339,1.095
516580.SH,20260303,0.795,0.651
516590.SH,20260303,1.406,1.15
516600.SH,20260303,0.702,0.574
516610.SH,20260303,0.549,0.449
516620.SH,20260303,1.233,1.009
516630.SH,20260303,1.968,1.61
516640.SH,20260303,1.302,1.066
516650.SH,20260303,2.68,2.192
516660.SH,20260303,1.266,1.036
516670.SH,20260303,0.781,0.639
516700.SH,20260303,1.217,0.995
516710.SH,20260303,0.845,0.691
516720.SH,20260303,1.231,1.007
516730.SH,20260303,1.146,0.938
516750.SH,20260303,0.898,0.734
516760.SH,20260303,0.747,0.611
516770.SH,20260303,1.675,1.371
516780.SH,20260303,2.451,2.005
516790.SH,20260303,0.659,0.539
516800.SH,20260303,0.964,0.788
516810.SH,20260303,0.988,0.808
516820.SH,20260303,0.393,0.321
516830.SH,20260303,1.133,0.927
516850.SH,20260303,1.254,1.026
516860.SH,20260303,1.538,1.258
516880.SH,20260303,1.051,0.86
516890.SH,20260303,0.881,0.721
516900.SH,20260303,0.615,0.503
516910.SH,20260303,1.372,1.122
516920.SH,20260303,1.268,1.038
516930.SH,20260303,0.543,0.445
516950.SH,20260303,1.383,1.131
516960.SH,20260303,1.174,0.96
516970.SH,20260303,1.404,1.148
516980.SH,20260303,1.251,1.023
517000.SH,20260303,1.137,0.931
517010.SH,20260303,1.26,1.031
517030.SH,20260303,1.254,1.026
517050.SH,20260303,0.895,0.733
517080.SH,20260303,1.122,0.918
517090.SH,20260303,1.876,1.535
517100.SH,20260303,1.146,0.938
517110.SH,20260303,0.774,0.634
517120.SH,20260303,0.733,0.599
517160.SH,20260303,1.096,0.896
517170.SH,20260303,1.148,0.94
517180.SH,20260303,1.777,1.454
517200.SH,20260303,0.801,0.655
517300.SH,20260303,1.038,0.85
517330.SH,20260303,1.112,0.91
517350.SH,20260303,0.954,0.78
517360.SH,20260303,1.106,0.905
517380.SH,20260303,0.811,0.663
517390.SH,20260303,2.03,1.661
517400.SH,20260303,2.498,2.044
517520.SH,20260303,3.157,2.583
517550.SH,20260303,0.805,0.659
517660.SH,20260303,1.284,1.05
517770.SH,20260303,1.353,1.107
517800.SH,20260303,1.131,0.925
517850.SH,20260303,1.364,1.116
517880.SH,20260303,0.943,0.771
517900.SH,20260303,1.584,1.296
517950.SH,20260303,1.139,0.932
517990.SH,20260303,0.974,0.797
518600.SH,20260303,13.077,10.699
518660.SH,20260303,12.566,10.282
518680.SH,20260303,13.122,10.736
518800.SH,20260303,12.4,10.146
518850.SH,20260303,12.653,10.353
518860.SH,20260303,12.573,10.287
518880.SH,20260303,12.559,10.275
518890.SH,20260303,12.573,10.287
520500.SH,20260303,1.628,1.332
520510.SH,20260303,1.007,0.824
520520.SH,20260303,1.257,1.029
520530.SH,20260303,0.963,0.788
520550.SH,20260303,1.389,1.137
520560.SH,20260303,0.954,0.78
520570.SH,20260303,0.895,0.733
520580.SH,20260303,1.144,0.936
520590.SH,20260303,0.958,0.784
520600.SH,20260303,1.343,1.099
520610.SH,20260303,1.11,0.908
520620.SH,20260303,1.073,0.878
520630.SH,20260303,0.936,0.766
520650.SH,20260303,0.851,0.697
520660.SH,20260303,1.227,1.004
520670.SH,20260303,0.935,0.765
520690.SH,20260303,0.861,0.705
520700.SH,20260303,1.635,1.337
520720.SH,20260303,0.992,0.812
520760.SH,20260303,1.036,0.848
520770.SH,20260303,1.07,0.876
520780.SH,20260303,1.092,0.894
520810.SH,20260303,1.18,0.966
520820.SH,20260303,1.07,0.876
520830.SH,20260303,0.983,0.805
520840.SH,20260303,0.923,0.755
520850.SH,20260303,0.954,0.78
520860.SH,20260303,0.927,0.759
520870.SH,20260303,1.373,1.123
520880.SH,20260303,0.53,0.434
520890.SH,20260303,1.665,1.363
520900.SH,20260303,1.246,1.02
520910.SH,20260303,0.903,0.739
520920.SH,20260303,0.833,0.681
520930.SH,20260303,1.037,0.849
520940.SH,20260303,1.151,0.941
520950.SH,20260303,1.002,0.82
520960.SH,20260303,1.057,0.865
520970.SH,20260303,0.914,0.748
520980.SH,20260303,1.058,0.866
520990.SH,20260303,1.203,0.985
530000.SH,20260303,1.56,1.276
530050.SH,20260303,1.327,1.085
530060.SH,20260303,1.129,0.923
530080.SH,20260303,1.405,1.149
530100.SH,20260303,1.318,1.078
530180.SH,20260303,1.371,1.121
530280.SH,20260303,1.394,1.14
530300.SH,20260303,1.405,1.149
530380.SH,20260303,1.29,1.056
530530.SH,20260303,1.316,1.076
530580.SH,20260303,1.355,1.109
530680.SH,20260303,1.337,1.094
530800.SH,20260303,1.394,1.14
530880.SH,20260303,1.186,0.97
551000.SH,20260303,110.36,90.294
551030.SH,20260303,110.358,90.293
551060.SH,20260303,110.495,90.405
551300.SH,20260303,110.62,90.508
551500.SH,20260303,110.697,90.571
551510.SH,20260303,110.839,90.687
551520.SH,20260303,110.483,90.395
551550.SH,20260303,110.29,90.238
551560.SH,20260303,110.45,90.368
551580.SH,20260303,110.825,90.675
551800.SH,20260303,110.677,90.554
551900.SH,20260303,110.298,90.244
560000.SH,20260303,0.953,0.779
560010.SH,20260303,3.829,3.133
560020.SH,20260303,1.275,1.043
560030.SH,20260303,1.505,1.231
560050.SH,20260303,1.148,0.94
560060.SH,20260303,1.21,0.99
560070.SH,20260303,1.393,1.139
560080.SH,20260303,1.146,0.938
560090.SH,20260303,1.361,1.113
560100.SH,20260303,1.591,1.301
560110.SH,20260303,1.378,1.128
560120.SH,20260303,1.659,1.357
560130.SH,20260303,1.075,0.879
560150.SH,20260303,1.262,1.032
560160.SH,20260303,1.069,0.875
560170.SH,20260303,1.31,1.072
560180.SH,20260303,1.313,1.075
560190.SH,20260303,1.178,0.964
560220.SH,20260303,1.759,1.439
560230.SH,20260303,1.131,0.925
560260.SH,20260303,0.96,0.786
560280.SH,20260303,2.041,1.67
560290.SH,20260303,1.197,0.979
560300.SH,20260303,2.363,1.933
560310.SH,20260303,1.117,0.914
560330.SH,20260303,1.387,1.135
560350.SH,20260303,1.4,1.146
560360.SH,20260303,1.737,1.421
560370.SH,20260303,1.117,0.914
560380.SH,20260303,1.398,1.144
560500.SH,20260303,1.525,1.247
560510.SH,20260303,1.361,1.113
560520.SH,20260303,1.265,1.035
560530.SH,20260303,1.407,1.151
560550.SH,20260303,1.244,1.018
560560.SH,20260303,0.855,0.699
560570.SH,20260303,1.14,0.932
560580.SH,20260303,1.278,1.046
560590.SH,20260303,1.768,1.446
560610.SH,20260303,1.363,1.115
560620.SH,20260303,1.104,0.904
560630.SH,20260303,1.294,1.058
560650.SH,20260303,1.198,0.98
560660.SH,20260303,2.448,2.003
560680.SH,20260303,0.924,0.756
560690.SH,20260303,2.266,1.854
560700.SH,20260303,1.398,1.144
560710.SH,20260303,1.238,1.013
560750.SH,20260303,1.505,1.231
560770.SH,20260303,1.151,0.941
560780.SH,20260303,2.268,1.856
560800.SH,20260303,1.153,0.943
560810.SH,20260303,1.355,1.109
560820.SH,20260303,1.3,1.064
560850.SH,20260303,1.64,1.342
560860.SH,20260303,2.345,1.919
560880.SH,20260303,1.794,1.468
560890.SH,20260303,1.305,1.067
560900.SH,20260303,0.952,0.779
560950.SH,20260303,1.643,1.345
560980.SH,20260303,0.947,0.775
560990.SH,20260303,1.201,0.983
561000.SH,20260303,1.418,1.16
561010.SH,20260303,1.288,1.054
561060.SH,20260303,1.31,1.072
561080.SH,20260303,1.555,1.273
561090.SH,20260303,1.379,1.129
561100.SH,20260303,1.487,1.217
561120.SH,20260303,1.524,1.247
561130.SH,20260303,1.057,0.865
561160.SH,20260303,0.909,0.743
561170.SH,20260303,1.317,1.077
561180.SH,20260303,1.488,1.218
561190.SH,20260303,1.249,1.022
561200.SH,20260303,1.639,1.341
561220.SH,20260303,1.724,1.41
561230.SH,20260303,1.441,1.179
561260.SH,20260303,1.582,1.294
561280.SH,20260303,1.969,1.611
561300.SH,20260303,1.132,0.926
561310.SH,20260303,1.333,1.091
561320.SH,20260303,1.122,0.918
561330.SH,20260303,2.815,2.303
561350.SH,20260303,1.497,1.225
561360.SH,20260303,1.92,1.571
561370.SH,20260303,1.726,1.412
561380.SH,20260303,2.401,1.965
561500.SH,20260303,0.939,0.769
561510.SH,20260303,1.117,0.914
561550.SH,20260303,1.62,1.326
561560.SH,20260303,1.48,1.211
561570.SH,20260303,1.791,1.465
561580.SH,20260303,1.442,1.18
561590.SH,20260303,1.713,1.401
561600.SH,20260303,1.379,1.129
561660.SH,20260303,1.544,1.264
561680.SH,20260303,1.13,0.924
561700.SH,20260303,1.279,1.047
561750.SH,20260303,1.286,1.052
561760.SH,20260303,1.782,1.458
561770.SH,20260303,1.408,1.152
561780.SH,20260303,1.826,1.494
561790.SH,20260303,1.58,1.292
561800.SH,20260303,1.427,1.167
561870.SH,20260303,1.55,1.268
561880.SH,20260303,1.437,1.175
561900.SH,20260303,1.09,0.892
561910.SH,20260303,0.906,0.742
561920.SH,20260303,0.772,0.632
561930.SH,20260303,1.713,1.401
561950.SH,20260303,1.694,1.386
561960.SH,20260303,1.5,1.228
561980.SH,20260303,2.583,2.113
561990.SH,20260303,1.175,0.961
562000.SH,20260303,0.671,0.549
562010.SH,20260303,1.129,0.923
562030.SH,20260303,0.618,0.506
562050.SH,20260303,1.073,0.878
562060.SH,20260303,0.732,0.599
562070.SH,20260303,1.126,0.922
562080.SH,20260303,0.743,0.608
562300.SH,20260303,0.851,0.697
562310.SH,20260303,1.145,0.937
562320.SH,20260303,1.5,1.228
562330.SH,20260303,1.53,1.252
562340.SH,20260303,1.597,1.307
562350.SH,20260303,1.279,1.047
562360.SH,20260303,1.261,1.031
562380.SH,20260303,1.35,1.104
562390.SH,20260303,1.047,0.857
562500.SH,20260303,1.167,0.955
562510.SH,20260303,0.836,0.684
562520.SH,20260303,1.623,1.328
562530.SH,20260303,1.571,1.285
562550.SH,20260303,1.315,1.076
562560.SH,20260303,2.188,1.79
562570.SH,20260303,1.629,1.333
562580.SH,20260303,1.373,1.123
562590.SH,20260303,2.164,1.77
562600.SH,20260303,0.967,0.791
562660.SH,20260303,2.138,1.75
562700.SH,20260303,1.664,1.362
562800.SH,20260303,1.339,1.095
562810.SH,20260303,1.296,1.06
562820.SH,20260303,2.78,2.274
562850.SH,20260303,1.592,1.302
562860.SH,20260303,0.749,0.613
562870.SH,20260303,1.069,0.875
562880.SH,20260303,0.926,0.758
562890.SH,20260303,1.477,1.209
562900.SH,20260303,0.886,0.725
562910.SH,20260303,1.085,0.887
562920.SH,20260303,1.222,1.0
562930.SH,20260303,1.014,0.83
562950.SH,20260303,1.426,1.166
562960.SH,20260303,1.312,1.074
562970.SH,20260303,1.427,1.167
562990.SH,20260303,1.247,1.021
563000.SH,20260303,1.166,0.954
563010.SH,20260303,2.217,1.814
563020.SH,20260303,1.326,1.085
563030.SH,20260303,1.684,1.378
563050.SH,20260303,1.39,1.138
563060.SH,20260303,1.307,1.069
563080.SH,20260303,1.483,1.213
563090.SH,20260303,1.421,1.163
563150.SH,20260303,1.767,1.445
563180.SH,20260303,1.312,1.074
563200.SH,20260303,1.858,1.52
563210.SH,20260303,1.912,1.564
563220.SH,20260303,1.448,1.184
563230.SH,20260303,1.849,1.513
563280.SH,20260303,1.5,1.228
563300.SH,20260303,1.693,1.385
563320.SH,20260303,1.419,1.161
563330.SH,20260303,4.979,4.073
563350.SH,20260303,1.51,1.236
563360.SH,20260303,1.47,1.202
563380.SH,20260303,1.498,1.226
563390.SH,20260303,1.574,1.288
563500.SH,20260303,0.721,0.59
563510.SH,20260303,1.128,0.923
563520.SH,20260303,1.331,1.089
563530.SH,20260303,1.838,1.504
563550.SH,20260303,1.417,1.159
563560.SH,20260303,1.091,0.893
563570.SH,20260303,1.064,0.87
563580.SH,20260303,1.432,1.172
563590.SH,20260303,1.115,0.913
563600.SH,20260303,1.21,0.99
563620.SH,20260303,1.395,1.141
563630.SH,20260303,1.426,1.166
563650.SH,20260303,1.466,1.2
563660.SH,20260303,1.442,1.18
563670.SH,20260303,0.979,0.801
563680.SH,20260303,1.543,1.263
563690.SH,20260303,1.134,0.928
563700.SH,20260303,1.187,0.971
563750.SH,20260303,1.31,1.072
563760.SH,20260303,1.507,1.233
563770.SH,20260303,1.539,1.259
563780.SH,20260303,1.56,1.276
563790.SH,20260303,1.379,1.129
563800.SH,20260303,1.387,1.135
563830.SH,20260303,1.511,1.237
563850.SH,20260303,1.109,0.907
563860.SH,20260303,1.459,1.193
563870.SH,20260303,1.106,0.905
563880.SH,20260303,1.433,1.173
563890.SH,20260303,1.192,0.976
563900.SH,20260303,1.419,1.161
563930.SH,20260303,1.156,0.946
563960.SH,20260303,1.076,0.88
563980.SH,20260303,1.103,0.903
563990.SH,20260303,1.57,1.284
588000.SH,20260303,1.853,1.235
588010.SH,20260303,1.201,0.801
588020.SH,20260303,2.591,1.727
588030.SH,20260303,1.873,1.249
588040.SH,20260303,1.795,1.197
588050.SH,20260303,1.807,1.205
588060.SH,20260303,1.12,0.746
588070.SH,20260303,2.234,1.49
588080.SH,20260303,1.795,1.197
588090.SH,20260303,1.811,1.207
588100.SH,20260303,2.578,1.718
588110.SH,20260303,2.53,1.686
588120.SH,20260303,1.884,1.256
588130.SH,20260303,1.262,0.842
588140.SH,20260303,1.466,0.978
588150.SH,20260303,1.24,0.826
588160.SH,20260303,1.226,0.818
588170.SH,20260303,2.184,1.456
588180.SH,20260303,1.139,0.759
588190.SH,20260303,1.861,1.241
588200.SH,20260303,3.214,2.142
588210.SH,20260303,1.853,1.235
588220.SH,20260303,1.864,1.242
588230.SH,20260303,2.179,1.453
588240.SH,20260303,2.01,1.34
588250.SH,20260303,1.282,0.854
588260.SH,20260303,2.537,1.691
588270.SH,20260303,2.027,1.351
588280.SH,20260303,1.271,0.847
588290.SH,20260303,3.15,2.1
588300.SH,20260303,1.168,0.778
588310.SH,20260303,1.228,0.818
588320.SH,20260303,1.837,1.225
588330.SH,20260303,1.148,0.766
588350.SH,20260303,1.752,1.168
588360.SH,20260303,1.234,0.822
588370.SH,20260303,1.873,1.249
588380.SH,20260303,1.156,0.77
588390.SH,20260303,1.223,0.815
588400.SH,20260303,1.144,0.762
588410.SH,20260303,1.351,0.901
588420.SH,20260303,1.357,0.905
588430.SH,20260303,1.382,0.922
588450.SH,20260303,2.344,1.562
588460.SH,20260303,2.112,1.408
588500.SH,20260303,2.748,1.832
588520.SH,20260303,1.732,1.154
588550.SH,20260303,1.474,0.982
588660.SH,20260303,1.912,1.274
588670.SH,20260303,1.927,1.285
588680.SH,20260303,2.699,1.799
588690.SH,20260303,1.399,0.933
588700.SH,20260303,1.222,0.814
588710.SH,20260303,2.256,1.504
588720.SH,20260303,1.768,1.178
588730.SH,20260303,2.023,1.349
588750.SH,20260303,2.142,1.428
588760.SH,20260303,1.042,0.694
588770.SH,20260303,1.85,1.234
588780.SH,20260303,1.092,0.728
588790.SH,20260303,1.099,0.733
588800.SH,20260303,1.838,1.226
588810.SH,20260303,2.272,1.514
588820.SH,20260303,2.329,1.553
588830.SH,20260303,2.044,1.362
588840.SH,20260303,1.63,1.086
588850.SH,20260303,1.967,1.311
588860.SH,20260303,0.811,0.541
588870.SH,20260303,1.792,1.194
588880.SH,20260303,1.828,1.218
588890.SH,20260303,3.616,2.41
588900.SH,20260303,1.889,1.259
588910.SH,20260303,1.795,1.197
588920.SH,20260303,2.06,1.374
588930.SH,20260303,2.141,1.427
588940.SH,20260303,1.81,1.206
588950.SH,20260303,1.822,1.214
588960.SH,20260303,1.852,1.234
588980.SH,20260303,1.691,1.127
588990.SH,20260303,3.335,2.223
589000.SH,20260303,1.75,1.166
589010.SH,20260303,1.94,1.294
589020.SH,20260303,1.765,1.177
589030.SH,20260303,1.262,0.842
589050.SH,20260303,1.535,1.023
589060.SH,20260303,1.83,1.22
589070.SH,20260303,1.19,0.794
589080.SH,20260303,1.746,1.164
589090.SH,20260303,1.46,0.974
589100.SH,20260303,2.063,1.375
589110.SH,20260303,1.27,0.846
589120.SH,20260303,0.92,0.614
589130.SH,20260303,1.271,0.847
589150.SH,20260303,1.288,0.858
589160.SH,20260303,1.158,0.772
589170.SH,20260303,1.206,0.804
589180.SH,20260303,1.997,1.331
589190.SH,20260303,1.166,0.778
589200.SH,20260303,1.674,1.116
589210.SH,20260303,1.499,0.999
589220.SH,20260303,1.226,0.818
589230.SH,20260303,1.186,0.79
589300.SH,20260303,1.904,1.27
589380.SH,20260303,1.937,1.291
589500.SH,20260303,1.77,1.18
589520.SH,20260303,0.829,0.553
589550.SH,20260303,1.585,1.057
589560.SH,20260303,1.319,0.879
589580.SH,20260303,1.756,1.17
589600.SH,20260303,1.732,1.154
589630.SH,20260303,1.781,1.187
589660.SH,20260303,1.762,1.174
589680.SH,20260303,1.72,1.146
589700.SH,20260303,2.167,1.445
589720.SH,20260303,0.996,0.664
589770.SH,20260303,1.76,1.174
589780.SH,20260303,1.475,0.983
589800.SH,20260303,1.75,1.166
589820.SH,20260303,1.529,1.019
589850.SH,20260303,1.681,1.121
589860.SH,20260303,1.738,1.158
589880.SH,20260303,1.744,1.162
589890.SH,20260303,1.736,1.158
589900.SH,20260303,1.758,1.172
589950.SH,20260303,1.379,0.919
589960.SH,20260303,1.412,0.942
589980.SH,20260303,1.916,1.278
589990.SH,20260303,1.805,1.203
600000.SH,20260303,10.65,8.71
600004.SH,20260303,10.18,8.33
600006.SH,20260303,7.51,6.15
600007.SH,20260303,22.2,18.16
600008.SH,20260303,3.5,2.86
600009.SH,20260303,32.96,26.96
600010.SH,20260303,3.65,2.99
600011.SH,20260303,8.14,6.66
600012.SH,20260303,15.96,13.06
600015.SH,20260303,7.46,6.1
600016.SH,20260303,4.35,3.56
600017.SH,20260303,3.56,2.92
600018.SH,20260303,5.64,4.62
600019.SH,20260303,8.04,6.58
600020.SH,20260303,4.54,3.72
600021.SH,20260303,23.87,19.53
600022.SH,20260303,1.94,1.58
600023.SH,20260303,5.97,4.89
600025.SH,20260303,10.6,8.68
600026.SH,20260303,24.9,20.38
600027.SH,20260303,5.71,4.67
600028.SH,20260303,7.82,6.4
600029.SH,20260303,7.7,6.3
600030.SH,20260303,29.78,24.36
600031.SH,20260303,25.27,20.67
600032.SH,20260303,9.22,7.54
600033.SH,20260303,4.16,3.4
600035.SH,20260303,4.42,3.62
600036.SH,20260303,42.54,34.8
600037.SH,20260303,8.66,7.08
600038.SH,20260303,42.83,35.05
600039.SH,20260303,11.17,9.14
600048.SH,20260303,7.47,6.11
600050.SH,20260303,5.42,4.44
600051.SH,20260303,8.81,7.21
600052.SH,20260303,4.76,3.9
600053.SH,20260303,19.73,16.15
600054.SH,20260303,13.53,11.07
600055.SH,20260303,16.62,13.6
600056.SH,20260303,11.63,9.51
600057.SH,20260303,9.39,7.69
600058.SH,20260303,14.92,12.2
600059.SH,20260303,10.62,8.69
600060.SH,20260303,24.75,20.25
600061.SH,20260303,8.13,6.65
600062.SH,20260303,20.1,16.44
600063.SH,20260303,8.03,6.57
600064.SH,20260303,9.68,7.92
600066.SH,20260303,33.29,27.23
600067.SH,20260303,4.61,3.77
600071.SH,20260303,22.91,18.75
600072.SH,20260303,14.45,11.83
600073.SH,20260303,7.28,5.96
600075.SH,20260303,7.68,6.28
600076.SH,20260303,4.22,3.46
600078.SH,20260303,14.54,11.9
600079.SH,20260303,21.0,19.0
600080.SH,20260303,9.71,7.95
600081.SH,20260303,12.76,10.44
600082.SH,20260303,4.35,3.56
600084.SH,20260303,7.36,6.02
600085.SH,20260303,33.42,27.34
600088.SH,20260303,17.38,14.22
600089.SH,20260303,34.64,28.34
600094.SH,20260303,5.17,4.23
600095.SH,20260303,11.51,9.41
600096.SH,20260303,48.39,39.59
600097.SH,20260303,13.08,10.7
600098.SH,20260303,8.51,6.97
600099.SH,20260303,12.13,9.93
600100.SH,20260303,10.29,8.42
600101.SH,20260303,12.11,9.91
600103.SH,20260303,4.18,3.42
600104.SH,20260303,15.71,12.85
600105.SH,20260303,33.62,27.5
600106.SH,20260303,6.72,5.5
600107.SH,20260303,6.18,5.6
600108.SH,20260303,4.81,3.93
600109.SH,20260303,9.88,8.08
600110.SH,20260303,9.32,7.62
600111.SH,20260303,67.91,55.57
600113.SH,20260303,62.85,51.43
600114.SH,20260303,38.19,31.25
600115.SH,20260303,6.11,5.0
600116.SH,20260303,7.6,6.22
600117.SH,20260303,3.31,2.71
600118.SH,20260303,110.19,90.15
600119.SH,20260303,7.05,5.77
600120.SH,20260303,7.11,5.81
600121.SH,20260303,5.21,4.27
600123.SH,20260303,7.27,5.95
600125.SH,20260303,7.28,5.96
600126.SH,20260303,10.55,8.63
600127.SH,20260303,7.71,6.31
600128.SH,20260303,12.57,10.29
600129.SH,20260303,19.02,15.56
600130.SH,20260303,4.76,4.3
600131.SH,20260303,21.9,17.92
600132.SH,20260303,61.61,50.41
600133.SH,20260303,10.69,8.75
600135.SH,20260303,10.18,8.33
600136.SH,20260303,1.96,1.78
600137.SH,20260303,23.45,19.19
600138.SH,20260303,10.57,8.65
600141.SH,20260303,46.97,38.43
600143.SH,20260303,20.65,16.89
600148.SH,20260303,21.98,17.98
600149.SH,20260303,6.67,5.45
600150.SH,20260303,41.94,34.32
600151.SH,20260303,16.93,13.85
600152.SH,20260303,10.22,8.36
600153.SH,20260303,10.69,8.75
600155.SH,20260303,7.55,6.17
600156.SH,20260303,8.67,7.09
600157.SH,20260303,2.1,1.72
600158.SH,20260303,11.61,9.5
600159.SH,20260303,3.34,2.74
600160.SH,20260303,47.63,38.97
600161.SH,20260303,18.02,14.74
600162.SH,20260303,2.06,1.68
600163.SH,20260303,7.1,5.81
600165.SH,20260303,4.03,3.65
600166.SH,20260303,3.44,2.82
600167.SH,20260303,7.68,6.28
600168.SH,20260303,5.82,4.76
600169.SH,20260303,2.63,2.38
600170.SH,20260303,3.25,2.66
600171.SH,20260303,33.53,27.43
600172.SH,20260303,10.56,8.64
600173.SH,20260303,8.81,7.21
600176.SH,20260303,31.19,25.52
600177.SH,20260303,7.98,6.53
600178.SH,20260303,13.61,11.13
600179.SH,20260303,5.57,4.55
600180.SH,20260303,4.08,3.34
600182.SH,20260303,15.37,13.91
600183.SH,20260303,75.3,61.61
600184.SH,20260303,21.35,17.47
600185.SH,20260303,7.39,6.05
600186.SH,20260303,6.82,5.58
600187.SH,20260303,2.3,1.88
600188.SH,20260303,20.74,16.97
600189.SH,20260303,9.28,7.6
600191.SH,20260303,14.42,11.8
600192.SH,20260303,10.51,8.6
600193.SH,20260303,4.52,4.09
600195.SH,20260303,8.78,7.18
600196.SH,20260303,28.75,23.53
600197.SH,20260303,14.42,11.8
600198.SH,20260303,10.68,8.74
600199.SH,20260303,10.0,8.18
600201.SH,20260303,17.16,14.04
600202.SH,20260303,6.9,5.64
600203.SH,20260303,13.61,11.13
600206.SH,20260303,28.33,23.18
600207.SH,20260303,6.08,4.98
600208.SH,20260303,3.99,3.27
600210.SH,20260303,8.44,6.9
600211.SH,20260303,46.31,37.89
600212.SH,20260303,8.29,6.79
600215.SH,20260303,8.2,6.71
600216.SH,20260303,18.76,15.35
600217.SH,20260303,4.59,3.75
600218.SH,20260303,11.94,9.77
600219.SH,20260303,8.15,6.67
600221.SH,20260303,1.79,1.47
600222.SH,20260303,7.73,6.33
600223.SH,20260303,7.94,6.5
600226.SH,20260303,6.39,5.23
600227.SH,20260303,3.49,2.85
600228.SH,20260303,5.83,5.27
600229.SH,20260303,6.99,5.72
600230.SH,20260303,29.17,23.87
600231.SH,20260303,2.68,2.2
600232.SH,20260303,9.3,7.61
600233.SH,20260303,21.21,17.35
600234.SH,20260303,15.22,12.46
600235.SH,20260303,7.89,6.45
600236.SH,20260303,10.76,8.8
600237.SH,20260303,11.78,9.64
600238.SH,20260303,5.8,5.24
600239.SH,20260303,2.56,2.1
600241.SH,20260303,9.36,7.66
600243.SH,20260303,3.8,3.44
600246.SH,20260303,13.39,10.95
600248.SH,20260303,4.02,3.29
600249.SH,20260303,6.37,5.21
600250.SH,20260303,12.05,9.86
600251.SH,20260303,12.58,10.3
600252.SH,20260303,2.83,2.31
600255.SH,20260303,4.33,3.55
600256.SH,20260303,7.12,5.82
600257.SH,20260303,7.74,6.34
600258.SH,20260303,18.72,15.32
600259.SH,20260303,123.52,101.06
600261.SH,20260303,4.16,3.4
600262.SH,20260303,35.17,28.77
600265.SH,20260303,20.93,18.93
600266.SH,20260303,5.98,4.9
600267.SH,20260303,11.24,9.2
600268.SH,20260303,15.51,12.69
600269.SH,20260303,5.43,4.45
600271.SH,20260303,10.9,8.92
600272.SH,20260303,14.49,11.85
600273.SH,20260303,12.72,10.4
600276.SH,20260303,59.99,49.09
600278.SH,20260303,9.15,7.49
600279.SH,20260303,6.07,4.97
600280.SH,20260303,3.84,3.14
600281.SH,20260303,7.21,5.9
600282.SH,20260303,6.58,5.38
600283.SH,20260303,10.31,8.43
600284.SH,20260303,8.67,7.09
600285.SH,20260303,23.83,19.49
600287.SH,20260303,6.4,5.24
600288.SH,20260303,17.11,14.0
600289.SH,20260303,7.41,6.71
600292.SH,20260303,16.74,13.7
600293.SH,20260303,3.98,3.26
600295.SH,20260303,19.33,15.81
600298.SH,20260303,47.81,39.11
600299.SH,20260303,12.83,10.49
600300.SH,20260303,4.03,3.29
600301.SH,20260303,78.36,64.12
600302.SH,20260303,13.45,11.01
600303.SH,20260303,3.65,2.99
600305.SH,20260303,8.64,7.07
600307.SH,20260303,2.16,1.76
600308.SH,20260303,4.63,3.79
600309.SH,20260303,103.75,84.89
600310.SH,20260303,4.58,3.74
600312.SH,20260303,25.72,21.04
600313.SH,20260303,9.0,7.36
600315.SH,20260303,23.98,19.62
600316.SH,20260303,47.62,38.96
600318.SH,20260303,10.19,8.33
600319.SH,20260303,9.42,7.7
600320.SH,20260303,6.15,5.03
600322.SH,20260303,2.52,2.06
600323.SH,20260303,32.02,26.2
600325.SH,20260303,4.72,3.86
600326.SH,20260303,12.18,9.96
600327.SH,20260303,4.55,3.73
600328.SH,20260303,10.71,8.77
600329.SH,20260303,46.43,37.99
600330.SH,20260303,19.4,15.88
600331.SH,20260303,23.8,19.48
600332.SH,20260303,27.95,22.87
600333.SH,20260303,6.51,5.33
600335.SH,20260303,7.26,5.94
600336.SH,20260303,8.22,6.72
600337.SH,20260303,2.9,2.38
600338.SH,20260303,21.63,17.69
600339.SH,20260303,5.13,4.19
600340.SH,20260303,1.78,1.46
600343.SH,20260303,40.68,33.28
600345.SH,20260303,51.72,42.32
600346.SH,20260303,29.15,23.85
600348.SH,20260303,11.37,9.31
600350.SH,20260303,10.73,8.78
600351.SH,20260303,7.33,5.99
600352.SH,20260303,18.4,15.06
600353.SH,20260303,21.33,17.45
600354.SH,20260303,7.87,6.44
600355.SH,20260303,1.3,1.18
600356.SH,20260303,10.82,8.86
600358.SH,20260303,6.86,6.2
600359.SH,20260303,8.7,7.12
600360.SH,20260303,9.9,8.96
600361.SH,20260303,5.31,4.35
600362.SH,20260303,65.57,53.65
600363.SH,20260303,71.26,58.3
600365.SH,20260303,3.29,2.97
600366.SH,20260303,16.36,13.38
600367.SH,20260303,25.91,21.2
600368.SH,20260303,4.43,3.63
600369.SH,20260303,4.97,4.07
600370.SH,20260303,2.55,2.09
600371.SH,20260303,10.52,8.6
600372.SH,20260303,17.68,14.46
600373.SH,20260303,10.23,8.37
600375.SH,20260303,6.23,5.09
600376.SH,20260303,5.81,4.75
600377.SH,20260303,13.28,10.86
600378.SH,20260303,42.59,34.85
600379.SH,20260303,14.31,11.71
600380.SH,20260303,12.4,10.14
600381.SH,20260303,3.02,2.74
600382.SH,20260303,9.7,7.94
600383.SH,20260303,3.53,2.89
600386.SH,20260303,4.73,3.87
600388.SH,20260303,22.78,18.64
600389.SH,20260303,33.2,27.16
600390.SH,20260303,6.34,5.18
600391.SH,20260303,57.31,46.89
600392.SH,20260303,35.39,28.95
600395.SH,20260303,6.58,5.38
600396.SH,20260303,3.62,2.96
600397.SH,20260303,23.65,19.35
600398.SH,20260303,6.94,5.68
600399.SH,20260303,8.57,7.01
600400.SH,20260303,2.52,2.06
600403.SH,20260303,7.88,6.44
600405.SH,20260303,5.9,4.82
600406.SH,20260303,31.16,25.5
600408.SH,20260303,4.29,3.51
600409.SH,20260303,9.6,7.86
600410.SH,20260303,32.98,26.98
600415.SH,20260303,15.86,12.98
600416.SH,20260303,16.09,13.17
600418.SH,20260303,59.19,48.43
600419.SH,20260303,10.68,8.74
600420.SH,20260303,11.8,9.66
600421.SH,20260303,8.1,7.32
600422.SH,20260303,13.27,10.85
600423.SH,20260303,4.43,3.63
600425.SH,20260303,5.14,4.2
600426.SH,20260303,44.55,36.45
600428.SH,20260303,9.32,7.62
600429.SH,20260303,5.65,4.63
600433.SH,20260303,3.97,3.25
600435.SH,20260303,20.76,16.98
600436.SH,20260303,175.45,143.55
600438.SH,20260303,19.98,16.34
600439.SH,20260303,3.03,2.48
600444.SH,20260303,21.53,17.61
600446.SH,20260303,16.31,13.35
600448.SH,20260303,3.6,2.94
600449.SH,20260303,14.53,11.89
600452.SH,20260303,16.07,13.15
600455.SH,20260303,31.09,25.43
600456.SH,20260303,48.32,39.54
600458.SH,20260303,16.12,13.19
600459.SH,20260303,28.9,23.64
600460.SH,20260303,34.24,28.02
600461.SH,20260303,11.02,9.02
600463.SH,20260303,12.66,10.36
600467.SH,20260303,2.86,2.34
600468.SH,20260303,8.58,7.02
600469.SH,20260303,8.14,6.66
600470.SH,20260303,9.27,7.59
600475.SH,20260303,23.52,19.24
600476.SH,20260303,14.31,11.71
600477.SH,20260303,4.08,3.34
600478.SH,20260303,8.92,7.3
600479.SH,20260303,12.36,10.12
600480.SH,20260303,12.58,10.3
600481.SH,20260303,9.27,7.59
600482.SH,20260303,37.04,30.3
600483.SH,20260303,11.25,9.21
600486.SH,20260303,88.94,72.77
600487.SH,20260303,54.56,44.64
600488.SH,20260303,4.59,3.75
600489.SH,20260303,38.52,31.52
600490.SH,20260303,11.81,9.67
600491.SH,20260303,3.54,2.9
600493.SH,20260303,8.56,7.0
600495.SH,20260303,5.36,4.38
600496.SH,20260303,4.95,4.05
600497.SH,20260303,12.34,10.1
600498.SH,20260303,62.38,51.04
600499.SH,20260303,19.45,15.91
600500.SH,20260303,5.26,4.3
600501.SH,20260303,30.58,25.02
600502.SH,20260303,5.29,4.33
600503.SH,20260303,2.89,2.37
600505.SH,20260303,16.73,13.69
600506.SH,20260303,30.24,24.74
600507.SH,20260303,7.87,6.44
600508.SH,20260303,14.56,11.92
600509.SH,20260303,10.1,8.26
600510.SH,20260303,10.78,8.82
600511.SH,20260303,32.75,26.79
600512.SH,20260303,2.75,2.25
600513.SH,20260303,22.34,18.28
600515.SH,20260303,4.52,3.7
600516.SH,20260303,7.17,5.87
600517.SH,20260303,8.07,6.61
600518.SH,20260303,2.09,1.71
600519.SH,20260303,1584.12,1296.1
600520.SH,20260303,30.27,24.77
600521.SH,20260303,17.4,14.24
600522.SH,20260303,33.22,27.18
600523.SH,20260303,17.44,14.27
600525.SH,20260303,5.69,5.15
600526.SH,20260303,6.56,5.36
600527.SH,20260303,2.56,2.1
600528.SH,20260303,9.34,7.64
600529.SH,20260303,22.08,18.06
600530.SH,20260303,6.69,5.47
600531.SH,20260303,21.25,17.39
600533.SH,20260303,2.89,2.37
600535.SH,20260303,15.72,12.86
600536.SH,20260303,47.43,38.81
600537.SH,20260303,3.93,3.21
600538.SH,20260303,6.94,5.68
600539.SH,20260303,12.08,9.88
600540.SH,20260303,5.96,4.88
600543.SH,20260303,5.78,4.73
600545.SH,20260303,3.69,3.02
600546.SH,20260303,13.26,10.85
600547.SH,20260303,57.23,46.83
600548.SH,20260303,9.88,8.08
600549.SH,20260303,82.39,67.41
600550.SH,20260303,19.05,15.59
600551.SH,20260303,9.25,7.57
600552.SH,20260303,16.04,13.12
600556.SH,20260303,7.44,6.08
600557.SH,20260303,15.5,12.68
600558.SH,20260303,7.17,5.87
600559.SH,20260303,16.65,13.63
600560.SH,20260303,17.91,14.65
600561.SH,20260303,7.63,6.25
600562.SH,20260303,33.99,27.81
600563.SH,20260303,131.31,107.43
600566.SH,20260303,30.58,25.02
600567.SH,20260303,1.91,1.57
600568.SH,20260303,3.0,2.72
600569.SH,20260303,2.96,2.42
600570.SH,20260303,31.85,26.06
600571.SH,20260303,16.58,13.56
600572.SH,20260303,4.9,4.01
600573.SH,20260303,13.0,10.64
600575.SH,20260303,4.1,3.36
600576.SH,20260303,6.99,5.72
600577.SH,20260303,16.47,13.47
600578.SH,20260303,6.16,5.04
600579.SH,20260303,10.05,8.23
600580.SH,20260303,47.5,38.86
600581.SH,20260303,3.29,2.69
600582.SH,20260303,6.75,5.53
600583.SH,20260303,8.72,7.14
600584.SH,20260303,51.45,42.09
600585.SH,20260303,28.68,23.46
600586.SH,20260303,7.02,5.74
600587.SH,20260303,16.75,13.71
600588.SH,20260303,15.08,12.34
600589.SH,20260303,13.44,11.0
600590.SH,20260303,15.98,13.08
600592.SH,20260303,25.53,20.89
600593.SH,20260303,42.2,34.52
600594.SH,20260303,4.37,3.57
600595.SH,20260303,9.75,7.97
600596.SH,20260303,15.02,12.29
600597.SH,20260303,8.7,7.12
600598.SH,20260303,18.66,15.26
600599.SH,20260303,5.68,5.14
600600.SH,20260303,68.17,55.77
600601.SH,20260303,12.19,9.97
600602.SH,20260303,23.43,19.17
600603.SH,20260303,7.89,6.45
600604.SH,20260303,5.9,4.82
600605.SH,20260303,29.69,24.29
600606.SH,20260303,1.84,1.5
600608.SH,20260303,3.48,3.14
600609.SH,20260303,4.95,4.05
600610.SH,20260303,12.99,10.63
600611.SH,20260303,6.11,5.0
600612.SH,20260303,49.03,40.11
600613.SH,20260303,6.91,5.65
600615.SH,20260303,13.49,11.03
600616.SH,20260303,5.91,4.83
600617.SH,20260303,3.7,3.02
600618.SH,20260303,17.14,14.02
600619.SH,20260303,20.01,16.37
600620.SH,20260303,7.16,5.86
600621.SH,20260303,17.61,14.41
600622.SH,20260303,3.12,2.56
600623.SH,20260303,11.29,9.23
600624.SH,20260303,5.53,5.01
600626.SH,20260303,5.13,4.19
600628.SH,20260303,8.28,6.78
600629.SH,20260303,22.52,18.42
600630.SH,20260303,9.75,7.97
600633.SH,20260303,15.15,12.39
600635.SH,20260303,6.91,5.65
600636.SH,20260303,9.07,8.21
600637.SH,20260303,12.18,9.96
600638.SH,20260303,7.44,6.08
600639.SH,20260303,11.56,9.46
600640.SH,20260303,14.59,11.93
600641.SH,20260303,20.6,16.86
600642.SH,20260303,9.71,7.95
600643.SH,20260303,5.23,4.28
600644.SH,20260303,14.09,11.53
600645.SH,20260303,30.34,24.82
600648.SH,20260303,11.51,9.41
600649.SH,20260303,5.48,4.48
600650.SH,20260303,16.21,13.27
600651.SH,20260303,8.4,6.88
600653.SH,20260303,2.1,1.72
600654.SH,20260303,3.98,3.26
600655.SH,20260303,5.64,4.62
600657.SH,20260303,3.7,3.02
600658.SH,20260303,5.61,4.59
600660.SH,20260303,66.52,54.42
600661.SH,20260303,11.33,9.27
600662.SH,20260303,6.29,5.15
600663.SH,20260303,9.03,7.39
600664.SH,20260303,3.88,3.18
600665.SH,20260303,3.85,3.15
600666.SH,20260303,4.26,3.48
600667.SH,20260303,11.77,9.63
600668.SH,20260303,12.3,10.06
600671.SH,20260303,23.17,18.95
600673.SH,20260303,41.58,34.02
600674.SH,20260303,16.27,13.31
600675.SH,20260303,3.1,2.54
600676.SH,20260303,8.83,7.23
600678.SH,20260303,12.99,10.63
600679.SH,20260303,13.67,11.19
600681.SH,20260303,4.76,3.9
600682.SH,20260303,7.87,6.44
600683.SH,20260303,7.55,6.17
600684.SH,20260303,5.69,4.65
600685.SH,20260303,40.94,33.5
600686.SH,20260303,19.01,15.55
600688.SH,20260303,3.84,3.14
600689.SH,20260303,15.58,12.74
600690.SH,20260303,27.85,22.79
600691.SH,20260303,3.75,3.07
600692.SH,20260303,8.81,7.21
600693.SH,20260303,14.53,11.89
600694.SH,20260303,19.54,15.98
600696.SH,20260303,2.09,1.89
600697.SH,20260303,14.45,11.83
600698.SH,20260303,9.7,7.94
600699.SH,20260303,30.11,24.63
600702.SH,20260303,56.13,45.93
600703.SH,20260303,17.89,14.63
600704.SH,20260303,6.42,5.26
600706.SH,20260303,11.32,9.26
600707.SH,20260303,7.7,6.3
600708.SH,20260303,4.51,3.69
600710.SH,20260303,15.2,12.44
600711.SH,20260303,18.49,15.13
600712.SH,20260303,6.93,5.67
600713.SH,20260303,6.01,4.91
600714.SH,20260303,21.74,17.78
600715.SH,20260303,2.43,1.99
600716.SH,20260303,5.13,4.19
600717.SH,20260303,5.28,4.32
600718.SH,20260303,10.99,8.99
600719.SH,20260303,7.19,5.89
600720.SH,20260303,8.07,6.61
600721.SH,20260303,9.85,8.06
600722.SH,20260303,11.35,9.29
600724.SH,20260303,7.26,5.94
600725.SH,20260303,5.87,4.81
600726.SH,20260303,2.98,2.44
600727.SH,20260303,8.98,7.34
600728.SH,20260303,7.23,5.91
600729.SH,20260303,25.8,21.11
600730.SH,20260303,11.03,9.03
600731.SH,20260303,8.57,7.01
600732.SH,20260303,15.6,12.76
600733.SH,20260303,8.81,7.21
600734.SH,20260303,4.77,3.91
600735.SH,20260303,7.07,6.39
600736.SH,20260303,7.49,6.13
600737.SH,20260303,17.57,14.37
600738.SH,20260303,5.6,4.58
600739.SH,20260303,13.39,10.95
600740.SH,20260303,5.46,4.46
600741.SH,20260303,21.29,17.42
600742.SH,20260303,12.13,9.93
600743.SH,20260303,2.11,1.73
600744.SH,20260303,8.78,7.18
600745.SH,20260303,35.72,29.22
600746.SH,20260303,9.19,7.52
600748.SH,20260303,5.64,4.62
600749.SH,20260303,17.42,14.26
600750.SH,20260303,27.68,22.64
600751.SH,20260303,4.68,3.83
600753.SH,20260303,11.4,10.32
600754.SH,20260303,30.91,25.29
600755.SH,20260303,7.44,6.08
600756.SH,20260303,18.21,14.9
600757.SH,20260303,9.99,8.17
600758.SH,20260303,4.48,3.66
600759.SH,20260303,7.51,6.15
600760.SH,20260303,63.75,52.16
600761.SH,20260303,23.78,19.46
600763.SH,20260303,55.72,45.59
600764.SH,20260303,32.69,26.75
600765.SH,20260303,23.52,19.24
600768.SH,20260303,19.34,15.82
600769.SH,20260303,14.38,11.76
600770.SH,20260303,7.07,5.79
600771.SH,20260303,19.17,15.69
600773.SH,20260303,16.85,13.79
600774.SH,20260303,11.11,9.09
600775.SH,20260303,15.65,12.81
600776.SH,20260303,20.22,16.54
600777.SH,20260303,4.9,4.44
600778.SH,20260303,7.65,6.26
600779.SH,20260303,40.52,33.16
600780.SH,20260303,7.22,5.9
600782.SH,20260303,4.76,3.9
600783.SH,20260303,26.03,21.29
600784.SH,20260303,8.11,6.63
600785.SH,20260303,22.28,18.23
600787.SH,20260303,6.53,5.35
600789.SH,20260303,9.87,8.07
600790.SH,20260303,4.38,3.58
600791.SH,20260303,9.12,7.46
600792.SH,20260303,5.43,4.45
600793.SH,20260303,22.34,18.28
600794.SH,20260303,4.47,3.65
600795.SH,20260303,5.47,4.47
600796.SH,20260303,7.59,6.21
600797.SH,20260303,11.63,9.51
600798.SH,20260303,4.64,3.8
600800.SH,20260303,4.96,4.06
600801.SH,20260303,26.35,21.56
600802.SH,20260303,7.03,5.75
600803.SH,20260303,24.05,19.67
600805.SH,20260303,6.16,5.04
600807.SH,20260303,3.66,3.0
600808.SH,20260303,4.74,3.88
600809.SH,20260303,174.37,142.67
600810.SH,20260303,9.21,7.53
600812.SH,20260303,6.12,5.0
600814.SH,20260303,9.01,7.37
600815.SH,20260303,3.62,2.96
600816.SH,20260303,3.16,2.58
600817.SH,20260303,13.45,11.01
600818.SH,20260303,10.24,8.38
600819.SH,20260303,9.12,7.46
600820.SH,20260303,7.26,5.94
600821.SH,20260303,8.14,6.66
600822.SH,20260303,11.77,9.63
600824.SH,20260303,4.76,3.9
600825.SH,20260303,6.79,5.55
600826.SH,20260303,12.75,10.43
600827.SH,20260303,9.68,7.92
600828.SH,20260303,6.48,5.3
600829.SH,20260303,11.54,9.44
600830.SH,20260303,10.55,8.63
600831.SH,20260303,4.75,3.89
600833.SH,20260303,13.93,11.39
600834.SH,20260303,9.33,7.63
600835.SH,20260303,28.95,23.69
600838.SH,20260303,11.88,9.72
600839.SH,20260303,11.15,9.13
600841.SH,20260303,11.68,9.56
600843.SH,20260303,12.31,10.07
600844.SH,20260303,3.7,3.02
600845.SH,20260303,26.18,21.42
600846.SH,20260303,14.21,11.63
600847.SH,20260303,15.18,12.42
600848.SH,20260303,12.29,10.05
600850.SH,20260303,30.65,25.07
600851.SH,20260303,8.69,7.11
600853.SH,20260303,4.69,3.83
600854.SH,20260303,5.75,4.71
600855.SH,20260303,23.21,18.99
600857.SH,20260303,14.34,11.74
600858.SH,20260303,6.77,5.54
600859.SH,20260303,14.75,12.07
600860.SH,20260303,15.43,12.63
600861.SH,20260303,19.47,15.93
600862.SH,20260303,29.91,24.47
600863.SH,20260303,5.72,4.68
600864.SH,20260303,7.08,5.8
600865.SH,20260303,13.82,11.3
600866.SH,20260303,8.57,7.01
600867.SH,20260303,9.67,7.91
600868.SH,20260303,4.46,3.65
600869.SH,20260303,15.99,13.09
600871.SH,20260303,3.88,3.18
600872.SH,20260303,20.48,16.76
600873.SH,20260303,12.6,10.31
600874.SH,20260303,7.05,5.77
600875.SH,20260303,41.26,33.76
600876.SH,20260303,11.85,9.69
600877.SH,20260303,21.07,17.24
600879.SH,20260303,29.79,24.37
600880.SH,20260303,5.96,4.88
600881.SH,20260303,1.97,1.61
600882.SH,20260303,23.49,19.22
600883.SH,20260303,9.42,7.7
600884.SH,20260303,16.65,13.63
600885.SH,20260303,34.55,28.27
600886.SH,20260303,14.81,12.11
600887.SH,20260303,28.6,23.4
600888.SH,20260303,10.46,8.56
600889.SH,20260303,18.76,15.35
600892.SH,20260303,3.99,3.61
600893.SH,20260303,67.49,55.22
600894.SH,20260303,10.62,8.69
600895.SH,20260303,43.37,35.49
600897.SH,20260303,18.92,15.48
600900.SH,20260303,29.23,23.91
600901.SH,20260303,7.11,5.81
600903.SH,20260303,7.7,6.3
600905.SH,20260303,4.62,3.78
600906.SH,20260303,7.48,6.12
600908.SH,20260303,6.51,5.33
600909.SH,20260303,6.94,5.68
600916.SH,20260303,13.53,11.07
600917.SH,20260303,6.42,5.26
600918.SH,20260303,6.96,5.7
600919.SH,20260303,11.48,9.4
600925.SH,20260303,5.28,4.32
600926.SH,20260303,18.12,14.82
600927.SH,20260303,16.8,13.74
600928.SH,20260303,4.14,3.38
600929.SH,20260303,7.22,5.9
600930.SH,20260303,6.66,5.45
600933.SH,20260303,19.64,16.07
600935.SH,20260303,3.19,2.61
600936.SH,20260303,4.47,3.65
600938.SH,20260303,43.41,35.51
600939.SH,20260303,3.55,2.91
600941.SH,20260303,105.14,86.02
600955.SH,20260303,22.21,18.17
600956.SH,20260303,8.72,7.14
600958.SH,20260303,10.91,8.93
600959.SH,20260303,4.43,3.63
600960.SH,20260303,6.45,5.27
600961.SH,20260303,28.61,23.41
600962.SH,20260303,23.29,19.05
600963.SH,20260303,7.23,5.91
600965.SH,20260303,6.6,5.4
600966.SH,20260303,9.34,7.64
600967.SH,20260303,20.12,16.46
600968.SH,20260303,5.54,4.54
600969.SH,20260303,11.41,9.33
600970.SH,20260303,12.27,10.04
600971.SH,20260303,8.42,6.89
600973.SH,20260303,8.28,6.78
600975.SH,20260303,6.23,5.09
600976.SH,20260303,35.45,29.01
600977.SH,20260303,15.72,12.86
600979.SH,20260303,5.57,4.55
600980.SH,20260303,29.03,23.75
600981.SH,20260303,3.55,2.91
600982.SH,20260303,5.5,4.5
600983.SH,20260303,13.11,10.73
600984.SH,20260303,5.56,4.55
600985.SH,20260303,15.38,12.58
600986.SH,20260303,12.72,10.4
600987.SH,20260303,9.36,7.66
600988.SH,20260303,48.3,39.52
600989.SH,20260303,28.95,23.69
600990.SH,20260303,30.75,25.16
600992.SH,20260303,15.6,12.76
600993.SH,20260303,29.36,24.02
600995.SH,20260303,16.46,13.46
600996.SH,20260303,9.09,7.43
600997.SH,20260303,7.13,5.83
600998.SH,20260303,5.87,4.81
600999.SH,20260303,18.12,14.82
601000.SH,20260303,4.71,3.85
601001.SH,20260303,18.68,15.28
601002.SH,20260303,6.0,4.91
601003.SH,20260303,6.24,5.1
601005.SH,20260303,1.79,1.47
601006.SH,20260303,5.67,4.64
601007.SH,20260303,8.7,7.12
601008.SH,20260303,6.29,5.15
601009.SH,20260303,12.45,10.19
601010.SH,20260303,2.74,2.24
601011.SH,20260303,4.17,3.41
601012.SH,20260303,19.93,16.31
601015.SH,20260303,5.69,4.65
601016.SH,20260303,3.61,2.95
601018.SH,20260303,4.7,3.84
601019.SH,20260303,9.97,8.15
601020.SH,20260303,44.77,36.63
601021.SH,20260303,57.95,47.41
601022.SH,20260303,11.24,9.2
601026.SH,20260303,23.38,19.13
601033.SH,20260303,17.08,13.98
601038.SH,20260303,16.14,13.2
601058.SH,20260303,16.87,13.81
601059.SH,20260303,19.38,15.86
601061.SH,20260303,17.6,14.4
601065.SH,20260303,9.76,7.98
601066.SH,20260303,25.81,21.11
601068.SH,20260303,7.04,5.76
601069.SH,20260303,43.88,35.9
601077.SH,20260303,7.15,5.85
601083.SH,20260303,13.73,11.23
601086.SH,20260303,10.03,8.21
601088.SH,20260303,49.2,40.26
601089.SH,20260303,26.28,21.5
601096.SH,20260303,6.73,5.51
601098.SH,20260303,12.03,9.85
601099.SH,20260303,4.52,3.7
601100.SH,20260303,123.31,100.89
601101.SH,20260303,9.31,7.61
601106.SH,20260303,5.69,4.65
601107.SH,20260303,6.88,5.63
601108.SH,20260303,9.42,7.7
601111.SH,20260303,8.91,7.29
601112.SH,20260303,22.57,18.47
601113.SH,20260303,5.29,4.33
601116.SH,20260303,16.89,13.82
601117.SH,20260303,10.36,8.48
601118.SH,20260303,8.47,6.93
601121.SH,20260303,9.8,8.02
601126.SH,20260303,52.94,43.32
601127.SH,20260303,116.81,95.57
601128.SH,20260303,7.95,6.51
601133.SH,20260303,19.62,16.06
601136.SH,20260303,19.79,16.19
601137.SH,20260303,22.43,18.35
601138.SH,20260303,61.08,49.98
601139.SH,20260303,7.87,6.44
601155.SH,20260303,18.57,15.19
601156.SH,20260303,20.57,16.83
601158.SH,20260303,5.07,4.15
601162.SH,20260303,4.44,3.64
601163.SH,20260303,17.09,13.99
601166.SH,20260303,20.14,16.48
601168.SH,20260303,39.86,32.62
601169.SH,20260303,5.97,4.89
601177.SH,20260303,18.27,14.95
601179.SH,20260303,17.78,14.54
601186.SH,20260303,8.09,6.62
601187.SH,20260303,8.25,6.75
601188.SH,20260303,3.99,3.27
601198.SH,20260303,15.36,12.56
601199.SH,20260303,6.77,5.54
601200.SH,20260303,9.48,7.76
601208.SH,20260303,38.41,31.43
601211.SH,20260303,20.71,16.95
601212.SH,20260303,12.95,10.59
601216.SH,20260303,6.64,5.44
601218.SH,20260303,6.27,5.13
601222.SH,20260303,6.82,5.58
601225.SH,20260303,27.29,22.33
601226.SH,20260303,13.11,10.73
601228.SH,20260303,3.96,3.24
601229.SH,20260303,10.73,8.78
601231.SH,20260303,53.26,43.58
601233.SH,20260303,28.36,23.2
601236.SH,20260303,8.98,7.34
601238.SH,20260303,8.76,7.16
601279.SH,20260303,4.8,3.92
601288.SH,20260303,7.13,5.83
601298.SH,20260303,10.29,8.42
601311.SH,20260303,10.6,8.68
601318.SH,20260303,68.59,56.12
601319.SH,20260303,9.42,7.7
601326.SH,20260303,3.99,3.27
601328.SH,20260303,7.24,5.92
601330.SH,20260303,8.09,6.62
601333.SH,20260303,3.42,2.8
601336.SH,20260303,83.28,68.14
601339.SH,20260303,7.87,6.44
601360.SH,20260303,13.18,10.78
601366.SH,20260303,5.08,4.16
601368.SH,20260303,5.9,4.82
601369.SH,20260303,13.05,10.67
601375.SH,20260303,4.83,3.95
601377.SH,20260303,7.3,5.98
601388.SH,20260303,4.71,3.85
601390.SH,20260303,6.85,5.61
601398.SH,20260303,7.66,6.26
601399.SH,20260303,5.79,4.73
601456.SH,20260303,10.68,8.74
601500.SH,20260303,4.98,4.08
601512.SH,20260303,10.43,8.53
601515.SH,20260303,5.18,4.24
601518.SH,20260303,3.26,2.66
601519.SH,20260303,13.05,10.67
601528.SH,20260303,6.01,4.91
601555.SH,20260303,10.22,8.36
601566.SH,20260303,12.42,10.16
601567.SH,20260303,28.63,23.43
601568.SH,20260303,4.91,4.01
601577.SH,20260303,10.76,8.8
601579.SH,20260303,20.25,16.57
601588.SH,20260303,2.06,1.68
601595.SH,20260303,30.95,25.33
601598.SH,20260303,6.79,5.55
601599.SH,20260303,4.57,3.74
601600.SH,20260303,15.7,12.84
601601.SH,20260303,43.99,35.99
601606.SH,20260303,54.47,44.57
601607.SH,20260303,18.98,15.53
601608.SH,20260303,8.59,7.03
601609.SH,20260303,13.33,10.91
601611.SH,20260303,18.72,15.32
601615.SH,20260303,24.07,19.69
601616.SH,20260303,5.83,4.77
601618.SH,20260303,3.51,2.87
601619.SH,20260303,7.47,6.11
601628.SH,20260303,47.95,39.23
601633.SH,20260303,22.46,18.38
601636.SH,20260303,8.2,6.71
601658.SH,20260303,5.49,4.49
601665.SH,20260303,6.33,5.18
601666.SH,20260303,9.9,8.1
601668.SH,20260303,5.54,4.54
601669.SH,20260303,6.29,5.15
601677.SH,20260303,18.89,15.45
601678.SH,20260303,6.31,5.17
601686.SH,20260303,6.96,5.7
601688.SH,20260303,23.3,19.06
601689.SH,20260303,73.36,60.02
601696.SH,20260303,15.44,12.64
601698.SH,20260303,43.62,35.69
601699.SH,20260303,16.34,13.37
601700.SH,20260303,6.57,5.37
601702.SH,20260303,26.48,21.66
601717.SH,20260303,28.02,22.92
601718.SH,20260303,3.75,3.07
601727.SH,20260303,9.81,8.03
601728.SH,20260303,6.46,5.28
601766.SH,20260303,6.92,5.66
601777.SH,20260303,12.23,10.01
601778.SH,20260303,5.06,4.14
601788.SH,20260303,18.0,14.72
601789.SH,20260303,5.68,4.64
601798.SH,20260303,11.01,9.01
601799.SH,20260303,169.57,138.74
601800.SH,20260303,8.97,7.34
601801.SH,20260303,7.66,6.26
601808.SH,20260303,20.42,16.7
601811.SH,20260303,15.21,12.45
601816.SH,20260303,5.52,4.52
601818.SH,20260303,3.56,2.92
601825.SH,20260303,9.23,7.55
601827.SH,20260303,9.8,8.02
601828.SH,20260303,2.88,2.36
601838.SH,20260303,18.41,15.07
601857.SH,20260303,13.15,10.76
601858.SH,20260303,23.83,19.49
601860.SH,20260303,3.1,2.54
601865.SH,20260303,18.37,15.03
601866.SH,20260303,3.25,2.66
601868.SH,20260303,2.82,2.3
601869.SH,20260303,266.66,218.18
601872.SH,20260303,19.65,16.07
601877.SH,20260303,36.95,30.23
601878.SH,20260303,11.62,9.5
601880.SH,20260303,1.94,1.58
601881.SH,20260303,15.82,12.94
601882.SH,20260303,24.06,19.68
601886.SH,20260303,10.15,8.31
601888.SH,20260303,85.91,70.29
601890.SH,20260303,14.19,11.61
601898.SH,20260303,18.21,14.9
601899.SH,20260303,44.85,36.69
601900.SH,20260303,15.95,13.05
601901.SH,20260303,8.31,6.8
601908.SH,20260303,4.42,3.62
601916.SH,20260303,3.31,2.71
601918.SH,20260303,8.8,7.2
601919.SH,20260303,16.98,13.9
601921.SH,20260303,8.76,7.16
601928.SH,20260303,10.95,8.96
601929.SH,20260303,3.78,3.1
601933.SH,20260303,4.55,3.73
601939.SH,20260303,9.58,7.84
601949.SH,20260303,7.56,6.18
601952.SH,20260303,11.0,9.0
601956.SH,20260303,7.91,6.47
601958.SH,20260303,29.13,23.83
601963.SH,20260303,10.82,8.86
601965.SH,20260303,21.44,17.54
601966.SH,20260303,16.69,13.65
601968.SH,20260303,6.59,5.39
601969.SH,20260303,14.18,11.6
601975.SH,20260303,4.97,4.07
601985.SH,20260303,9.53,7.79
601988.SH,20260303,5.84,4.78
601990.SH,20260303,8.54,6.98
601991.SH,20260303,4.53,3.71
601992.SH,20260303,2.2,1.8
601995.SH,20260303,38.1,31.18
601996.SH,20260303,2.74,2.24
601997.SH,20260303,6.39,5.23
601998.SH,20260303,7.89,6.45
601999.SH,20260303,7.94,6.5
603000.SH,20260303,25.03,20.48
603001.SH,20260303,10.11,8.27
603002.SH,20260303,12.23,10.01
603004.SH,20260303,27.6,22.58
603005.SH,20260303,36.38,29.76
603006.SH,20260303,15.32,12.54
603007.SH,20260303,7.0,6.34
603008.SH,20260303,21.92,17.94
603009.SH,20260303,57.86,47.34
603010.SH,20260303,13.52,11.06
603011.SH,20260303,31.11,25.45
603012.SH,20260303,9.23,7.55
603013.SH,20260303,25.45,20.83
603014.SH,20260303,43.69,35.75
603015.SH,20260303,16.16,13.22
603016.SH,20260303,35.39,28.95
603017.SH,20260303,14.23,11.65
603018.SH,20260303,8.8,7.2
603019.SH,20260303,99.5,81.41
603020.SH,20260303,11.78,9.64
603021.SH,20260303,7.7,6.96
603022.SH,20260303,12.29,10.05
603023.SH,20260303,5.61,4.59
603025.SH,20260303,18.54,15.17
603026.SH,20260303,72.6,59.4
603027.SH,20260303,10.75,8.79
603028.SH,20260303,11.13,9.11
603029.SH,20260303,21.64,17.7
603030.SH,20260303,3.0,2.46
603031.SH,20260303,63.68,52.1
603032.SH,20260303,20.02,16.38
603033.SH,20260303,11.69,9.57
603035.SH,20260303,16.67,13.64
603036.SH,20260303,23.0,18.82
603037.SH,20260303,17.28,14.14
603038.SH,20260303,18.71,15.31
603039.SH,20260303,49.87,40.81
603040.SH,20260303,107.42,87.89
603041.SH,20260303,14.74,12.06
603042.SH,20260303,21.27,17.41
603043.SH,20260303,19.43,15.89
603045.SH,20260303,33.46,27.38
603048.SH,20260303,24.87,20.35
603049.SH,20260303,59.68,48.83
603050.SH,20260303,23.78,19.46
603051.SH,20260303,26.26,21.48
603052.SH,20260303,65.26,53.4
603053.SH,20260303,11.33,9.27
603055.SH,20260303,10.63,8.69
603056.SH,20260303,20.74,16.97
603057.SH,20260303,35.86,29.34
603058.SH,20260303,14.41,11.79
603059.SH,20260303,39.91,32.65
603060.SH,20260303,7.45,6.09
603061.SH,20260303,302.98,247.9
603062.SH,20260303,56.49,46.22
603063.SH,20260303,33.1,27.08
603065.SH,20260303,9.91,8.11
603066.SH,20260303,11.8,9.66
603067.SH,20260303,46.86,38.34
603068.SH,20260303,39.95,32.69
603069.SH,20260303,22.76,18.62
603070.SH,20260303,17.83,14.59
603071.SH,20260303,15.75,12.89
603072.SH,20260303,48.35,39.56
603073.SH,20260303,22.53,18.43
603075.SH,20260303,26.33,21.55
603076.SH,20260303,28.91,23.65
603077.SH,20260303,3.23,2.65
603078.SH,20260303,27.56,22.55
603079.SH,20260303,19.87,16.25
603080.SH,20260303,27.57,22.55
603081.SH,20260303,14.18,11.6
603082.SH,20260303,43.74,35.78
603083.SH,20260303,125.11,102.37
603085.SH,20260303,12.69,10.39
603086.SH,20260303,9.35,7.65
603087.SH,20260303,70.94,58.04
603088.SH,20260303,14.64,11.98
603089.SH,20260303,14.72,12.04
603090.SH,20260303,84.12,68.82
603091.SH,20260303,90.27,73.85
603092.SH,20260303,78.24,64.02
603093.SH,20260303,23.1,18.9
603095.SH,20260303,22.54,18.44
603096.SH,20260303,20.0,16.36
603097.SH,20260303,42.49,34.77
603098.SH,20260303,17.11,14.0
603099.SH,20260303,42.08,34.43
603100.SH,20260303,26.94,22.04
603101.SH,20260303,9.7,7.94
603102.SH,20260303,47.22,38.64
603103.SH,20260303,27.79,22.73
603105.SH,20260303,11.43,9.35
603106.SH,20260303,11.26,9.22
603107.SH,20260303,16.42,13.44
603108.SH,20260303,16.83,13.77
603109.SH,20260303,28.82,23.58
603110.SH,20260303,19.49,15.95
603111.SH,20260303,7.84,6.42
603112.SH,20260303,19.57,16.01
603113.SH,20260303,8.13,6.65
603115.SH,20260303,34.0,27.82
603116.SH,20260303,6.58,5.38
603117.SH,20260303,6.41,5.25
603118.SH,20260303,13.42,10.98
603119.SH,20260303,100.3,82.06
603120.SH,20260303,47.85,39.15
603121.SH,20260303,28.27,23.13
603122.SH,20260303,18.68,15.28
603123.SH,20260303,14.39,11.77
603124.SH,20260303,132.63,108.51
603125.SH,20260303,21.25,17.39
603126.SH,20260303,8.43,6.89
603127.SH,20260303,38.59,31.57
603128.SH,20260303,6.59,5.39
603129.SH,20260303,264.74,216.6
603130.SH,20260303,50.25,41.11
603131.SH,20260303,28.14,23.02
603132.SH,20260303,20.46,16.74
603135.SH,20260303,12.83,10.49
603136.SH,20260303,12.91,10.57
603137.SH,20260303,15.59,12.75
603138.SH,20260303,24.53,20.07
603139.SH,20260303,28.13,23.01
603150.SH,20260303,67.1,54.9
603151.SH,20260303,20.31,16.61
603153.SH,20260303,17.91,14.65
603155.SH,20260303,23.65,19.35
603156.SH,20260303,33.97,27.79
603158.SH,20260303,11.48,9.4
603159.SH,20260303,28.16,23.04
603160.SH,20260303,83.95,68.69
603161.SH,20260303,17.42,14.26
603162.SH,20260303,17.8,14.56
603163.SH,20260303,155.76,127.44
603165.SH,20260303,15.21,12.45
603166.SH,20260303,17.52,14.34
603167.SH,20260303,10.75,8.79
603168.SH,20260303,7.85,6.43
603169.SH,20260303,12.23,10.01
603170.SH,20260303,15.36,12.56
603171.SH,20260303,65.45,53.55
603172.SH,20260303,25.89,21.19
603173.SH,20260303,52.29,42.79
603175.SH,20260303,82.94,67.86
603176.SH,20260303,6.18,5.06
603177.SH,20260303,13.52,11.06
603178.SH,20260303,19.04,15.58
603179.SH,20260303,89.86,73.52
603180.SH,20260303,22.09,18.07
603181.SH,20260303,19.32,15.8
603182.SH,20260303,17.19,14.07
603183.SH,20260303,5.14,4.2
603185.SH,20260303,26.9,22.01
603186.SH,20260303,89.43,73.17
603187.SH,20260303,17.62,14.42
603188.SH,20260303,6.19,5.07
603189.SH,20260303,22.77,18.63
603190.SH,20260303,29.04,23.76
603191.SH,20260303,26.99,22.09
603192.SH,20260303,28.88,23.63
603193.SH,20260303,25.06,20.5
603194.SH,20260303,41.28,33.78
603195.SH,20260303,46.79,38.29
603196.SH,20260303,28.58,23.38
603197.SH,20260303,39.44,32.27
603198.SH,20260303,40.6,33.22
603199.SH,20260303,44.11,36.09
603200.SH,20260303,84.76,69.35
603201.SH,20260303,19.65,16.07
603202.SH,20260303,100.32,82.08
603203.SH,20260303,43.0,35.18
603205.SH,20260303,30.15,24.67
603206.SH,20260303,17.79,14.55
603207.SH,20260303,31.49,25.77
603208.SH,20260303,16.04,13.12
603209.SH,20260303,18.46,15.1
603210.SH,20260303,21.09,17.25
603211.SH,20260303,24.76,20.26
603212.SH,20260303,16.28,13.32
603213.SH,20260303,15.29,12.51
603214.SH,20260303,20.57,16.83
603215.SH,20260303,21.78,17.82
603216.SH,20260303,42.85,35.06
603217.SH,20260303,29.76,24.35
603218.SH,20260303,15.66,12.82
603219.SH,20260303,18.89,15.45
603220.SH,20260303,29.71,24.31
603221.SH,20260303,13.49,11.03
603222.SH,20260303,9.86,8.06
603223.SH,20260303,11.32,9.26
603225.SH,20260303,24.64,20.16
603226.SH,20260303,33.75,27.61
603227.SH,20260303,9.9,8.1
603228.SH,20260303,73.94,60.5
603229.SH,20260303,10.35,8.47
603230.SH,20260303,13.22,10.82
603231.SH,20260303,20.55,16.81
603232.SH,20260303,27.67,22.64
603233.SH,20260303,21.65,17.71
603235.SH,20260303,29.91,24.47
603236.SH,20260303,92.06,75.32
603237.SH,20260303,19.06,15.6
603238.SH,20260303,19.78,16.18
603239.SH,20260303,25.25,20.66
603248.SH,20260303,25.56,20.92
603255.SH,20260303,34.6,28.31
603256.SH,20260303,86.04,70.4
603257.SH,20260303,80.38,65.76
603258.SH,20260303,20.42,16.7
603259.SH,20260303,105.64,86.44
603260.SH,20260303,55.76,45.62
603261.SH,20260303,31.48,28.48
603262.SH,20260303,29.82,24.4
603266.SH,20260303,22.08,18.06
603267.SH,20260303,72.01,58.91
603268.SH,20260303,121.37,109.81
603269.SH,20260303,15.92,13.02
603270.SH,20260303,29.77,24.35
603271.SH,20260303,52.27,42.77
603272.SH,20260303,24.73,20.23
603273.SH,20260303,20.48,16.76
603275.SH,20260303,49.36,40.38
603276.SH,20260303,19.95,16.33
603277.SH,20260303,17.58,14.38
603278.SH,20260303,13.49,11.03
603279.SH,20260303,22.61,18.5
603280.SH,20260303,40.62,33.24
603281.SH,20260303,37.14,30.38
603282.SH,20260303,25.37,20.75
603283.SH,20260303,54.18,44.33
603284.SH,20260303,54.33,44.45
603285.SH,20260303,39.5,32.32
603286.SH,20260303,67.89,55.55
603288.SH,20260303,39.22,32.09
603289.SH,20260303,11.87,9.71
603290.SH,20260303,115.98,94.9
603291.SH,20260303,12.23,10.01
603296.SH,20260303,98.4,80.51
603297.SH,20260303,139.0,113.72
603298.SH,20260303,31.94,26.14
603299.SH,20260303,13.29,10.87
603300.SH,20260303,8.07,6.61
603301.SH,20260303,99.03,81.03
603303.SH,20260303,16.72,13.68
603305.SH,20260303,18.37,15.03
603306.SH,20260303,97.2,79.52
603307.SH,20260303,43.51,35.6
603308.SH,20260303,73.83,60.41
603309.SH,20260303,16.05,13.13
603310.SH,20260303,19.48,15.94
603311.SH,20260303,17.52,14.34
603312.SH,20260303,51.24,41.92
603313.SH,20260303,10.12,8.28
603315.SH,20260303,18.61,15.23
603316.SH,20260303,15.33,12.55
603317.SH,20260303,14.54,11.9
603318.SH,20260303,9.7,7.94
603319.SH,20260303,39.77,32.54
603320.SH,20260303,27.5,22.5
603321.SH,20260303,8.65,7.07
603322.SH,20260303,39.95,32.69
603323.SH,20260303,5.54,4.54
603324.SH,20260303,28.26,23.12
603325.SH,20260303,88.01,72.01
603326.SH,20260303,10.67,8.73
603327.SH,20260303,11.34,9.28
603328.SH,20260303,14.0,11.46
603329.SH,20260303,12.39,10.13
603330.SH,20260303,8.59,7.03
603331.SH,20260303,18.35,15.01
603332.SH,20260303,14.82,12.12
603333.SH,20260303,9.31,7.61
603334.SH,20260303,61.88,50.63
603335.SH,20260303,6.57,5.37
603336.SH,20260303,10.76,8.8
603337.SH,20260303,47.66,39.0
603338.SH,20260303,64.21,52.53
603339.SH,20260303,15.19,12.43
603341.SH,20260303,49.71,40.67
603344.SH,20260303,32.69,26.75
603345.SH,20260303,106.59,87.21
603348.SH,20260303,21.7,17.76
603350.SH,20260303,40.22,32.9
603351.SH,20260303,29.33,23.99
603352.SH,20260303,45.87,37.53
603353.SH,20260303,50.97,41.71
603355.SH,20260303,36.32,29.72
603356.SH,20260303,22.9,18.74
603357.SH,20260303,9.17,7.51
603358.SH,20260303,53.99,44.17
603359.SH,20260303,7.47,6.11
603360.SH,20260303,30.72,25.14
603363.SH,20260303,4.58,3.74
603365.SH,20260303,22.35,18.29
603366.SH,20260303,10.35,8.47
603367.SH,20260303,18.59,15.21
603368.SH,20260303,19.56,16.0
603369.SH,20260303,33.17,27.14
603370.SH,20260303,52.33,42.81
603373.SH,20260303,47.36,38.75
603375.SH,20260303,42.24,34.56
603376.SH,20260303,40.35,33.01
603377.SH,20260303,3.8,3.44
603378.SH,20260303,7.54,6.17
603379.SH,20260303,84.39,69.05
603380.SH,20260303,41.75,34.16
603381.SH,20260303,30.4,24.88
603382.SH,20260303,33.02,27.02
603383.SH,20260303,37.98,31.08
603385.SH,20260303,7.72,6.32
603386.SH,20260303,16.53,13.53
603387.SH,20260303,9.28,7.6
603389.SH,20260303,48.09,43.51
603390.SH,20260303,13.9,11.38
603391.SH,20260303,80.25,65.66
603392.SH,20260303,43.96,35.96
603393.SH,20260303,41.23,33.73
603395.SH,20260303,34.41,28.15
603396.SH,20260303,44.4,36.32
603398.SH,20260303,10.27,9.29
603399.SH,20260303,13.16,10.76
603400.SH,20260303,80.36,65.75
603402.SH,20260303,147.86,120.98
603406.SH,20260303,41.81,34.21
603408.SH,20260303,14.22,11.64
603409.SH,20260303,38.82,31.76
603416.SH,20260303,59.26,48.48
603418.SH,20260303,61.72,50.5
603421.SH,20260303,8.4,6.88
603429.SH,20260303,10.9,8.92
603439.SH,20260303,12.97,10.61
603444.SH,20260303,443.77,363.09
603456.SH,20260303,18.7,15.3
603458.SH,20260303,11.53,9.43
603466.SH,20260303,12.07,9.87
603477.SH,20260303,19.5,15.96
603486.SH,20260303,73.71,60.31
603488.SH,20260303,12.0,9.82
603489.SH,20260303,34.22,28.0
603496.SH,20260303,34.87,28.53
603499.SH,20260303,24.12,19.74
603500.SH,20260303,14.81,12.11
603501.SH,20260303,130.82,107.04
603505.SH,20260303,25.07,20.51
603506.SH,20260303,14.65,11.99
603507.SH,20260303,35.07,28.69
603508.SH,20260303,29.47,24.11
603511.SH,20260303,16.76,13.72
603515.SH,20260303,20.25,16.57
603516.SH,20260303,181.98,148.9
603517.SH,20260303,13.09,11.85
603518.SH,20260303,10.45,8.55
603519.SH,20260303,14.76,12.08
603520.SH,20260303,11.11,9.09
603527.SH,20260303,12.47,10.21
603528.SH,20260303,9.97,8.15
603529.SH,20260303,31.65,25.89
603530.SH,20260303,70.26,57.48
603533.SH,20260303,30.64,25.07
603535.SH,20260303,10.52,8.6
603536.SH,20260303,11.29,9.23
603538.SH,20260303,24.3,19.88
603551.SH,20260303,13.11,10.73
603556.SH,20260303,43.1,35.26
603557.SH,20260303,3.7,3.34
603558.SH,20260303,13.06,10.68
603559.SH,20260303,7.84,7.1
603565.SH,20260303,12.17,9.95
603566.SH,20260303,15.29,12.51
603567.SH,20260303,8.6,7.04
603568.SH,20260303,31.87,26.07
603569.SH,20260303,8.23,6.73
603577.SH,20260303,12.6,10.31
603578.SH,20260303,17.17,14.05
603579.SH,20260303,25.48,20.84
603580.SH,20260303,17.77,16.07
603583.SH,20260303,39.08,31.98
603585.SH,20260303,24.68,20.2
603586.SH,20260303,19.8,16.2
603587.SH,20260303,14.07,11.51
603588.SH,20260303,14.51,11.87
603589.SH,20260303,30.21,24.71
603590.SH,20260303,45.89,37.55
603595.SH,20260303,18.04,16.32
603596.SH,20260303,59.4,48.6
603598.SH,20260303,25.17,20.59
603599.SH,20260303,16.64,13.62
603600.SH,20260303,12.33,10.09
603601.SH,20260303,14.06,11.5
603602.SH,20260303,15.87,12.99
603605.SH,20260303,76.25,62.39
603606.SH,20260303,65.13,53.29
603607.SH,20260303,25.71,21.03
603608.SH,20260303,12.39,10.13
603609.SH,20260303,8.07,6.61
603610.SH,20260303,21.21,17.35
603611.SH,20260303,26.62,21.78
603612.SH,20260303,39.14,32.02
603613.SH,20260303,29.39,24.05
603615.SH,20260303,24.04,19.67
603616.SH,20260303,8.17,6.69
603617.SH,20260303,8.36,6.84
603618.SH,20260303,20.16,16.5
603619.SH,20260303,43.99,35.99
603626.SH,20260303,30.16,24.68
603628.SH,20260303,15.79,12.92
603629.SH,20260303,70.81,57.93
603630.SH,20260303,20.26,16.58
603633.SH,20260303,9.63,7.88
603636.SH,20260303,11.64,9.52
603637.SH,20260303,14.34,11.74
603638.SH,20260303,26.2,21.44
603639.SH,20260303,16.13,13.19
603648.SH,20260303,11.13,9.11
603650.SH,20260303,66.0,54.0
603655.SH,20260303,43.32,35.44
603656.SH,20260303,25.38,20.76
603657.SH,20260303,30.55,24.99
603658.SH,20260303,39.35,32.19
603659.SH,20260303,31.04,25.4
603660.SH,20260303,11.08,9.06
603661.SH,20260303,37.77,30.91
603662.SH,20260303,69.34,56.74
603663.SH,20260303,54.59,44.67
603665.SH,20260303,35.62,29.14
603666.SH,20260303,32.47,26.57
603667.SH,20260303,84.59,69.21
603668.SH,20260303,15.92,13.02
603669.SH,20260303,4.95,4.05
603676.SH,20260303,12.0,9.82
603677.SH,20260303,19.17,15.69
603678.SH,20260303,47.31,38.71
603679.SH,20260303,17.29,14.15
603680.SH,20260303,16.41,13.43
603681.SH,20260303,23.65,19.35
603682.SH,20260303,9.05,7.41
603683.SH,20260303,26.51,21.69
603685.SH,20260303,31.64,25.88
603686.SH,20260303,24.54,20.08
603687.SH,20260303,12.08,9.88
603688.SH,20260303,57.29,46.87
603689.SH,20260303,9.56,7.82
603690.SH,20260303,31.2,25.52
603693.SH,20260303,14.76,12.08
603696.SH,20260303,19.94,16.32
603697.SH,20260303,12.66,10.36
603698.SH,20260303,40.01,32.73
603699.SH,20260303,63.71,52.13
603700.SH,20260303,15.3,12.52
603701.SH,20260303,21.81,17.85
603703.SH,20260303,16.29,13.33
603706.SH,20260303,23.96,19.6
603707.SH,20260303,10.6,8.68
603708.SH,20260303,13.23,10.83
603709.SH,20260303,20.22,16.54
603711.SH,20260303,14.47,11.84
603712.SH,20260303,22.87,18.71
603713.SH,20260303,76.64,62.7
603716.SH,20260303,23.56,19.28
603717.SH,20260303,8.22,6.72
603718.SH,20260303,5.15,4.21
603719.SH,20260303,11.9,9.74
603721.SH,20260303,23.04,20.84
603722.SH,20260303,43.01,35.19
603725.SH,20260303,10.74,8.78
603726.SH,20260303,29.1,23.81
603727.SH,20260303,21.79,17.83
603728.SH,20260303,73.21,59.9
603729.SH,20260303,19.75,16.16
603730.SH,20260303,11.5,9.41
603733.SH,20260303,27.46,22.46
603737.SH,20260303,59.33,48.55
603738.SH,20260303,26.36,21.56
603739.SH,20260303,16.92,13.84
603755.SH,20260303,34.83,28.49
603757.SH,20260303,50.27,41.13
603758.SH,20260303,15.66,12.82
603759.SH,20260303,11.57,9.47
603766.SH,20260303,16.98,13.9
603767.SH,20260303,22.41,18.33
603768.SH,20260303,12.85,10.51
603773.SH,20260303,43.71,35.77
603776.SH,20260303,21.04,17.22
603777.SH,20260303,13.74,11.24
603778.SH,20260303,15.51,12.69
603779.SH,20260303,7.24,5.92
603786.SH,20260303,72.01,58.91
603787.SH,20260303,14.77,12.09
603788.SH,20260303,17.79,14.55
603789.SH,20260303,6.03,5.45
603790.SH,20260303,27.96,22.88
603797.SH,20260303,5.53,4.53
603798.SH,20260303,18.28,14.96
603799.SH,20260303,86.3,70.61
603800.SH,20260303,43.91,35.93
603801.SH,20260303,10.24,8.38
603803.SH,20260303,11.24,9.2
603806.SH,20260303,20.04,16.4
603808.SH,20260303,10.79,8.83
603809.SH,20260303,13.78,11.28
603810.SH,20260303,18.49,15.13
603811.SH,20260303,12.43,10.17
603813.SH,20260303,34.4,31.12
603815.SH,20260303,7.49,6.13
603816.SH,20260303,39.33,32.18
603817.SH,20260303,7.77,6.35
603818.SH,20260303,4.14,3.38
603819.SH,20260303,13.68,11.2
603822.SH,20260303,122.85,111.15
603823.SH,20260303,18.99,15.53
603825.SH,20260303,9.59,8.67
603826.SH,20260303,22.76,18.62
603828.SH,20260303,7.4,6.7
603829.SH,20260303,28.18,23.06
603833.SH,20260303,62.7,51.3
603836.SH,20260303,16.1,13.18
603838.SH,20260303,8.89,8.05
603839.SH,20260303,8.67,7.09
603843.SH,20260303,6.74,6.1
603848.SH,20260303,18.73,15.33
603855.SH,20260303,22.83,18.68
603856.SH,20260303,14.97,12.25
603858.SH,20260303,18.59,15.21
603859.SH,20260303,53.63,43.88
603860.SH,20260303,35.43,28.99
603861.SH,20260303,22.54,18.44
603863.SH,20260303,22.69,18.57
603866.SH,20260303,5.82,4.76
603867.SH,20260303,42.53,34.79
603868.SH,20260303,39.6,32.4
603869.SH,20260303,10.41,9.41
603871.SH,20260303,17.38,14.22
603876.SH,20260303,21.96,17.96
603877.SH,20260303,16.89,13.82
603878.SH,20260303,10.24,8.38
603879.SH,20260303,6.82,5.58
603880.SH,20260303,7.15,5.85
603881.SH,20260303,43.23,35.37
603882.SH,20260303,33.25,27.21
603883.SH,20260303,16.08,13.16
603885.SH,20260303,14.71,12.03
603886.SH,20260303,14.48,11.84
603887.SH,20260303,17.99,14.72
603888.SH,20260303,24.79,20.29
603889.SH,20260303,10.15,8.31
603890.SH,20260303,16.47,13.47
603893.SH,20260303,193.15,158.03
603895.SH,20260303,33.37,27.31
603896.SH,20260303,23.12,18.92
603897.SH,20260303,37.07,30.33
603898.SH,20260303,15.91,13.01
603899.SH,20260303,29.57,24.19
603900.SH,20260303,9.45,7.73
603901.SH,20260303,15.11,12.37
603903.SH,20260303,13.54,11.08
603906.SH,20260303,19.89,16.27
603908.SH,20260303,26.73,21.87
603909.SH,20260303,12.55,10.27
603912.SH,20260303,10.86,8.88
603915.SH,20260303,18.58,15.2
603916.SH,20260303,13.33,10.91
603917.SH,20260303,15.79,12.92
603918.SH,20260303,16.81,13.75
603919.SH,20260303,22.59,18.49
603920.SH,20260303,70.18,57.42
603922.SH,20260303,24.75,20.25
603926.SH,20260303,24.43,19.99
603927.SH,20260303,20.56,16.82
603928.SH,20260303,17.57,14.37
603929.SH,20260303,157.43,128.81
603931.SH,20260303,36.08,29.52
603933.SH,20260303,24.73,20.23
603936.SH,20260303,14.99,12.27
603937.SH,20260303,14.19,11.61
603938.SH,20260303,32.18,26.33
603939.SH,20260303,26.37,21.57
603948.SH,20260303,32.32,26.44
603949.SH,20260303,20.3,16.61
603950.SH,20260303,53.86,44.06
603955.SH,20260303,31.53,25.79
603956.SH,20260303,6.94,5.68
603958.SH,20260303,23.93,19.58
603959.SH,20260303,6.86,5.62
603960.SH,20260303,27.76,22.72
603966.SH,20260303,14.8,12.11
603967.SH,20260303,14.4,11.78
603968.SH,20260303,16.95,13.87
603969.SH,20260303,11.79,9.65
603970.SH,20260303,15.32,12.54
603976.SH,20260303,22.22,18.18
603977.SH,20260303,18.1,14.81
603978.SH,20260303,27.97,22.89
603979.SH,20260303,86.55,70.81
603980.SH,20260303,8.6,7.04
603982.SH,20260303,9.2,7.52
603983.SH,20260303,32.29,26.42
603985.SH,20260303,19.36,15.84
603986.SH,20260303,322.47,263.84
603987.SH,20260303,10.07,8.24
603988.SH,20260303,31.35,25.65
603989.SH,20260303,21.04,17.22
603990.SH,20260303,15.6,12.76
603991.SH,20260303,107.24,87.74
603992.SH,20260303,39.14,32.02
603993.SH,20260303,27.28,22.32
603995.SH,20260303,22.11,18.09
603997.SH,20260303,15.36,12.56
603998.SH,20260303,13.28,10.86
603999.SH,20260303,8.26,6.76
605001.SH,20260303,8.71,7.13
605003.SH,20260303,40.62,33.24
605005.SH,20260303,21.54,17.62
605006.SH,20260303,11.39,9.32
605007.SH,20260303,17.78,14.54
605008.SH,20260303,14.18,11.6
605009.SH,20260303,33.21,27.17
605011.SH,20260303,23.22,19.0
605016.SH,20260303,27.24,22.28
605018.SH,20260303,13.67,11.19
605020.SH,20260303,33.62,27.5
605028.SH,20260303,30.11,24.63
605033.SH,20260303,26.07,21.33
605050.SH,20260303,14.99,12.27
605055.SH,20260303,11.06,9.05
605056.SH,20260303,27.3,22.34
605058.SH,20260303,35.34,28.92
605060.SH,20260303,69.5,56.86
605066.SH,20260303,9.46,7.74
605068.SH,20260303,30.76,25.16
605069.SH,20260303,15.32,12.54
605077.SH,20260303,17.99,14.72
605080.SH,20260303,27.25,22.29
605081.SH,20260303,10.96,9.92
605086.SH,20260303,42.39,34.69
605088.SH,20260303,37.57,30.74
605089.SH,20260303,30.66,25.08
605090.SH,20260303,54.07,44.24
605098.SH,20260303,52.58,43.02
605099.SH,20260303,49.45,40.46
605100.SH,20260303,46.2,37.8
605108.SH,20260303,20.49,16.77
605111.SH,20260303,50.71,41.49
605116.SH,20260303,28.08,22.98
605117.SH,20260303,126.45,103.46
605118.SH,20260303,48.25,39.47
605122.SH,20260303,15.0,12.28
605123.SH,20260303,125.63,102.79
605128.SH,20260303,41.56,34.0
605133.SH,20260303,32.82,26.86
605136.SH,20260303,11.73,9.59
605138.SH,20260303,7.92,6.48
605151.SH,20260303,22.63,18.51
605155.SH,20260303,20.25,16.57
605158.SH,20260303,9.14,7.48
605162.SH,20260303,10.76,8.8
605166.SH,20260303,12.41,10.15
605167.SH,20260303,20.08,16.43
605168.SH,20260303,41.03,33.57
605169.SH,20260303,15.37,12.57
605177.SH,20260303,24.51,20.05
605178.SH,20260303,76.15,62.31
605179.SH,20260303,20.99,17.17
605180.SH,20260303,16.85,13.79
605183.SH,20260303,24.64,20.16
605186.SH,20260303,23.82,19.49
605188.SH,20260303,19.02,15.56
605189.SH,20260303,17.0,13.91
605196.SH,20260303,54.95,44.96
605198.SH,20260303,45.84,37.5
605199.SH,20260303,7.21,6.53
605208.SH,20260303,14.58,11.93
605218.SH,20260303,20.58,16.84
605222.SH,20260303,23.98,19.62
605228.SH,20260303,15.17,12.41
605255.SH,20260303,142.33,116.45
605258.SH,20260303,38.64,31.62
605259.SH,20260303,23.66,19.36
605266.SH,20260303,22.12,18.1
605268.SH,20260303,11.7,9.58
605277.SH,20260303,27.39,22.41
605286.SH,20260303,43.62,35.69
605287.SH,20260303,58.54,47.9
605288.SH,20260303,134.86,110.34
605289.SH,20260303,143.61,117.5
605296.SH,20260303,31.16,25.5
605298.SH,20260303,48.36,39.56
605299.SH,20260303,13.32,10.9
605300.SH,20260303,12.43,10.17
605303.SH,20260303,19.56,16.0
605305.SH,20260303,42.9,35.1
605318.SH,20260303,83.71,68.49
605319.SH,20260303,25.72,21.04
605333.SH,20260303,30.5,24.96
605336.SH,20260303,15.1,12.36
605337.SH,20260303,12.79,10.47
605338.SH,20260303,30.34,24.82
605339.SH,20260303,19.67,16.09
605358.SH,20260303,44.51,36.41
605365.SH,20260303,22.14,18.12
605366.SH,20260303,10.45,8.55
605368.SH,20260303,9.41,7.7
605369.SH,20260303,20.15,16.49
605376.SH,20260303,120.57,98.65
605377.SH,20260303,9.78,8.0
605378.SH,20260303,23.12,18.92
605388.SH,20260303,7.41,6.07
605389.SH,20260303,82.62,67.6
605398.SH,20260303,36.28,29.68
605399.SH,20260303,17.35,14.19
605488.SH,20260303,41.78,34.18
605499.SH,20260303,261.02,213.56
605500.SH,20260303,9.91,8.11
605507.SH,20260303,30.29,24.79
605555.SH,20260303,18.37,15.03
605566.SH,20260303,32.85,26.87
605567.SH,20260303,12.43,10.17
605577.SH,20260303,14.45,11.83
605580.SH,20260303,26.2,21.44
605588.SH,20260303,65.23,53.37
605589.SH,20260303,39.37,32.21
605598.SH,20260303,59.61,48.77
605599.SH,20260303,29.05,23.77
688001.SH,20260303,39.9,26.6
688002.SH,20260303,144.11,96.07
688003.SH,20260303,87.89,58.59
688004.SH,20260303,27.71,18.47
688005.SH,20260303,36.28,24.18
688006.SH,20260303,34.69,23.13
688007.SH,20260303,19.8,13.2
688008.SH,20260303,191.33,127.55
688009.SH,20260303,7.1,4.74
688010.SH,20260303,40.32,26.88
688011.SH,20260303,91.28,60.86
688012.SH,20260303,418.97,279.31
688013.SH,20260303,51.24,34.16
688015.SH,20260303,31.34,20.9
688016.SH,20260303,134.16,89.44
688017.SH,20260303,273.06,182.04
688018.SH,20260303,201.58,134.38
688019.SH,20260303,316.8,211.2
688020.SH,20260303,116.46,77.64
688021.SH,20260303,28.99,19.33
688022.SH,20260303,20.46,13.64
688023.SH,20260303,68.17,45.45
688025.SH,20260303,328.02,218.68
688026.SH,20260303,21.54,14.36
688027.SH,20260303,799.2,532.8
688028.SH,20260303,148.79,99.19
688029.SH,20260303,91.51,61.01
688030.SH,20260303,20.45,13.63
688031.SH,20260303,279.72,186.48
688032.SH,20260303,130.94,87.3
688033.SH,20260303,12.38,8.26
688035.SH,20260303,90.12,60.08
688036.SH,20260303,66.2,44.14
688037.SH,20260303,259.18,172.78
688038.SH,20260303,28.14,18.76
688039.SH,20260303,60.28,40.18
688041.SH,20260303,310.74,207.16
688045.SH,20260303,57.22,38.14
688046.SH,20260303,19.73,13.15
688047.SH,20260303,185.16,123.44
688048.SH,20260303,189.1,126.06
688049.SH,20260303,63.64,42.42
688050.SH,20260303,71.64,47.76
688051.SH,20260303,41.45,27.63
688052.SH,20260303,203.4,135.6
688053.SH,20260303,53.64,35.76
688055.SH,20260303,4.55,3.03
688056.SH,20260303,46.42,30.94
688057.SH,20260303,15.76,10.5
688058.SH,20260303,37.9,25.26
688059.SH,20260303,153.78,102.52
688060.SH,20260303,57.89,38.59
688061.SH,20260303,43.62,29.08
688062.SH,20260303,40.22,26.82
688063.SH,20260303,79.09,52.73
688065.SH,20260303,66.32,44.22
688066.SH,20260303,31.92,21.28
688067.SH,20260303,33.46,22.3
688068.SH,20260303,150.67,100.45
688069.SH,20260303,30.54,20.36
688070.SH,20260303,81.6,54.4
688071.SH,20260303,47.11,31.41
688072.SH,20260303,461.7,307.8
688073.SH,20260303,66.0,44.0
688075.SH,20260303,46.66,31.1
688076.SH,20260303,37.27,24.85
688077.SH,20260303,43.93,29.29
688078.SH,20260303,33.32,22.22
688079.SH,20260303,15.24,10.16
688080.SH,20260303,72.84,48.56
688081.SH,20260303,53.48,35.66
688082.SH,20260303,201.34,134.22
688083.SH,20260303,76.02,50.68
688084.SH,20260303,95.7,63.8
688085.SH,20260303,26.18,17.46
688087.SH,20260303,44.4,29.6
688088.SH,20260303,56.39,37.59
688089.SH,20260303,23.34,15.56
688090.SH,20260303,67.1,44.74
688091.SH,20260303,57.95,38.63
688092.SH,20260303,36.96,24.64
688093.SH,20260303,44.76,29.84
688095.SH,20260303,99.6,66.4
688096.SH,20260303,10.78,7.18
688097.SH,20260303,58.56,39.04
688098.SH,20260303,11.28,7.52
688099.SH,20260303,110.47,73.65
688100.SH,20260303,52.34,34.9
688101.SH,20260303,21.02,14.02
688102.SH,20260303,55.78,37.18
688103.SH,20260303,75.36,50.24
688105.SH,20260303,24.4,16.26
688106.SH,20260303,28.26,18.84
688107.SH,20260303,38.59,25.73
688108.SH,20260303,25.92,17.28
688109.SH,20260303,161.42,107.62
688110.SH,20260303,160.32,106.88
688111.SH,20260303,351.83,234.55
688112.SH,20260303,53.54,35.7
688113.SH,20260303,52.08,34.72
688114.SH,20260303,74.63,49.75
688115.SH,20260303,55.5,37.0
688116.SH,20260303,52.08,34.72
688117.SH,20260303,45.56,30.38
688118.SH,20260303,43.68,29.12
688119.SH,20260303,7.54,5.02
688120.SH,20260303,230.4,153.6
688121.SH,20260303,14.62,9.74
688122.SH,20260303,109.21,72.81
688123.SH,20260303,164.88,109.92
688125.SH,20260303,300.86,200.58
688126.SH,20260303,24.79,16.53
688127.SH,20260303,64.02,42.68
688128.SH,20260303,35.64,23.76
688129.SH,20260303,28.38,18.92
688130.SH,20260303,28.56,19.04
688131.SH,20260303,80.02,53.34
688132.SH,20260303,23.68,15.78
688133.SH,20260303,28.98,19.32
688135.SH,20260303,41.33,27.55
688136.SH,20260303,35.86,23.9
688137.SH,20260303,51.14,34.1
688138.SH,20260303,37.18,24.78
688139.SH,20260303,38.75,25.83
688141.SH,20260303,70.32,46.88
688143.SH,20260303,71.94,47.96
688146.SH,20260303,58.31,38.87
688147.SH,20260303,103.4,68.94
688148.SH,20260303,10.42,6.94
688150.SH,20260303,41.76,27.84
688151.SH,20260303,28.63,19.09
688152.SH,20260303,45.01,30.01
688153.SH,20260303,45.59,30.39
688155.SH,20260303,113.82,75.88
688156.SH,20260303,25.78,17.18
688157.SH,20260303,49.66,33.1
688158.SH,20260303,46.18,30.78
688159.SH,20260303,56.06,37.38
688160.SH,20260303,145.81,97.21
688161.SH,20260303,35.84,23.9
688162.SH,20260303,41.87,27.91
688163.SH,20260303,29.7,19.8
688165.SH,20260303,23.9,15.94
688166.SH,20260303,52.32,34.88
688167.SH,20260303,420.49,280.33
688168.SH,20260303,83.1,55.4
688169.SH,20260303,166.46,110.98
688170.SH,20260303,67.74,45.16
688171.SH,20260303,68.86,45.9
688172.SH,20260303,47.12,31.42
688173.SH,20260303,19.61,13.07
688175.SH,20260303,45.54,30.36
688176.SH,20260303,14.26,9.5
688177.SH,20260303,26.65,17.77
688178.SH,20260303,31.78,21.18
688179.SH,20260303,21.72,14.48
688180.SH,20260303,38.2,25.46
688181.SH,20260303,42.85,28.57
688182.SH,20260303,40.2,26.8
688183.SH,20260303,101.95,67.97
688184.SH,20260303,13.13,8.75
688185.SH,20260303,85.09,56.73
688186.SH,20260303,34.2,22.8
688187.SH,20260303,71.39,47.59
688188.SH,20260303,187.85,125.23
688189.SH,20260303,9.68,6.46
688190.SH,20260303,134.41,89.61
688191.SH,20260303,59.29,39.53
688192.SH,20260303,59.05,39.37
688193.SH,20260303,63.4,42.26
688195.SH,20260303,260.29,173.53
688196.SH,20260303,98.41,65.61
688197.SH,20260303,43.01,28.67
688198.SH,20260303,129.72,86.48
688199.SH,20260303,34.74,23.16
688200.SH,20260303,345.08,230.06
688201.SH,20260303,19.2,12.8
688202.SH,20260303,83.41,55.61
688203.SH,20260303,16.12,10.74
688205.SH,20260303,222.49,148.33
688206.SH,20260303,43.64,29.1
688207.SH,20260303,20.38,13.58
688208.SH,20260303,43.16,28.78
688209.SH,20260303,26.72,17.82
688210.SH,20260303,66.94,44.62
688211.SH,20260303,40.03,26.69
688212.SH,20260303,51.31,34.21
688213.SH,20260303,115.9,77.26
688215.SH,20260303,85.48,56.98
688216.SH,20260303,39.74,26.5
688217.SH,20260303,35.62,23.74
688218.SH,20260303,26.02,17.34
688219.SH,20260303,14.95,9.97
688220.SH,20260303,111.84,74.56
688221.SH,20260303,23.64,15.76
688222.SH,20260303,33.9,22.6
688223.SH,20260303,8.83,5.89
688225.SH,20260303,25.33,16.89
688226.SH,20260303,53.52,35.68
688227.SH,20260303,92.52,61.68
688228.SH,20260303,151.79,101.19
688229.SH,20260303,108.0,72.0
688230.SH,20260303,80.03,53.35
688231.SH,20260303,42.46,28.3
688232.SH,20260303,30.61,20.41
688233.SH,20260303,105.24,70.16
688234.SH,20260303,107.35,71.57
688235.SH,20260303,301.01,200.67
688236.SH,20260303,25.61,17.07
688237.SH,20260303,58.7,39.14
688238.SH,20260303,8.69,5.79
688239.SH,20260303,92.04,61.36
688244.SH,20260303,26.98,17.98
688246.SH,20260303,27.74,18.5
688247.SH,20260303,11.75,7.83
688248.SH,20260303,62.88,41.92
688249.SH,20260303,40.34,26.9
688251.SH,20260303,35.64,23.76
688252.SH,20260303,26.45,17.63
688253.SH,20260303,42.86,28.58
688255.SH,20260303,38.45,25.63
688256.SH,20260303,1430.28,953.52
688257.SH,20260303,88.92,59.28
688258.SH,20260303,157.42,104.94
688259.SH,20260303,50.41,33.61
688260.SH,20260303,39.18,26.12
688261.SH,20260303,121.15,80.77
688262.SH,20260303,47.39,31.59
688265.SH,20260303,54.24,36.16
688266.SH,20260303,96.07,64.05
688267.SH,20260303,35.99,23.99
688268.SH,20260303,82.67,55.11
688269.SH,20260303,52.6,35.06
688270.SH,20260303,223.9,149.26
688271.SH,20260303,153.48,102.32
688272.SH,20260303,41.99,27.99
688273.SH,20260303,54.0,36.0
688275.SH,20260303,109.87,73.25
688276.SH,20260303,22.73,15.15
688277.SH,20260303,33.01,22.01
688278.SH,20260303,88.52,59.02
688279.SH,20260303,222.22,148.14
688280.SH,20260303,13.51,9.01
688281.SH,20260303,120.78,80.52
688282.SH,20260303,98.35,65.57
688283.SH,20260303,60.76,40.5
688285.SH,20260303,11.09,7.39
688286.SH,20260303,94.15,62.77
688287.SH,20260303,5.82,3.88
688288.SH,20260303,34.97,23.31
688289.SH,20260303,22.2,14.8
688290.SH,20260303,65.77,43.85
688291.SH,20260303,62.53,41.69
688292.SH,20260303,34.14,22.76
688293.SH,20260303,58.32,38.88
688295.SH,20260303,38.76,25.84
688296.SH,20260303,18.71,12.47
688297.SH,20260303,71.64,47.76
688298.SH,20260303,28.12,18.74
688299.SH,20260303,24.23,16.15
688300.SH,20260303,86.27,57.51
688301.SH,20260303,156.52,104.34
688302.SH,20260303,50.75,33.83
688303.SH,20260303,28.88,19.26
688305.SH,20260303,75.6,50.4
688306.SH,20260303,12.35,8.23
688307.SH,20260303,72.02,48.02
688308.SH,20260303,94.78,63.18
688309.SH,20260303,54.01,36.01
688310.SH,20260303,20.83,13.89
688311.SH,20260303,58.68,39.12
688312.SH,20260303,67.44,44.96
688313.SH,20260303,102.67,68.45
688314.SH,20260303,48.12,32.08
688315.SH,20260303,17.72,11.82
688316.SH,20260303,93.62,62.42
688317.SH,20260303,24.61,16.41
688318.SH,20260303,147.46,98.3
688319.SH,20260303,32.88,21.92
688320.SH,20260303,42.01,28.01
688321.SH,20260303,38.4,25.6
688322.SH,20260303,106.22,70.82
688323.SH,20260303,28.21,18.81
688325.SH,20260303,134.23,89.49
688326.SH,20260303,163.93,109.29
688327.SH,20260303,19.19,12.79
688328.SH,20260303,40.85,27.23
688329.SH,20260303,31.07,20.71
688330.SH,20260303,56.32,37.54
688331.SH,20260303,115.75,77.17
688332.SH,20260303,158.94,105.96
688333.SH,20260303,135.73,90.49
688334.SH,20260303,29.78,19.86
688335.SH,20260303,46.56,31.04
688336.SH,20260303,69.52,46.34
688337.SH,20260303,55.34,36.9
688338.SH,20260303,42.97,28.65
688339.SH,20260303,39.04,26.02
688343.SH,20260303,126.0,84.0
688345.SH,20260303,45.01,30.01
688347.SH,20260303,148.8,99.2
688348.SH,20260303,64.32,42.88
688349.SH,20260303,31.68,21.12
688350.SH,20260303,39.48,26.32
688351.SH,20260303,28.74,19.16
688352.SH,20260303,17.26,11.5
688353.SH,20260303,129.82,86.54
688355.SH,20260303,27.18,18.12
688356.SH,20260303,122.77,81.85
688357.SH,20260303,43.6,29.06
688358.SH,20260303,39.85,26.57
688359.SH,20260303,107.83,71.89
688360.SH,20260303,22.86,15.24
688361.SH,20260303,219.96,146.64
688362.SH,20260303,55.92,37.28
688363.SH,20260303,54.92,36.62
688365.SH,20260303,26.4,17.6
688366.SH,20260303,52.45,34.97
688367.SH,20260303,44.46,29.64
688368.SH,20260303,157.2,104.8
688369.SH,20260303,29.88,19.92
688370.SH,20260303,34.4,22.94
688371.SH,20260303,25.74,17.16
688372.SH,20260303,177.54,118.36
688373.SH,20260303,7.27,4.85
688375.SH,20260303,151.8,101.2
688376.SH,20260303,76.56,51.04
688377.SH,20260303,61.32,40.88
688378.SH,20260303,47.34,31.56
688379.SH,20260303,71.22,47.48
688380.SH,20260303,58.9,39.26
688381.SH,20260303,28.96,19.3
688382.SH,20260303,25.09,16.73
688383.SH,20260303,86.17,57.45
688385.SH,20260303,104.26,69.5
688386.SH,20260303,114.78,76.52
688387.SH,20260303,20.71,13.81
688388.SH,20260303,55.68,37.12
688389.SH,20260303,16.54,11.02
688390.SH,20260303,109.45,72.97
688391.SH,20260303,38.08,25.38
688392.SH,20260303,167.53,111.69
688393.SH,20260303,31.31,20.87
688395.SH,20260303,31.61,21.07
688396.SH,20260303,66.44,44.3
688398.SH,20260303,30.48,20.32
688399.SH,20260303,74.34,49.56
688400.SH,20260303,54.22,36.14
688401.SH,20260303,65.93,43.95
688403.SH,20260303,21.9,14.6
688408.SH,20260303,54.24,36.16
688409.SH,20260303,126.91,84.61
688410.SH,20260303,19.85,13.23
688411.SH,20260303,273.72,182.48
688416.SH,20260303,114.08,76.06
688418.SH,20260303,50.62,33.74
688419.SH,20260303,60.4,40.26
688420.SH,20260303,31.58,21.06
688425.SH,20260303,6.52,4.34
688426.SH,20260303,28.42,18.94
688428.SH,20260303,27.22,18.14
688429.SH,20260303,19.14,12.76
688432.SH,20260303,19.79,13.19
688433.SH,20260303,122.94,81.96
688435.SH,20260303,64.52,43.02
688439.SH,20260303,74.98,49.98
688443.SH,20260303,32.02,21.34
688448.SH,20260303,79.2,52.8
688449.SH,20260303,57.29,38.19
688450.SH,20260303,40.85,27.23
688455.SH,20260303,29.11,19.41
688456.SH,20260303,79.96,53.3
688458.SH,20260303,50.36,33.58
688459.SH,20260303,11.8,7.86
688466.SH,20260303,22.2,14.8
688468.SH,20260303,9.26,6.18
688469.SH,20260303,9.01,6.01
688472.SH,20260303,16.82,11.22
688475.SH,20260303,34.14,22.76
688478.SH,20260303,47.4,31.6
688479.SH,20260303,36.94,24.62
688480.SH,20260303,177.6,118.4
688484.SH,20260303,50.21,33.47
688485.SH,20260303,31.92,21.28
688486.SH,20260303,92.09,61.39
688488.SH,20260303,20.18,13.46
688489.SH,20260303,51.77,34.51
688496.SH,20260303,7.49,4.99
688498.SH,20260303,1026.0,684.0
688499.SH,20260303,68.5,45.66
688500.SH,20260303,63.07,42.05
688501.SH,20260303,33.65,22.43
688502.SH,20260303,423.96,282.64
688503.SH,20260303,120.71,80.47
688505.SH,20260303,10.04,6.7
688506.SH,20260303,306.0,204.0
688507.SH,20260303,121.33,80.89
688508.SH,20260303,80.26,53.5
688509.SH,20260303,5.94,3.96
688510.SH,20260303,53.81,35.87
688511.SH,20260303,34.33,22.89
688512.SH,20260303,14.95,9.97
688513.SH,20260303,69.12,46.08
688515.SH,20260303,167.57,111.71
688516.SH,20260303,110.76,73.84
688517.SH,20260303,21.9,14.6
688518.SH,20260303,36.01,24.01
688519.SH,20260303,135.48,90.32
688520.SH,20260303,45.82,30.54
688521.SH,20260303,320.88,213.92
688522.SH,20260303,51.01,34.01
688523.SH,20260303,81.16,54.1
688525.SH,20260303,192.6,128.4
688526.SH,20260303,19.58,13.06
688528.SH,20260303,14.05,9.37
688529.SH,20260303,23.57,15.71
688530.SH,20260303,47.62,31.74
688531.SH,20260303,89.34,59.56
688533.SH,20260303,40.32,26.88
688535.SH,20260303,155.58,103.72
688536.SH,20260303,206.23,137.49
688538.SH,20260303,3.06,2.04
688539.SH,20260303,54.35,36.23
688543.SH,20260303,89.9,59.94
688545.SH,20260303,74.24,49.5
688548.SH,20260303,32.6,21.74
688549.SH,20260303,12.61,8.41
688550.SH,20260303,54.89,36.59
688551.SH,20260303,52.08,34.72
688552.SH,20260303,55.3,36.86
688553.SH,20260303,22.33,14.89
688556.SH,20260303,20.68,13.78
688557.SH,20260303,46.03,30.69
688558.SH,20260303,39.12,26.08
688559.SH,20260303,71.35,47.57
688560.SH,20260303,22.3,14.86
688561.SH,20260303,41.32,27.54
688562.SH,20260303,27.0,18.0
688563.SH,20260303,86.62,57.74
688565.SH,20260303,18.2,12.14
688566.SH,20260303,34.27,22.85
688567.SH,20260303,16.99,11.33
688568.SH,20260303,88.04,58.7
688569.SH,20260303,26.22,17.48
688570.SH,20260303,22.94,15.3
688571.SH,20260303,9.53,6.35
688573.SH,20260303,27.04,18.02
688575.SH,20260303,16.82,11.22
688576.SH,20260303,95.06,63.38
688577.SH,20260303,85.62,57.08
688578.SH,20260303,109.08,72.72
688579.SH,20260303,14.46,9.64
688580.SH,20260303,69.29,46.19
688581.SH,20260303,69.78,46.52
688582.SH,20260303,75.9,50.6
688583.SH,20260303,188.52,125.68
688584.SH,20260303,27.9,18.6
688585.SH,20260303,138.19,92.13
688586.SH,20260303,19.88,13.26
688588.SH,20260303,16.0,10.66
688589.SH,20260303,29.5,19.66
688590.SH,20260303,19.25,12.83
688591.SH,20260303,50.15,33.43
688592.SH,20260303,59.41,39.61
688593.SH,20260303,44.04,29.36
688595.SH,20260303,43.27,28.85
688596.SH,20260303,40.56,27.04
688597.SH,20260303,11.75,7.83
688598.SH,20260303,32.84,21.9
688599.SH,20260303,21.78,14.52
688600.SH,20260303,32.27,21.51
688601.SH,20260303,61.51,41.01
688602.SH,20260303,10.26,6.84
688603.SH,20260303,102.82,68.54
688605.SH,20260303,79.4,52.94
688606.SH,20260303,80.7,53.8
688607.SH,20260303,65.2,43.46
688608.SH,20260303,239.88,159.92
688609.SH,20260303,10.39,6.93
688610.SH,20260303,99.3,66.2
688611.SH,20260303,69.23,46.15
688612.SH,20260303,36.1,24.06
688613.SH,20260303,28.45,18.97
688615.SH,20260303,260.6,173.74
688616.SH,20260303,16.48,10.98
688617.SH,20260303,286.34,190.9
688618.SH,20260303,39.8,26.54
688619.SH,20260303,18.08,12.06
688620.SH,20260303,14.09,9.39
688621.SH,20260303,76.34,50.9
688622.SH,20260303,140.8,93.86
688623.SH,20260303,127.34,84.9
688625.SH,20260303,89.16,59.44
688626.SH,20260303,81.18,54.12
688627.SH,20260303,343.9,229.26
688628.SH,20260303,50.26,33.5
688629.SH,20260303,154.18,102.78
688630.SH,20260303,242.06,161.38
688631.SH,20260303,81.35,54.23
688633.SH,20260303,33.89,22.59
688636.SH,20260303,59.83,39.89
688638.SH,20260303,47.96,31.98
688639.SH,20260303,39.8,26.54
688646.SH,20260303,56.39,37.59
688648.SH,20260303,77.87,51.91
688651.SH,20260303,54.96,36.64
688652.SH,20260303,146.02,97.34
688653.SH,20260303,16.9,11.26
688655.SH,20260303,26.47,17.65
688656.SH,20260303,170.08,113.38
688657.SH,20260303,60.82,40.54
688658.SH,20260303,22.66,15.1
688659.SH,20260303,12.83,8.55
688660.SH,20260303,16.68,11.12
688661.SH,20260303,118.56,79.04
688662.SH,20260303,69.86,46.58
688663.SH,20260303,73.98,49.32
688665.SH,20260303,61.67,41.11
688667.SH,20260303,115.18,76.78
688668.SH,20260303,184.76,123.18
688669.SH,20260303,34.62,23.08
688670.SH,20260303,22.72,15.14
688671.SH,20260303,27.86,18.58
688676.SH,20260303,120.43,80.29
688677.SH,20260303,53.62,35.74
688678.SH,20260303,30.59,20.39
688679.SH,20260303,56.7,37.8
688680.SH,20260303,69.0,46.0
688681.SH,20260303,24.52,16.34
688682.SH,20260303,62.36,41.58
688683.SH,20260303,47.0,31.34
688685.SH,20260303,68.93,45.95
688686.SH,20260303,133.19,88.79
688687.SH,20260303,25.6,17.06
688689.SH,20260303,39.55,26.37
688690.SH,20260303,33.78,22.52
688691.SH,20260303,166.1,110.74
688692.SH,20260303,300.04,200.02
688693.SH,20260303,49.38,32.92
688695.SH,20260303,32.9,21.94
688696.SH,20260303,113.22,75.48
688697.SH,20260303,19.14,12.76
688698.SH,20260303,97.93,65.29
688699.SH,20260303,60.0,40.0
688700.SH,20260303,53.2,35.46
688701.SH,20260303,12.26,8.18
688702.SH,20260303,247.9,165.26
688707.SH,20260303,17.39,11.59
688708.SH,20260303,77.92,51.94
688709.SH,20260303,57.47,38.31
688710.SH,20260303,65.99,43.99
688711.SH,20260303,40.26,26.84
688712.SH,20260303,48.36,32.24
688716.SH,20260303,46.75,31.17
688717.SH,20260303,133.2,88.8
688718.SH,20260303,18.7,12.46
688719.SH,20260303,56.24,37.5
688720.SH,20260303,92.83,61.89
688721.SH,20260303,57.5,38.34
688722.SH,20260303,23.72,15.82
688726.SH,20260303,88.28,58.86
688727.SH,20260303,66.36,44.24
688728.SH,20260303,20.04,13.36
688729.SH,20260303,30.77,20.51
688733.SH,20260303,37.02,24.68
688737.SH,20260303,34.32,22.88
688739.SH,20260303,30.68,20.46
688750.SH,20260303,26.36,17.58
688755.SH,20260303,47.81,31.87
688757.SH,20260303,35.66,23.78
688758.SH,20260303,24.08,16.06
688759.SH,20260303,46.72,31.14
688765.SH,20260303,84.24,56.16
688766.SH,20260303,308.4,205.6
688767.SH,20260303,42.6,28.4
688768.SH,20260303,65.83,43.89
688772.SH,20260303,21.13,14.09
688775.SH,20260303,277.57,185.05
688776.SH,20260303,136.07,90.71
688777.SH,20260303,93.56,62.38
688778.SH,20260303,98.74,65.82
688779.SH,20260303,14.1,9.4
688783.SH,20260303,30.0,20.0
688785.SH,20260303,386.39,257.59
688786.SH,20260303,43.81,29.21
688787.SH,20260303,173.12,115.42
688788.SH,20260303,80.24,53.5
688789.SH,20260303,104.58,69.72
688790.SH,20260303,176.51,117.67
688793.SH,20260303,26.41,17.61
688795.SH,20260303,702.16,468.1
688796.SH,20260303,90.66,60.44
688798.SH,20260303,93.23,62.15
688799.SH,20260303,51.43,34.29
688800.SH,20260303,119.34,79.56
688802.SH,20260303,629.98,419.98
688805.SH,20260303,56.27,37.51
688807.SH,20260303,297.08,198.06
688809.SH,20260303,424.78,283.18
688816.SH,20260303,85.52,57.02
688818.SH,20260303,82.46,54.98
688819.SH,20260303,39.23,26.15
688981.SH,20260303,135.04,90.02
689009.SH,20260303,58.9,39.26
900901.BJ,20260303,0.781,0.639
900902.BJ,20260303,0.187,0.153
900903.BJ,20260303,0.224,0.184
900904.BJ,20260303,0.559,0.457
900905.BJ,20260303,3.771,3.085
900906.BJ,20260303,0.347,0.284
900908.BJ,20260303,0.811,0.663
900909.BJ,20260303,0.62,0.508
900910.BJ,20260303,0.619,0.507
900911.BJ,20260303,0.828,0.678
900912.BJ,20260303,0.759,0.621
900913.BJ,20260303,0.248,0.203
900914.BJ,20260303,0.551,0.451
900915.BJ,20260303,0.431,0.353
900916.BJ,20260303,0.409,0.335
900917.BJ,20260303,0.301,0.247
900918.BJ,20260303,0.421,0.345
900920.BJ,20260303,0.421,0.345
900921.BJ,20260303,0.204,0.167
900922.BJ,20260303,0.82,0.671
900923.BJ,20260303,0.575,0.471
900924.BJ,20260303,0.435,0.356
900925.BJ,20260303,1.712,1.4
900926.BJ,20260303,1.161,0.95
900927.BJ,20260303,0.433,0.355
900928.BJ,20260303,0.778,0.636
900929.BJ,20260303,1.305,1.067
900932.BJ,20260303,0.459,0.375
900934.BJ,20260303,1.62,1.326
900936.BJ,20260303,1.395,1.141
900937.BJ,20260303,0.185,0.151
900938.BJ,20260303,0.263,0.215
900939.BJ,20260303,0.529,0.433
900940.BJ,20260303,0.26,0.212
900941.BJ,20260303,0.598,0.49
900942.BJ,20260303,0.798,0.653
900943.BJ,20260303,0.491,0.401
900945.BJ,20260303,0.295,0.241
900946.BJ,20260303,0.232,0.19
900947.BJ,20260303,0.301,0.247
900948.BJ,20260303,2.279,1.865
920000.BJ,20260303,23.75,12.79
920001.BJ,20260303,22.95,12.37
920002.BJ,20260303,125.25,67.45
920003.BJ,20260303,40.1,21.6
920005.BJ,20260303,50.36,27.12
920006.BJ,20260303,37.08,19.98
920007.BJ,20260303,86.86,46.78
920008.BJ,20260303,45.5,24.5
920009.BJ,20260303,97.48,52.5
920010.BJ,20260303,17.53,9.45
920014.BJ,20260303,17.81,9.59
920015.BJ,20260303,63.15,34.01
920016.BJ,20260303,25.51,13.75
920017.BJ,20260303,23.89,12.87
920018.BJ,20260303,42.57,22.93
920019.BJ,20260303,32.14,17.32
920020.BJ,20260303,22.13,11.93
920021.BJ,20260303,14.97,8.07
920022.BJ,20260303,37.37,20.13
920023.BJ,20260303,5.69,3.07
920026.BJ,20260303,47.72,25.7
920027.BJ,20260303,27.14,14.62
920029.BJ,20260303,113.63,61.19
920030.BJ,20260303,8.38,4.52
920033.BJ,20260303,22.26,12.0
920035.BJ,20260303,49.25,26.53
920037.BJ,20260303,108.16,58.24
920039.BJ,20260303,14.45,7.79
920045.BJ,20260303,496.47,267.33
920046.BJ,20260303,38.09,20.51
920047.BJ,20260303,28.86,15.54
920050.BJ,20260303,47.74,25.72
920056.BJ,20260303,33.08,17.82
920057.BJ,20260303,8.93,4.81
920058.BJ,20260303,39.91,21.49
920060.BJ,20260303,45.72,24.62
920061.BJ,20260303,38.83,20.91
920062.BJ,20260303,15.4,8.3
920066.BJ,20260303,33.59,18.09
920068.BJ,20260303,27.45,14.79
920075.BJ,20260303,33.54,18.06
920076.BJ,20260303,30.57,16.47
920077.BJ,20260303,23.07,12.43
920080.BJ,20260303,35.24,18.98
920082.BJ,20260303,22.99,12.39
920086.BJ,20260303,42.77,23.03
920087.BJ,20260303,24.19,13.03
920088.BJ,20260303,89.18,48.02
920089.BJ,20260303,27.14,14.62
920090.BJ,20260303,8.51,4.59
920091.BJ,20260303,84.5,45.5
920092.BJ,20260303,45.74,24.64
920098.BJ,20260303,37.4,20.14
920099.BJ,20260303,45.6,24.56
920100.BJ,20260303,79.84,43.0
920101.BJ,20260303,52.52,28.28
920106.BJ,20260303,97.86,52.7
920108.BJ,20260303,16.7,9.0
920110.BJ,20260303,48.1,25.9
920111.BJ,20260303,31.74,17.1
920112.BJ,20260303,49.14,26.46
920116.BJ,20260303,143.4,77.22
920118.BJ,20260303,30.25,16.29
920119.BJ,20260303,135.29,72.85
920121.BJ,20260303,53.62,28.88
920122.BJ,20260303,40.39,21.75
920123.BJ,20260303,18.59,10.01
920124.BJ,20260303,23.46,12.64
920128.BJ,20260303,35.75,19.25
920130.BJ,20260303,30.16,16.24
920132.BJ,20260303,22.65,12.21
920139.BJ,20260303,26.57,14.31
920145.BJ,20260303,24.16,13.02
920146.BJ,20260303,10.28,5.54
920149.BJ,20260303,14.93,8.05
920152.BJ,20260303,28.27,15.23
920158.BJ,20260303,23.79,12.81
920159.BJ,20260303,53.09,28.59
920160.BJ,20260303,33.04,17.8
920163.BJ,20260303,20.02,10.78
920166.BJ,20260303,44.39,23.91
920167.BJ,20260303,25.53,13.75
920168.BJ,20260303,33.82,18.22
920169.BJ,20260303,51.25,27.61
920171.BJ,20260303,27.49,14.81
920174.BJ,20260303,57.91,31.19
920175.BJ,20260303,15.15,8.17
920179.BJ,20260303,69.74,37.56
920180.BJ,20260303,25.03,13.49
920184.BJ,20260303,23.28,12.54
920185.BJ,20260303,37.5,20.2
920190.BJ,20260303,32.95,17.75
920195.BJ,20260303,28.01,15.09
920198.BJ,20260303,12.92,6.96
920199.BJ,20260303,54.96,29.6
920204.BJ,20260303,22.72,12.24
920207.BJ,20260303,42.78,23.04
920208.BJ,20260303,32.05,17.27
920212.BJ,20260303,17.22,9.28
920221.BJ,20260303,20.5,11.04
920223.BJ,20260303,25.37,13.67
920225.BJ,20260303,40.82,21.98
920227.BJ,20260303,91.45,49.25
920230.BJ,20260303,16.14,8.7
920237.BJ,20260303,29.45,15.87
920239.BJ,20260303,41.05,22.11
920242.BJ,20260303,34.65,18.67
920245.BJ,20260303,36.34,19.58
920247.BJ,20260303,31.48,16.96
920249.BJ,20260303,16.96,9.14
920252.BJ,20260303,38.41,20.69
920260.BJ,20260303,15.4,8.3
920261.BJ,20260303,20.76,11.18
920262.BJ,20260303,30.49,16.43
920263.BJ,20260303,17.16,9.24
920266.BJ,20260303,11.72,6.32
920267.BJ,20260303,28.32,15.26
920270.BJ,20260303,25.05,13.49
920271.BJ,20260303,20.87,11.25
920273.BJ,20260303,36.14,19.46
920274.BJ,20260303,32.85,17.69
920275.BJ,20260303,11.57,6.23
920278.BJ,20260303,11.83,6.37
920284.BJ,20260303,47.21,25.43
920299.BJ,20260303,37.4,20.14
920300.BJ,20260303,18.26,9.84
920304.BJ,20260303,18.2,9.8
920305.BJ,20260303,11.57,6.23
920339.BJ,20260303,11.7,6.3
920344.BJ,20260303,29.4,15.84
920346.BJ,20260303,30.68,16.52
920351.BJ,20260303,32.82,17.68
920357.BJ,20260303,30.87,16.63
920363.BJ,20260303,25.03,13.49
920367.BJ,20260303,27.45,14.79
920368.BJ,20260303,65.92,35.5
920370.BJ,20260303,5.2,2.8
920371.BJ,20260303,14.1,7.6
920374.BJ,20260303,29.99,16.15
920375.BJ,20260303,18.09,9.75
920378.BJ,20260303,12.97,6.99
920392.BJ,20260303,31.98,17.22
920394.BJ,20260303,69.81,37.59
920395.BJ,20260303,14.83,7.99
920396.BJ,20260303,47.04,25.34
920402.BJ,20260303,12.8,6.9
920403.BJ,20260303,34.12,18.38
920405.BJ,20260303,31.17,16.79
920407.BJ,20260303,27.91,15.03
920414.BJ,20260303,19.01,10.25
920415.BJ,20260303,18.25,9.83
920418.BJ,20260303,35.65,19.21
920419.BJ,20260303,19.51,10.51
920422.BJ,20260303,16.1,8.68
920425.BJ,20260303,31.08,16.74
920427.BJ,20260303,18.01,9.71
920429.BJ,20260303,18.55,9.99
920433.BJ,20260303,7.56,4.08
920436.BJ,20260303,21.04,11.34
920438.BJ,20260303,58.4,31.46
920445.BJ,20260303,14.49,7.81
920454.BJ,20260303,20.21,10.89
920455.BJ,20260303,11.23,6.05
920469.BJ,20260303,13.5,7.28
920471.BJ,20260303,20.43,11.01
920475.BJ,20260303,20.34,10.96
920476.BJ,20260303,30.49,16.43
920478.BJ,20260303,23.27,12.53
920489.BJ,20260303,21.68,11.68
920491.BJ,20260303,34.81,18.75
920493.BJ,20260303,214.76,115.64
920496.BJ,20260303,13.02,7.02
920504.BJ,20260303,32.5,17.5
920505.BJ,20260303,65.85,35.47
920508.BJ,20260303,28.61,15.41
920509.BJ,20260303,45.72,24.62
920510.BJ,20260303,21.91,11.81
920519.BJ,20260303,16.65,8.97
920522.BJ,20260303,92.58,49.86
920523.BJ,20260303,33.25,17.91
920526.BJ,20260303,28.8,15.52
920527.BJ,20260303,23.14,12.46
920533.BJ,20260303,35.21,18.97
920541.BJ,20260303,17.82,9.6
920547.BJ,20260303,31.86,17.16
920553.BJ,20260303,12.8,6.9
920556.BJ,20260303,13.49,7.27
920564.BJ,20260303,37.64,20.28
920566.BJ,20260303,14.57,7.85
920570.BJ,20260303,43.79,23.59
920571.BJ,20260303,16.23,8.75
920575.BJ,20260303,11.9,6.42
920576.BJ,20260303,107.12,57.68
920578.BJ,20260303,28.86,15.54
920579.BJ,20260303,29.27,15.77
920580.BJ,20260303,19.83,10.69
920592.BJ,20260303,46.99,25.31
920593.BJ,20260303,41.57,22.39
920599.BJ,20260303,27.22,14.66
920608.BJ,20260303,24.11,12.99
920627.BJ,20260303,28.6,15.4
920634.BJ,20260303,35.54,19.14
920639.BJ,20260303,11.07,5.97
920640.BJ,20260303,63.05,33.95
920641.BJ,20260303,24.64,13.28
920642.BJ,20260303,19.86,10.7
920651.BJ,20260303,47.25,25.45
920656.BJ,20260303,22.25,11.99
920662.BJ,20260303,40.11,21.61
920663.BJ,20260303,21.11,11.37
920665.BJ,20260303,16.64,8.96
920670.BJ,20260303,23.88,12.86
920675.BJ,20260303,16.31,8.79
920679.BJ,20260303,26.27,14.15
920682.BJ,20260303,12.27,6.61
920685.BJ,20260303,18.44,9.94
920689.BJ,20260303,43.95,23.67
920690.BJ,20260303,39.65,21.35
920693.BJ,20260303,45.63,24.57
920694.BJ,20260303,27.09,14.59
920699.BJ,20260303,57.95,31.21
920701.BJ,20260303,22.62,12.18
920703.BJ,20260303,20.29,10.93
920706.BJ,20260303,35.37,19.05
920717.BJ,20260303,14.19,7.65
920718.BJ,20260303,18.74,10.1
920719.BJ,20260303,16.02,8.64
920720.BJ,20260303,17.56,9.46
920725.BJ,20260303,48.6,26.18
920726.BJ,20260303,26.26,14.14
920729.BJ,20260303,11.55,6.23
920735.BJ,20260303,45.42,24.46
920748.BJ,20260303,53.36,28.74
920751.BJ,20260303,33.61,18.11
920753.BJ,20260303,27.96,15.06
920765.BJ,20260303,23.56,12.7
920768.BJ,20260303,16.43,8.85
920770.BJ,20260303,23.2,12.5
920779.BJ,20260303,41.82,22.52
920781.BJ,20260303,12.19,6.57
920786.BJ,20260303,13.09,7.05
920790.BJ,20260303,40.62,21.88
920792.BJ,20260303,17.13,9.23
920799.BJ,20260303,53.82,28.98
920802.BJ,20260303,20.38,10.98
920806.BJ,20260303,16.75,9.03
920807.BJ,20260303,20.18,10.88
920808.BJ,20260303,112.45,60.55
920809.BJ,20260303,9.34,5.04
920810.BJ,20260303,16.39,8.83
920819.BJ,20260303,5.12,2.76
920821.BJ,20260303,31.68,17.06
920826.BJ,20260303,15.99,8.61
920832.BJ,20260303,9.81,5.29
920833.BJ,20260303,26.01,14.01
920834.BJ,20260303,18.94,10.2
920837.BJ,20260303,18.96,10.22
920839.BJ,20260303,47.02,25.32
920855.BJ,20260303,23.04,12.42
920856.BJ,20260303,20.18,10.88
920857.BJ,20260303,34.19,18.41
920866.BJ,20260303,11.02,5.94
920870.BJ,20260303,21.91,11.81
920871.BJ,20260303,19.0,10.24
920873.BJ,20260303,10.4,5.6
920876.BJ,20260303,33.41,17.99
920879.BJ,20260303,28.44,15.32
920885.BJ,20260303,32.37,17.43
920892.BJ,20260303,21.06,11.34
920895.BJ,20260303,25.53,13.75
920896.BJ,20260303,25.46,13.72
920906.BJ,20260303,34.64,18.66
920914.BJ,20260303,36.36,19.58
920924.BJ,20260303,29.53,15.91
920925.BJ,20260303,27.44,14.78
920926.BJ,20260303,21.09,11.37
920931.BJ,20260303,18.18,9.8
920932.BJ,20260303,24.15,13.01
920942.BJ,20260303,37.81,20.37
920943.BJ,20260303,32.73,17.63
920946.BJ,20260303,13.88,7.48
920950.BJ,20260303,23.14,12.46
920953.BJ,20260303,44.86,24.16
920957.BJ,20260303,16.75,9.03
920961.BJ,20260303,35.25,18.99
920964.BJ,20260303,8.81,4.75
920970.BJ,20260303,10.07,5.43
920971.BJ,20260303,38.55,20.77
920974.BJ,20260303,11.16,6.02
920976.BJ,20260303,42.91,23.11
920978.BJ,20260303,37.71,20.31
920981.BJ,20260303,44.55,23.99
920982.BJ,20260303,251.29,135.31
920985.BJ,20260303,10.12,5.46
920992.BJ,20260303,20.95,11.29
