ts_code,symbol,name,area,industry,market,list_date
000001.SZ,000001,平安银行,深圳,银行,主板,19910403
000002.SZ,000002,万科Ａ,深圳,全国地产,主板,19910129
000004.SZ,000004,*ST国华,深圳,软件服务,主板,19901201
000006.SZ,000006,深振业Ａ,深圳,区域地产,主板,19920427
000007.SZ,000007,全新好,深圳,其他商业,主板,19920413
000008.SZ,000008,神州高铁,北京,运输设备,主板,19920507
000009.SZ,000009,中国宝安,深圳,电气设备,主板,19910625
000010.SZ,000010,*ST美丽,深圳,建筑工程,主板,19951027
000011.SZ,000011,深物业A,深圳,房产服务,主板,19920330
000012.SZ,000012,南玻Ａ,深圳,玻璃,主板,19920228
000014.SZ,000014,沙河股份,深圳,全国地产,主板,19920602
000016.SZ,000016,*ST康佳A,深圳,家用电器,主板,19920327
000017.SZ,000017,深中华A,深圳,服饰,主板,19920331
000019.SZ,000019,深粮控股,深圳,农业综合,主板,19921012
000020.SZ,000020,深华发Ａ,深圳,元器件,主板,19920428
000021.SZ,000021,深科技,深圳,元器件,主板,19940202
001872.SZ,001872,招商港口,深圳,港口,主板,19930505
000025.SZ,000025,特力Ａ,深圳,综合类,主板,19930621
000026.SZ,000026,飞亚达,深圳,服饰,主板,19930603
000027.SZ,000027,深圳能源,深圳,火力发电,主板,19930903
000028.SZ,000028,国药一致,深圳,医药商业,主板,19930809
000029.SZ,000029,深深房Ａ,深圳,区域地产,主板,19930915
000030.SZ,000030,富奥股份,吉林,汽车配件,主板,19930929
000031.SZ,000031,大悦城,深圳,全国地产,主板,19931008
000032.SZ,000032,深桑达Ａ,深圳,建筑工程,主板,19931028
000034.SZ,000034,神州数码,深圳,软件服务,主板,19940509
000035.SZ,000035,中国天楹,江苏,环境保护,主板,19940408
000036.SZ,000036,华联控股,深圳,全国地产,主板,19940617
000037.SZ,000037,深南电A,深圳,火力发电,主板,19940701
000039.SZ,000039,中集集团,深圳,运输设备,主板,19940408
000042.SZ,000042,中洲控股,深圳,全国地产,主板,19940921
001914.SZ,001914,招商积余,深圳,房产服务,主板,19940928
000045.SZ,000045,深纺织Ａ,深圳,元器件,主板,19940815
000048.SZ,000048,京基智农,深圳,农业综合,主板,19941101
000049.SZ,000049,德赛电池,深圳,电气设备,主板,19950320
000050.SZ,000050,深天马Ａ,深圳,元器件,主板,19950315
000055.SZ,000055,方大集团,深圳,其他建材,主板,19960415
000056.SZ,000056,*ST皇庭,深圳,其他商业,主板,19960708
000058.SZ,000058,深赛格,深圳,商品城,主板,19961226
000059.SZ,000059,华锦股份,辽宁,石油加工,主板,19970130
000060.SZ,000060,中金岭南,深圳,铅锌,主板,19970123
000061.SZ,000061,农产品,深圳,农业综合,主板,19970110
000062.SZ,000062,深圳华强,深圳,元器件,主板,19970130
000063.SZ,000063,中兴通讯,深圳,通信设备,主板,19971118
000065.SZ,000065,北方国际,北京,建筑工程,主板,19980605
000066.SZ,000066,中国长城,深圳,IT设备,主板,19970626
000068.SZ,000068,华控赛格,深圳,环境保护,主板,19970611
000069.SZ,000069,华侨城Ａ,深圳,全国地产,主板,19970910
000070.SZ,000070,特发信息,深圳,通信设备,主板,20000511
000078.SZ,000078,ST海王,深圳,医药商业,主板,19981218
000088.SZ,000088,盐田港,深圳,港口,主板,19970728
000089.SZ,000089,深圳机场,深圳,机场,主板,19980420
000090.SZ,000090,天健集团,深圳,建筑工程,主板,19990721
000096.SZ,000096,广聚能源,深圳,石油贸易,主板,20000724
000099.SZ,000099,中信海直,深圳,空运,主板,20000731
000100.SZ,000100,TCL科技,广东,元器件,主板,20040130
000151.SZ,000151,中成股份,北京,商贸代理,主板,20000906
000153.SZ,000153,丰原药业,安徽,化学制药,主板,20000920
000155.SZ,000155,川能动力,四川,新型电力,主板,20000926
000156.SZ,000156,华数传媒,浙江,影视音像,主板,20000906
000157.SZ,000157,中联重科,湖南,工程机械,主板,20001012
000158.SZ,000158,常山北明,河北,软件服务,主板,20000724
000159.SZ,000159,国际实业,新疆,石油贸易,主板,20000926
000301.SZ,000301,东方盛虹,江苏,化纤,主板,20000529
000400.SZ,000400,许继电气,河南,电气设备,主板,19970418
000401.SZ,000401,金隅冀东,河北,水泥,主板,19960614
000402.SZ,000402,金融街,北京,全国地产,主板,19960626
000403.SZ,000403,派林生物,山西,生物制药,主板,19960628
000404.SZ,000404,长虹华意,江西,家用电器,主板,19960619
000407.SZ,000407,胜利股份,山东,供气供热,主板,19960703
000408.SZ,000408,藏格矿业,青海,农药化肥,主板,19960628
000409.SZ,000409,云鼎科技,山东,软件服务,主板,19960627
000410.SZ,000410,沈阳机床,辽宁,机床制造,主板,19960718
000411.SZ,000411,英特集团,浙江,医药商业,主板,19960716
000415.SZ,000415,渤海租赁,新疆,多元金融,主板,19960716
000417.SZ,000417,合百集团,安徽,百货,主板,19960812
000419.SZ,000419,通程控股,湖南,百货,主板,19960816
000420.SZ,000420,吉林化纤,吉林,化纤,主板,19960802
000421.SZ,000421,南京公用,江苏,供气供热,主板,19960806
000422.SZ,000422,湖北宜化,湖北,农药化肥,主板,19960815
000423.SZ,000423,东阿阿胶,山东,中成药,主板,19960729
000425.SZ,000425,徐工机械,江苏,工程机械,主板,19960828
000426.SZ,000426,兴业银锡,内蒙,铅锌,主板,19960828
000428.SZ,000428,华天酒店,湖南,酒店餐饮,主板,19960808
000429.SZ,000429,粤高速Ａ,广东,路桥,主板,19980220
000430.SZ,000430,ST张家界,湖南,旅游景点,主板,19960829
000488.SZ,000488,ST晨鸣,山东,造纸,主板,20001120
000498.SZ,000498,山东路桥,山东,建筑工程,主板,19970609
000501.SZ,000501,武商集团,湖北,百货,主板,19921120
000503.SZ,000503,国新健康,山东,软件服务,主板,19921130
000504.SZ,000504,*ST生物,湖南,医疗保健,主板,19921208
000505.SZ,000505,京粮控股,海南,食品,主板,19921221
000506.SZ,000506,招金黄金,山东,黄金,主板,19930312
000507.SZ,000507,珠海港,广东,新型电力,主板,19930326
000509.SZ,000509,华塑控股,四川,元器件,主板,19930507
000510.SZ,000510,新金路,四川,化工原料,主板,19930507
000513.SZ,000513,丽珠集团,广东,化学制药,主板,19931028
000514.SZ,000514,渝开发,重庆,区域地产,主板,19930712
000516.SZ,000516,国际医学,陕西,医疗保健,主板,19930809
000517.SZ,000517,荣安地产,浙江,区域地产,主板,19930806
000518.SZ,000518,*ST四环,江苏,生物制药,主板,19930908
000519.SZ,000519,中兵红箭,河南,专用机械,主板,19931008
000520.SZ,000520,凤凰航运,湖北,水运,主板,19931025
000521.SZ,000521,长虹美菱,安徽,家用电器,主板,19931018
000523.SZ,000523,红棉股份,广东,食品,主板,19931108
000524.SZ,000524,岭南控股,广东,旅游服务,主板,19931118
000525.SZ,000525,红太阳,江苏,农药化肥,主板,19931028
000526.SZ,000526,学大教育,福建,文教休闲,主板,19931101
000528.SZ,000528,柳工,广西,工程机械,主板,19931118
000529.SZ,000529,广弘控股,广东,食品,主板,19931118
000530.SZ,000530,冰山冷热,辽宁,机械基件,主板,19931208
000531.SZ,000531,穗恒运Ａ,广东,火力发电,主板,19940106
000532.SZ,000532,华金资本,广东,多元金融,主板,19940103
000533.SZ,000533,顺钠股份,广东,电气设备,主板,19940103
000534.SZ,000534,万泽股份,广东,生物制药,主板,19940110
000536.SZ,000536,华映科技,福建,元器件,主板,19931126
000537.SZ,000537,绿发电力,天津,新型电力,主板,19931210
000538.SZ,000538,云南白药,云南,中成药,主板,19931215
000539.SZ,000539,粤电力Ａ,广东,火力发电,主板,19931126
000541.SZ,000541,佛山照明,广东,家用电器,主板,19931123
000543.SZ,000543,皖能电力,安徽,火力发电,主板,19931220
000544.SZ,000544,中原环保,河南,环境保护,主板,19931208
000545.SZ,000545,金浦钛业,吉林,化工原料,主板,19931215
000546.SZ,000546,金圆股份,吉林,环境保护,主板,19931215
000547.SZ,000547,航天发展,福建,通信设备,主板,19931130
000548.SZ,000548,湖南投资,湖南,路桥,主板,19931220
000550.SZ,000550,江铃汽车,江西,汽车整车,主板,19931201
000551.SZ,000551,创元科技,江苏,专用机械,主板,19940106
000552.SZ,000552,甘肃能化,甘肃,煤炭开采,主板,19940106
000553.SZ,000553,安道麦A,湖北,农药化肥,主板,19931203
000554.SZ,000554,泰山石油,山东,石油贸易,主板,19931215
000555.SZ,000555,神州信息,深圳,软件服务,主板,19940408
000557.SZ,000557,西部创业,宁夏,铁路,主板,19940617
000558.SZ,000558,天府文旅,四川,旅游景点,主板,19940509
000559.SZ,000559,万向钱潮,浙江,汽车配件,主板,19940110
000560.SZ,000560,我爱我家,云南,房产服务,主板,19940202
000561.SZ,000561,烽火电子,陕西,通信设备,主板,19940509
000563.SZ,000563,陕国投Ａ,陕西,多元金融,主板,19940110
000564.SZ,000564,供销大集,陕西,百货,主板,19940110
000565.SZ,000565,渝三峡Ａ,重庆,染料涂料,主板,19940408
000566.SZ,000566,海南海药,海南,化学制药,主板,19940525
000567.SZ,000567,海德股份,海南,多元金融,主板,19940525
000568.SZ,000568,泸州老窖,四川,白酒,主板,19940509
000570.SZ,000570,苏常柴Ａ,江苏,农用机械,主板,19940701
000571.SZ,000571,新大洲A,海南,煤炭开采,主板,19940525
000572.SZ,000572,海马汽车,海南,汽车整车,主板,19940808
000573.SZ,000573,粤宏远Ａ,广东,区域地产,主板,19940815
000576.SZ,000576,甘化科工,广东,电气设备,主板,19940907
000581.SZ,000581,威孚高科,江苏,汽车配件,主板,19980924
000582.SZ,000582,北部湾港,广西,港口,主板,19951102
000586.SZ,000586,汇源通信,四川,通信设备,主板,19951220
000589.SZ,000589,贵州轮胎,贵州,汽车配件,主板,19960308
000590.SZ,000590,古汉医药,湖南,中成药,主板,19960119
000591.SZ,000591,太阳能,重庆,新型电力,主板,19960208
000592.SZ,000592,平潭发展,福建,林业,主板,19960327
000593.SZ,000593,德龙汇能,四川,供气供热,主板,19960312
000595.SZ,000595,*ST宝实,宁夏,新型电力,主板,19960419
000596.SZ,000596,古井贡酒,安徽,白酒,主板,19960927
000597.SZ,000597,东北制药,辽宁,化学制药,主板,19960523
000598.SZ,000598,兴蓉环境,四川,水务,主板,19960529
000599.SZ,000599,青岛双星,山东,汽车配件,主板,19960430
000600.SZ,000600,建投能源,河北,火力发电,主板,19960606
000601.SZ,000601,韶能股份,广东,水力发电,主板,19960830
000603.SZ,000603,盛达资源,北京,铅锌,主板,19960823
000605.SZ,000605,渤海股份,北京,水务,主板,19960913
000607.SZ,000607,华媒控股,浙江,广告包装,主板,19960830
000608.SZ,000608,*ST阳光,广西,区域地产,主板,19960919
000609.SZ,000609,*ST中迪,北京,区域地产,主板,19961010
000610.SZ,000610,*ST西旅,陕西,旅游服务,主板,19960926
000612.SZ,000612,焦作万方,河南,铝,主板,19960926
000615.SZ,000615,*ST美谷,湖北,医疗保健,主板,19961016
000617.SZ,000617,中油资本,新疆,多元金融,主板,19961022
000619.SZ,000619,海螺新材,安徽,其他建材,主板,19961023
000620.SZ,000620,盈新发展,北京,全国地产,主板,19961029
000623.SZ,000623,吉林敖东,吉林,中成药,主板,19961028
000625.SZ,000625,长安汽车,重庆,汽车整车,主板,19970610
000626.SZ,000626,远大控股,江苏,商贸代理,主板,19961128
000628.SZ,000628,高新发展,四川,建筑工程,主板,19961118
000629.SZ,000629,钒钛股份,四川,小金属,主板,19961115
000630.SZ,000630,铜陵有色,安徽,铜,主板,19961120
000631.SZ,000631,顺发恒能,浙江,综合类,主板,19961122
000632.SZ,000632,ST三木,福建,综合类,主板,19961121
000633.SZ,000633,合金投资,新疆,小金属,主板,19961112
000635.SZ,000635,英力特,宁夏,化工原料,主板,19961120
000636.SZ,000636,风华高科,广东,元器件,主板,19961129
000637.SZ,000637,茂化实华,广东,石油加工,主板,19961114
000638.SZ,000638,*ST万方,吉林,农业综合,主板,19961126
000639.SZ,000639,ST西王,山东,食品,主板,19961126
000650.SZ,000650,仁和药业,江西,中成药,主板,19961210
000651.SZ,000651,格力电器,广东,家用电器,主板,19961118
000652.SZ,000652,泰达股份,天津,批发业,主板,19961128
000655.SZ,000655,金岭矿业,山东,普钢,主板,19961128
000656.SZ,000656,*ST金科,重庆,全国地产,主板,19961128
000657.SZ,000657,中钨高新,海南,小金属,主板,19961205
000659.SZ,000659,珠海中富,广东,广告包装,主板,19961203
000661.SZ,000661,长春高新,吉林,生物制药,主板,19961218
000663.SZ,000663,永安林业,福建,林业,主板,19961206
000665.SZ,000665,湖北广电,湖北,影视音像,主板,19961210
000668.SZ,000668,*ST荣控,山东,房产服务,主板,19961210
000669.SZ,000669,ST金鸿,湖南,供气供热,主板,19961210
000670.SZ,000670,盈方微,湖北,元器件,主板,19961217
000672.SZ,000672,上峰水泥,甘肃,水泥,主板,19961218
000676.SZ,000676,智度股份,广东,互联网,主板,19961224
000677.SZ,000677,ST海龙,山东,化纤,主板,19961226
000678.SZ,000678,襄阳轴承,湖北,汽车配件,主板,19970106
000679.SZ,000679,大连友谊,辽宁,百货,主板,19970124
000680.SZ,000680,山推股份,山东,工程机械,主板,19970122
000681.SZ,000681,视觉中国,江苏,互联网,主板,19970121
000682.SZ,000682,东方电子,山东,电气设备,主板,19970121
000683.SZ,000683,博源化工,内蒙,化工原料,主板,19970131
000685.SZ,000685,中山公用,广东,水务,主板,19970123
000686.SZ,000686,东北证券,吉林,证券,主板,19970227
000688.SZ,000688,国城矿业,四川,铅锌,主板,19970120
000690.SZ,000690,宝新能源,广东,火力发电,主板,19970128
000691.SZ,000691,*ST亚太,甘肃,化工原料,主板,19970228
000692.SZ,000692,惠天热电,辽宁,供气供热,主板,19970227
000695.SZ,000695,滨海能源,天津,化工原料,主板,19970218
001696.SZ,001696,宗申动力,重庆,摩托车,主板,19970306
000697.SZ,000697,炼石航空,陕西,航空,主板,19970325
000698.SZ,000698,ST沈化,辽宁,石油加工,主板,19970220
000700.SZ,000700,模塑科技,江苏,汽车配件,主板,19970228
000701.SZ,000701,厦门信达,福建,商贸代理,主板,19970226
000702.SZ,000702,正虹科技,湖南,饲料,主板,19970318
000703.SZ,000703,恒逸石化,广西,化纤,主板,19970328
000705.SZ,000705,浙江震元,浙江,医药商业,主板,19970410
000707.SZ,000707,双环科技,湖北,化工原料,主板,19970415
000708.SZ,000708,中信特钢,湖北,特种钢,主板,19970326
000709.SZ,000709,河钢股份,河北,普钢,主板,19970416
000710.SZ,000710,贝瑞基因,四川,医疗保健,主板,19970422
000711.SZ,000711,ST京蓝,黑龙江,环境保护,主板,19970411
000712.SZ,000712,锦龙股份,广东,证券,主板,19970415
000713.SZ,000713,国投丰乐,安徽,种植业,主板,19970422
000715.SZ,000715,中兴商业,辽宁,百货,主板,19970508
000716.SZ,000716,黑芝麻,广西,食品,主板,19970418
000717.SZ,000717,中南股份,广东,普钢,主板,19970508
000718.SZ,000718,苏宁环球,吉林,区域地产,主板,19970408
000719.SZ,000719,中原传媒,河南,出版业,主板,19970331
000720.SZ,000720,新能泰山,山东,电气设备,主板,19970509
000721.SZ,000721,西安饮食,陕西,酒店餐饮,主板,19970430
000722.SZ,000722,湖南发展,湖南,水力发电,主板,19970522
000723.SZ,000723,美锦能源,山西,焦炭加工,主板,19970515
000725.SZ,000725,京东方Ａ,北京,元器件,主板,20010112
000726.SZ,000726,鲁泰Ａ,山东,纺织,主板,20001225
000727.SZ,000727,冠捷科技,江苏,元器件,主板,19970520
000728.SZ,000728,国元证券,安徽,证券,主板,19970616
000729.SZ,000729,燕京啤酒,北京,啤酒,主板,19970716
000731.SZ,000731,四川美丰,四川,农药化肥,主板,19970617
000733.SZ,000733,振华科技,贵州,元器件,主板,19970703
000735.SZ,000735,罗牛山,海南,农业综合,主板,19970611
000736.SZ,000736,*ST中地,重庆,全国地产,主板,19970425
000737.SZ,000737,北方铜业,山西,铜,主板,19970428
000738.SZ,000738,航发控制,江苏,航空,主板,19970626
000739.SZ,000739,普洛药业,浙江,化学制药,主板,19970509
000750.SZ,000750,国海证券,广西,证券,主板,19970709
000751.SZ,000751,锌业股份,辽宁,铅锌,主板,19970626
000752.SZ,000752,*ST西发,西藏,啤酒,主板,19970625
000753.SZ,000753,漳州发展,福建,综合类,主板,19970626
000755.SZ,000755,山西高速,山西,路桥,主板,19970627
000756.SZ,000756,新华制药,山东,化学制药,主板,19970806
000757.SZ,000757,浩物股份,四川,汽车服务,主板,19970627
000758.SZ,000758,中色股份,北京,铅锌,主板,19970416
000759.SZ,000759,中百集团,湖北,超市连锁,主板,19970519
000761.SZ,000761,本钢板材,辽宁,普钢,主板,19980115
000762.SZ,000762,西藏矿业,西藏,小金属,主板,19970708
000766.SZ,000766,通化金马,吉林,化学制药,主板,19970430
000767.SZ,000767,晋控电力,山西,火力发电,主板,19970609
000768.SZ,000768,中航西飞,陕西,航空,主板,19970626
000776.SZ,000776,广发证券,广东,证券,主板,19970611
000777.SZ,000777,中核科技,江苏,机械基件,主板,19970710
000778.SZ,000778,新兴铸管,河北,钢加工,主板,19970606
000779.SZ,000779,甘咨询,甘肃,建筑工程,主板,19970528
000782.SZ,000782,恒申新材,广东,化纤,主板,19970619
000783.SZ,000783,长江证券,湖北,证券,主板,19970731
000785.SZ,000785,居然智家,湖北,百货,主板,19970711
000786.SZ,000786,北新建材,北京,其他建材,主板,19970606
000788.SZ,000788,北大医药,重庆,化学制药,主板,19970616
000789.SZ,000789,万年青,江西,水泥,主板,19970923
000790.SZ,000790,华神科技,四川,中成药,主板,19980327
000791.SZ,000791,甘肃能源,甘肃,水力发电,主板,19971014
000792.SZ,000792,盐湖股份,青海,农药化肥,主板,19970904
000793.SZ,000793,*ST华闻,海南,出版业,主板,19970729
000795.SZ,000795,英洛华,浙江,矿物制品,主板,19970808
000796.SZ,000796,凯撒旅业,海南,旅游服务,主板,19970703
000797.SZ,000797,中国武夷,福建,全国地产,主板,19970715
000798.SZ,000798,中水渔业,北京,渔业,主板,19980212
000799.SZ,000799,酒鬼酒,湖南,白酒,主板,19970718
000800.SZ,000800,一汽解放,吉林,汽车整车,主板,19970618
000801.SZ,000801,四川九洲,四川,家用电器,主板,19980506
000802.SZ,000802,北京文化,北京,影视音像,主板,19980108
000803.SZ,000803,山高环能,四川,环境保护,主板,19980303
000807.SZ,000807,云铝股份,云南,铝,主板,19980408
000809.SZ,000809,和展能源,辽宁,电气设备,主板,19980616
000810.SZ,000810,创维数字,四川,家用电器,主板,19980602
000811.SZ,000811,冰轮环境,山东,工程机械,主板,19980528
000812.SZ,000812,陕西金叶,陕西,广告包装,主板,19980623
000813.SZ,000813,德展健康,新疆,化学制药,主板,19980519
000815.SZ,000815,美利云,宁夏,通信设备,主板,19980609
000816.SZ,000816,智慧农业,江苏,农用机械,主板,19970818
000818.SZ,000818,航锦科技,辽宁,化工原料,主板,19971017
000819.SZ,000819,岳阳兴长,湖南,石油加工,主板,19970625
000820.SZ,000820,*ST节能,江西,综合类,主板,19980630
000821.SZ,000821,ST京机,湖北,电气设备,主板,19980626
000822.SZ,000822,山东海化,山东,化工原料,主板,19980703
000823.SZ,000823,超声电子,广东,元器件,主板,19971008
000825.SZ,000825,太钢不锈,山西,特种钢,主板,19981021
000826.SZ,000826,*ST启环,湖北,环境保护,主板,19980225
000828.SZ,000828,东莞控股,广东,路桥,主板,19970617
000829.SZ,000829,天音控股,江西,其他商业,主板,19971202
000830.SZ,000830,鲁西化工,山东,化工原料,主板,19980807
000831.SZ,000831,中国稀土,江西,小金属,主板,19980911
000833.SZ,000833,粤桂股份,广西,综合类,主板,19981111
000837.SZ,000837,秦川机床,陕西,机床制造,主板,19980928
000838.SZ,000838,*ST发展,重庆,区域地产,主板,19970626
000839.SZ,000839,国安股份,北京,综合类,主板,19971031
000848.SZ,000848,承德露露,河北,软饮料,主板,19971113
000850.SZ,000850,华茂股份,安徽,纺织,主板,19981007
000852.SZ,000852,石化机械,湖北,化工机械,主板,19981126
000856.SZ,000856,冀东装备,河北,专用机械,主板,19980813
000858.SZ,000858,五粮液,四川,白酒,主板,19980427
000859.SZ,000859,国风新材,安徽,塑料,主板,19981119
000860.SZ,000860,顺鑫农业,北京,白酒,主板,19981104
000862.SZ,000862,银星能源,宁夏,新型电力,主板,19980915
000863.SZ,000863,三湘印象,上海,区域地产,主板,19970925
000868.SZ,000868,安凯客车,安徽,汽车整车,主板,19970725
000869.SZ,000869,张裕Ａ,山东,红黄酒,主板,20001026
000875.SZ,000875,电投绿能,吉林,火力发电,主板,20020926
000876.SZ,000876,新希望,四川,饲料,主板,19980311
000877.SZ,000877,天山股份,新疆,水泥,主板,19990107
000878.SZ,000878,云南铜业,云南,铜,主板,19980602
000880.SZ,000880,潍柴重机,山东,专用机械,主板,19980402
000881.SZ,000881,中广核技,辽宁,化工原料,主板,19980902
000882.SZ,000882,华联股份,北京,其他商业,主板,19980616
000883.SZ,000883,湖北能源,湖北,水力发电,主板,19980519
000885.SZ,000885,城发环境,河南,环境保护,主板,19990319
000886.SZ,000886,海南高速,海南,区域地产,主板,19980123
000887.SZ,000887,中鼎股份,安徽,汽车配件,主板,19981203
000888.SZ,000888,峨眉山Ａ,四川,旅游景点,主板,19971021
000889.SZ,000889,中嘉博创,河北,通信设备,主板,19971218
000890.SZ,000890,法尔胜,江苏,环境保护,主板,19990119
000892.SZ,000892,欢瑞世纪,重庆,影视音像,主板,19990115
000893.SZ,000893,亚钾国际,广东,农药化肥,主板,19981224
000895.SZ,000895,双汇发展,河南,食品,主板,19981210
001896.SZ,001896,豫能控股,河南,火力发电,主板,19980122
000897.SZ,000897,津滨发展,天津,区域地产,主板,19990422
000898.SZ,000898,鞍钢股份,辽宁,普钢,主板,19971225
000899.SZ,000899,赣能股份,江西,火力发电,主板,19971126
000900.SZ,000900,现代投资,湖南,路桥,主板,19990128
000901.SZ,000901,航天科技,黑龙江,汽车配件,主板,19990401
000902.SZ,000902,新洋丰,湖北,农药化肥,主板,19990408
000903.SZ,000903,ST云动,云南,汽车配件,主板,19990415
000905.SZ,000905,厦门港务,福建,港口,主板,19990429
000906.SZ,000906,浙商中拓,浙江,仓储物流,主板,19990707
000908.SZ,000908,ST景峰,湖南,化学制药,主板,19990203
000909.SZ,000909,*ST数源,浙江,区域地产,主板,19990507
000910.SZ,000910,大亚圣象,江苏,家居用品,主板,19990630
000911.SZ,000911,*ST广糖,广西,食品,主板,19990527
000912.SZ,000912,泸天化,四川,农药化肥,主板,19990603
000913.SZ,000913,钱江摩托,浙江,摩托车,主板,19990514
000915.SZ,000915,华特达因,山东,化学制药,主板,19990609
000917.SZ,000917,电广传媒,湖南,广告包装,主板,19990325
000919.SZ,000919,金陵药业,江苏,化学制药,主板,19991118
000920.SZ,000920,沃顿科技,贵州,塑料,主板,19990616
000921.SZ,000921,海信家电,山东,家用电器,主板,19990713
000922.SZ,000922,佳电股份,黑龙江,电气设备,主板,19990618
000923.SZ,000923,河钢资源,河北,普钢,主板,19990714
000925.SZ,000925,众合科技,浙江,运输设备,主板,19990611
000926.SZ,000926,福星股份,湖北,区域地产,主板,19990618
000927.SZ,000927,中国铁物,天津,仓储物流,主板,19990727
000928.SZ,000928,中钢国际,吉林,建筑工程,主板,19990312
000929.SZ,000929,*ST兰黄,甘肃,啤酒,主板,19990623
000930.SZ,000930,中粮科技,安徽,农业综合,主板,19990712
000931.SZ,000931,中关村,北京,化学制药,主板,19990712
000932.SZ,000932,华菱钢铁,湖南,普钢,主板,19990803
000933.SZ,000933,神火股份,河南,铝,主板,19990831
000935.SZ,000935,四川双马,四川,水泥,主板,19990824
000936.SZ,000936,华西股份,江苏,化纤,主板,19990810
000937.SZ,000937,冀中能源,河北,煤炭开采,主板,19990909
000938.SZ,000938,紫光股份,北京,IT设备,主板,19991104
000948.SZ,000948,南天信息,云南,软件服务,主板,19991014
000949.SZ,000949,新乡化纤,河南,化纤,主板,19991021
000950.SZ,000950,重药控股,重庆,医药商业,主板,19990916
000951.SZ,000951,中国重汽,山东,汽车整车,主板,19991125
000952.SZ,000952,广济药业,湖北,化学制药,主板,19991112
000953.SZ,000953,河化股份,广西,化学制药,主板,19991202
000955.SZ,000955,欣龙控股,海南,纺织,主板,19991209
000957.SZ,000957,中通客车,山东,汽车整车,主板,20000113
000958.SZ,000958,电投产融,河北,新型电力,主板,19991223
000959.SZ,000959,首钢股份,北京,普钢,主板,19991216
000960.SZ,000960,锡业股份,云南,小金属,主板,20000221
000962.SZ,000962,东方钽业,宁夏,小金属,主板,20000120
000963.SZ,000963,华东医药,浙江,化学制药,主板,20000127
000965.SZ,000965,天保基建,天津,区域地产,主板,20000406
000966.SZ,000966,长源电力,湖北,火力发电,主板,20000316
000967.SZ,000967,盈峰环境,浙江,环境保护,主板,20000330
000968.SZ,000968,蓝焰控股,山西,石油开采,主板,20000622
000969.SZ,000969,安泰科技,北京,小金属,主板,20000529
000970.SZ,000970,中科三环,北京,矿物制品,主板,20000420
000972.SZ,000972,*ST中基,新疆,食品,主板,20000926
000973.SZ,000973,佛塑科技,广东,塑料,主板,20000525
000975.SZ,000975,山金国际,内蒙,黄金,主板,20000608
000977.SZ,000977,浪潮信息,山东,IT设备,主板,20000608
000978.SZ,000978,桂林旅游,广西,旅游景点,主板,20000518
000980.SZ,000980,众泰汽车,浙江,汽车配件,主板,20000616
000981.SZ,000981,山子高科,甘肃,汽车配件,主板,20000622
000983.SZ,000983,山西焦煤,山西,煤炭开采,主板,20000726
000985.SZ,000985,大庆华科,黑龙江,化工原料,主板,20000726
000987.SZ,000987,越秀资本,广东,多元金融,主板,20000718
000988.SZ,000988,华工科技,湖北,专用机械,主板,20000608
000989.SZ,000989,九芝堂,湖南,中成药,主板,20000628
000990.SZ,000990,诚志股份,江西,化工原料,主板,20000706
000993.SZ,000993,闽东电力,福建,水力发电,主板,20000731
000995.SZ,000995,皇台酒业,甘肃,白酒,主板,20000807
000997.SZ,000997,新大陆,福建,IT设备,主板,20000807
000998.SZ,000998,隆平高科,湖南,种植业,主板,20001211
000999.SZ,000999,华润三九,深圳,中成药,主板,20000309
002001.SZ,002001,新和成,浙江,化学制药,主板,20040625
002181.SZ,002181,粤传媒,广东,出版业,主板,20071116
600000.SH,600000,浦发银行,上海,银行,主板,19991110
600004.SH,600004,白云机场,广东,机场,主板,20030428
600006.SH,600006,东风股份,湖北,汽车整车,主板,19990727
600007.SH,600007,中国国贸,北京,园区开发,主板,19990312
600008.SH,600008,首创环保,北京,水务,主板,20000427
600009.SH,600009,上海机场,上海,机场,主板,19980218
600010.SH,600010,包钢股份,内蒙,普钢,主板,20010309
600011.SH,600011,华能国际,北京,火力发电,主板,20011206
600012.SH,600012,皖通高速,安徽,路桥,主板,20030107
600015.SH,600015,华夏银行,北京,银行,主板,20030912
600016.SH,600016,民生银行,北京,银行,主板,20001219
600019.SH,600019,宝钢股份,上海,普钢,主板,20001212
600020.SH,600020,中原高速,河南,路桥,主板,20030808
600021.SH,600021,上海电力,上海,火力发电,主板,20031029
600026.SH,600026,中远海能,上海,水运,主板,20020523
600028.SH,600028,中国石化,北京,石油加工,主板,20010808
600029.SH,600029,南方航空,广东,空运,主板,20030725
600030.SH,600030,中信证券,深圳,证券,主板,20030106
600031.SH,600031,三一重工,北京,工程机械,主板,20030703
600033.SH,600033,福建高速,福建,路桥,主板,20010209
600035.SH,600035,楚天高速,湖北,路桥,主板,20040310
600036.SH,600036,招商银行,深圳,银行,主板,20020409
600037.SH,600037,歌华有线,北京,影视音像,主板,20010208
600038.SH,600038,中直股份,黑龙江,航空,主板,20001218
600039.SH,600039,四川路桥,四川,建筑工程,主板,20030325
600050.SH,600050,中国联通,北京,电信运营,主板,20021009
600051.SH,600051,宁波联合,浙江,综合类,主板,19970410
600052.SH,600052,东望时代,浙江,供气供热,主板,19970415
600053.SH,600053,*ST九鼎,江西,多元金融,主板,19970418
600054.SH,600054,黄山旅游,安徽,旅游景点,主板,19970506
600055.SH,600055,万东医疗,北京,医疗保健,主板,19970519
600056.SH,600056,中国医药,北京,医药商业,主板,19970515
600057.SH,600057,厦门象屿,福建,仓储物流,主板,19970604
600058.SH,600058,五矿发展,北京,商贸代理,主板,19970528
600059.SH,600059,古越龙山,浙江,红黄酒,主板,19970516
600060.SH,600060,海信视像,山东,家用电器,主板,19970422
600061.SH,600061,国投资本,上海,证券,主板,19970519
600062.SH,600062,华润双鹤,北京,化学制药,主板,19970522
600063.SH,600063,皖维高新,安徽,化纤,主板,19970528
600064.SH,600064,南京高科,江苏,园区开发,主板,19970506
600066.SH,600066,宇通客车,河南,汽车整车,主板,19970508
600067.SH,600067,冠城新材,福建,电气设备,主板,19970508
600071.SH,600071,凤凰光学,江西,元器件,主板,19970528
600072.SH,600072,中船科技,上海,电气设备,主板,19970603
600073.SH,600073,光明肉业,上海,食品,主板,19970704
600075.SH,600075,新疆天业,新疆,化工原料,主板,19970617
600076.SH,600076,康欣新材,山东,广告包装,主板,19970526
600078.SH,600078,澄星股份,江苏,化工原料,主板,19970627
600079.SH,600079,ST人福,湖北,化学制药,主板,19970606
600080.SH,600080,ST金花,陕西,中成药,主板,19970612
600081.SH,600081,东风科技,上海,汽车配件,主板,19970703
600082.SH,600082,ST海泰,天津,园区开发,主板,19970620
600084.SH,600084,*ST尼雅,新疆,红黄酒,主板,19970711
600085.SH,600085,同仁堂,北京,中成药,主板,19970625
600088.SH,600088,中视传媒,上海,影视音像,主板,19970616
600089.SH,600089,特变电工,新疆,电气设备,主板,19970618
600094.SH,600094,大名城,上海,区域地产,主板,19970703
600095.SH,600095,湘财股份,黑龙江,证券,主板,19970708
600096.SH,600096,云天化,云南,农药化肥,主板,19970709
600097.SH,600097,开创国际,上海,渔业,主板,19970619
600098.SH,600098,广州发展,广东,火力发电,主板,19970718
600099.SH,600099,林海股份,江苏,汽车整车,主板,19970704
600100.SH,600100,同方股份,北京,IT设备,主板,19970627
600101.SH,600101,明星电力,四川,水力发电,主板,19970627
600103.SH,600103,青山纸业,福建,造纸,主板,19970703
600104.SH,600104,上汽集团,上海,汽车整车,主板,19971125
600105.SH,600105,永鼎股份,江苏,通信设备,主板,19970929
600106.SH,600106,重庆路桥,重庆,路桥,主板,19970618
600107.SH,600107,*ST尔雅,湖北,服饰,主板,19971106
600108.SH,600108,亚盛集团,甘肃,种植业,主板,19970818
600109.SH,600109,国金证券,四川,证券,主板,19970807
600110.SH,600110,诺德股份,吉林,电气设备,主板,19971007
600111.SH,600111,北方稀土,内蒙,小金属,主板,19970924
600113.SH,600113,浙江东日,浙江,区域地产,主板,19971021
600114.SH,600114,东睦股份,浙江,机械基件,主板,20040511
600115.SH,600115,中国东航,上海,空运,主板,19971105
600116.SH,600116,三峡水利,重庆,水力发电,主板,19970804
600117.SH,600117,西宁特钢,青海,特种钢,主板,19971015
600118.SH,600118,中国卫星,北京,航空,主板,19970908
600119.SH,600119,*ST长投,上海,仓储物流,主板,19980115
600120.SH,600120,浙江东方,浙江,多元金融,主板,19971201
600121.SH,600121,郑州煤电,河南,煤炭开采,主板,19980107
600123.SH,600123,兰花科创,山西,煤炭开采,主板,19981217
600125.SH,600125,铁龙物流,辽宁,铁路,主板,19980511
600126.SH,600126,杭钢股份,浙江,普钢,主板,19980311
600127.SH,600127,金健米业,湖南,农业综合,主板,19980506
600128.SH,600128,苏豪弘业,江苏,商贸代理,主板,19970901
600129.SH,600129,太极集团,重庆,中成药,主板,19971118
600130.SH,600130,波导股份,浙江,元器件,主板,20000706
600131.SH,600131,国网信通,四川,通信设备,主板,19980402
600132.SH,600132,重庆啤酒,重庆,啤酒,主板,19971030
600133.SH,600133,东湖高新,湖北,环境保护,主板,19980212
600135.SH,600135,乐凯胶片,河北,塑料,主板,19980122
600136.SH,600136,ST明诚,湖北,房产服务,主板,19980303
600137.SH,600137,浪莎股份,四川,服饰,主板,19980416
600138.SH,600138,中青旅,北京,旅游景点,主板,19971203
600141.SH,600141,兴发集团,湖北,农药化肥,主板,19990616
600148.SH,600148,长春一东,吉林,汽车配件,主板,19980520
600149.SH,600149,廊坊发展,河北,综合类,主板,19991014
600150.SH,600150,中国船舶,上海,船舶,主板,19980520
600151.SH,600151,航天机电,上海,汽车配件,主板,19980605
600152.SH,600152,维科技术,浙江,电气设备,主板,19980609
600153.SH,600153,建发股份,福建,仓储物流,主板,19980616
600155.SH,600155,华创云信,北京,证券,主板,19980918
600156.SH,600156,华升股份,湖南,纺织,主板,19980527
600157.SH,600157,永泰能源,山西,火力发电,主板,19980513
600158.SH,600158,中体产业,天津,文教休闲,主板,19980327
600159.SH,600159,大龙地产,北京,区域地产,主板,19980526
600160.SH,600160,巨化股份,浙江,化工原料,主板,19980626
600161.SH,600161,天坛生物,北京,生物制药,主板,19980616
600162.SH,600162,香江控股,深圳,全国地产,主板,19980609
600163.SH,600163,中闽能源,福建,新型电力,主板,19980602
600165.SH,600165,ST宁科,宁夏,化工原料,主板,19980529
600166.SH,600166,福田汽车,北京,汽车整车,主板,19980602
600167.SH,600167,联美控股,辽宁,供气供热,主板,19990128
600168.SH,600168,武汉控股,湖北,水务,主板,19980427
600169.SH,600169,ST太重,山西,工程机械,主板,19980904
600170.SH,600170,上海建工,上海,建筑工程,主板,19980623
600171.SH,600171,上海贝岭,上海,半导体,主板,19980924
600172.SH,600172,黄河旋风,河南,矿物制品,主板,19981126
600173.SH,600173,卧龙新能,浙江,全国地产,主板,19990415
600176.SH,600176,中国巨石,浙江,玻璃,主板,19990422
600177.SH,600177,雅戈尔,浙江,服饰,主板,19981119
600178.SH,600178,东安动力,黑龙江,汽车配件,主板,19981014
600179.SH,600179,安通控股,福建,水运,主板,19981104
600180.SH,600180,*ST瑞茂,山东,仓储物流,主板,19980703
600182.SH,600182,S佳通,黑龙江,汽车配件,主板,19990507
600183.SH,600183,生益科技,广东,元器件,主板,19981028
600184.SH,600184,光电股份,湖北,专用机械,主板,20031106
600185.SH,600185,珠免集团,广东,旅游服务,主板,19990611
600186.SH,600186,莲花控股,河南,食品,主板,19980825
600187.SH,600187,*ST国中,黑龙江,水务,主板,19981111
600188.SH,600188,兖矿能源,山东,煤炭开采,主板,19980701
600189.SH,600189,泉阳泉,吉林,软饮料,主板,19981007
600191.SH,600191,华资实业,内蒙,食品,主板,19981210
600192.SH,600192,长城电工,甘肃,电气设备,主板,19981224
600193.SH,600193,*ST创兴,上海,装修装饰,主板,19990527
600195.SH,600195,中牧股份,北京,农业综合,主板,19990107
600196.SH,600196,复星医药,上海,化学制药,主板,19980807
600197.SH,600197,伊力特,新疆,白酒,主板,19990916
600198.SH,600198,大唐电信,北京,通信设备,主板,19981021
600199.SH,600199,金种子酒,安徽,白酒,主板,19980812
600201.SH,600201,生物股份,内蒙,农业综合,主板,19990115
600202.SH,600202,哈空调,黑龙江,专用机械,主板,19990603
600203.SH,600203,福日电子,福建,元器件,主板,19990514
600206.SH,600206,有研新材,北京,半导体,主板,19990319
600207.SH,600207,安彩高科,河南,电气设备,主板,19990714
600208.SH,600208,衢州发展,浙江,全国地产,主板,19990623
600210.SH,600210,紫江企业,上海,广告包装,主板,19990824
600211.SH,600211,西藏药业,西藏,生物制药,主板,19990721
600212.SH,600212,绿能慧充,山东,电气设备,主板,19990817
600215.SH,600215,派斯林,吉林,专用机械,主板,19990909
600216.SH,600216,浙江医药,浙江,化学制药,主板,19991021
600217.SH,600217,中再资环,陕西,环境保护,主板,19991216
600218.SH,600218,全柴动力,安徽,汽车配件,主板,19981203
600219.SH,600219,南山铝业,山东,铝,主板,19991223
600221.SH,600221,海航控股,海南,空运,主板,19991125
600222.SH,600222,太龙药业,河南,中成药,主板,19991105
600223.SH,600223,福瑞达,山东,日用化工,主板,20000113
600226.SH,600226,亨通股份,浙江,供气供热,主板,19991116
600227.SH,600227,赤天化,贵州,农药化肥,主板,20000221
600228.SH,600228,*ST返利,江西,互联网,主板,19990119
600229.SH,600229,城市传媒,山东,出版业,主板,20000309
600230.SH,600230,沧州大化,河北,化工原料,主板,20000406
600231.SH,600231,凌钢股份,辽宁,普钢,主板,20000511
600232.SH,600232,金鹰股份,浙江,纺织机械,主板,20000602
600233.SH,600233,圆通速递,辽宁,仓储物流,主板,20000608
600234.SH,600234,科新发展,山西,装修装饰,主板,20000615
600235.SH,600235,民丰特纸,浙江,造纸,主板,20000615
600236.SH,600236,桂冠电力,广西,水力发电,主板,20000323
600237.SH,600237,铜峰电子,安徽,元器件,主板,20000609
600238.SH,600238,*ST椰岛,海南,红黄酒,主板,20000120
600239.SH,600239,ST云城,云南,区域地产,主板,19991202
600241.SH,600241,时代万恒,辽宁,电气设备,主板,20001128
600243.SH,600243,*ST海华,青海,运输设备,主板,20001120
600246.SH,600246,万通发展,北京,区域地产,主板,20000922
600248.SH,600248,陕建股份,陕西,建筑工程,主板,20000622
600249.SH,600249,两面针,广西,日用化工,主板,20040130
600250.SH,600250,南京商旅,江苏,商贸代理,主板,20010306
600251.SH,600251,冠农股份,新疆,农业综合,主板,20030609
600252.SH,600252,中恒集团,广西,中成药,主板,20001130
600255.SH,600255,鑫科材料,安徽,小金属,主板,20001122
600256.SH,600256,广汇能源,新疆,石油开采,主板,20000526
600257.SH,600257,大湖股份,湖南,渔业,主板,20000612
600258.SH,600258,首旅酒店,北京,酒店餐饮,主板,20000601
600259.SH,600259,中稀有色,海南,小金属,主板,20000525
600261.SH,600261,阳光照明,浙江,家用电器,主板,20000720
600262.SH,600262,北方股份,内蒙,专用机械,主板,20000630
600265.SH,600265,*ST景谷,云南,林业,主板,20000825
600266.SH,600266,城建发展,北京,区域地产,主板,19990203
600267.SH,600267,海正药业,浙江,化学制药,主板,20000725
600268.SH,600268,国电南自,江苏,电气设备,主板,19991118
600269.SH,600269,赣粤高速,江西,路桥,主板,20000518
600271.SH,600271,航天信息,北京,软件服务,主板,20030711
600272.SH,600272,开开实业,上海,医药商业,主板,20010228
600273.SH,600273,嘉化能源,浙江,化工原料,主板,20030627
600276.SH,600276,恒瑞医药,江苏,化学制药,主板,20001018
600278.SH,600278,东方创业,上海,商贸代理,主板,20000712
600279.SH,600279,重庆港,重庆,港口,主板,20000731
600280.SH,600280,中央商场,江苏,百货,主板,20000926
600281.SH,600281,华阳新材,山西,小金属,主板,20001109
600282.SH,600282,南钢股份,江苏,普钢,主板,20000919
600283.SH,600283,钱江水利,浙江,水务,主板,20001018
600284.SH,600284,浦东建设,上海,建筑工程,主板,20040316
600285.SH,600285,羚锐制药,河南,中成药,主板,20001018
600287.SH,600287,苏豪时尚,江苏,商贸代理,主板,20000901
600288.SH,600288,大恒科技,北京,元器件,主板,20001129
600289.SH,600289,ST信通,黑龙江,软件服务,主板,20000720
600292.SH,600292,电投水电,重庆,水力发电,主板,20001101
600293.SH,600293,三峡新材,湖北,玻璃,主板,20000919
600295.SH,600295,鄂尔多斯,内蒙,特种钢,主板,20010426
600298.SH,600298,安琪酵母,湖北,食品,主板,20000818
600299.SH,600299,安迪苏,北京,饲料,主板,20000420
600300.SH,600300,维维股份,江苏,软饮料,主板,20000630
600301.SH,600301,华锡有色,广西,小金属,主板,20000712
600302.SH,600302,ST标准,陕西,纺织机械,主板,20001213
600303.SH,600303,曙光股份,辽宁,汽车整车,主板,20001226
600305.SH,600305,恒顺醋业,江苏,食品,主板,20010206
600307.SH,600307,酒钢宏兴,甘肃,普钢,主板,20001220
600308.SH,600308,华泰股份,山东,造纸,主板,20000928
600309.SH,600309,万华化学,山东,化工原料,主板,20010105
600310.SH,600310,广西能源,广西,水力发电,主板,20010228
600312.SH,600312,平高电气,河南,电气设备,主板,20010221
600313.SH,600313,农发种业,北京,种植业,主板,20010119
600315.SH,600315,上海家化,上海,日用化工,主板,20010315
600316.SH,600316,洪都航空,江西,航空,主板,20001215
600318.SH,600318,新力金融,安徽,多元金融,主板,20001208
600319.SH,600319,亚星化学,山东,化工原料,主板,20010326
600320.SH,600320,振华重工,上海,专用机械,主板,20001221
600322.SH,600322,津投城开,天津,区域地产,主板,20010910
600323.SH,600323,瀚蓝环境,广东,环境保护,主板,20001225
600325.SH,600325,华发股份,广东,区域地产,主板,20040225
600326.SH,600326,西藏天路,西藏,水泥,主板,20010116
600327.SH,600327,大东方,江苏,医疗保健,主板,20020625
600328.SH,600328,中盐化工,内蒙,化工原料,主板,20001222
600329.SH,600329,达仁堂,天津,中成药,主板,20010606
600330.SH,600330,天通股份,浙江,专用机械,主板,20010118
600331.SH,600331,宏达股份,四川,农药化肥,主板,20011220
600332.SH,600332,白云山,广东,中成药,主板,20010206
600333.SH,600333,长春燃气,吉林,供气供热,主板,20001211
600335.SH,600335,国机汽车,天津,汽车服务,主板,20010305
600336.SH,600336,澳柯玛,山东,家用电器,主板,20001229
600337.SH,600337,ST美克,江西,家居用品,主板,20001127
600338.SH,600338,西藏珠峰,西藏,铅锌,主板,20001227
600339.SH,600339,中油工程,新疆,石油开采,主板,20001225
600340.SH,600340,*ST华幸,河北,园区开发,主板,20031230
600343.SH,600343,航天动力,陕西,机械基件,主板,20030408
600345.SH,600345,长江通信,湖北,通信设备,主板,20001222
600346.SH,600346,恒力石化,辽宁,石油加工,主板,20010820
600348.SH,600348,华阳股份,山西,煤炭开采,主板,20030821
600350.SH,600350,山东高速,山东,路桥,主板,20020318
600351.SH,600351,亚宝药业,山西,中成药,主板,20020926
600352.SH,600352,浙江龙盛,浙江,染料涂料,主板,20030801
600353.SH,600353,旭光电子,四川,元器件,主板,20021120
600354.SH,600354,敦煌种业,甘肃,种植业,主板,20040115
600356.SH,600356,恒丰纸业,黑龙江,造纸,主板,20010419
600358.SH,600358,国旅联合,江西,广告包装,主板,20000922
600359.SH,600359,新农开发,新疆,种植业,主板,19990429
600360.SH,600360,*ST华微,吉林,半导体,主板,20010316
600361.SH,600361,创新新材,北京,铝,主板,20011129
600362.SH,600362,江西铜业,江西,铜,主板,20020111
600363.SH,600363,联创光电,江西,元器件,主板,20010329
600365.SH,600365,ST通葡,吉林,互联网,主板,20010115
600366.SH,600366,宁波韵升,浙江,矿物制品,主板,20001030
600367.SH,600367,红星发展,贵州,化工原料,主板,20010320
600368.SH,600368,五洲交通,广西,路桥,主板,20001221
600369.SH,600369,西南证券,重庆,证券,主板,20010109
600370.SH,600370,*ST三房,江苏,化工原料,主板,20030306
600371.SH,600371,万向德农,黑龙江,种植业,主板,20020916
600372.SH,600372,中航机载,北京,航空,主板,20010706
600373.SH,600373,中文传媒,江西,出版业,主板,20020304
600375.SH,600375,汉马科技,安徽,汽车整车,主板,20030401
600376.SH,600376,首开股份,北京,区域地产,主板,20010312
600377.SH,600377,宁沪高速,江苏,路桥,主板,20010116
600378.SH,600378,昊华科技,四川,化工原料,主板,20010111
600379.SH,600379,宝光股份,陕西,电气设备,主板,20020116
600380.SH,600380,健康元,深圳,化学制药,主板,20010608
600381.SH,600381,*ST春天,青海,医疗保健,主板,20010508
600382.SH,600382,广东明珠,广东,普钢,主板,20010118
600383.SH,600383,金地集团,深圳,全国地产,主板,20010412
600386.SH,600386,北巴传媒,北京,汽车服务,主板,20010216
600388.SH,600388,龙净环保,福建,环境保护,主板,20001229
600389.SH,600389,江山股份,江苏,农药化肥,主板,20010110
600390.SH,600390,五矿资本,湖南,多元金融,主板,20010115
600391.SH,600391,航发科技,四川,航空,主板,20011212
600392.SH,600392,盛和资源,四川,小金属,主板,20030529
600395.SH,600395,盘江股份,贵州,煤炭开采,主板,20010531
600396.SH,600396,华电辽能,辽宁,火力发电,主板,20010328
600397.SH,600397,江钨装备,江西,专用机械,主板,20020702
600398.SH,600398,海澜之家,江苏,服饰,主板,20001228
600399.SH,600399,抚顺特钢,辽宁,特种钢,主板,20001229
600400.SH,600400,红豆股份,江苏,服饰,主板,20010108
600403.SH,600403,大有能源,河南,煤炭开采,主板,20031009
600405.SH,600405,动力源,北京,电气设备,主板,20040401
600406.SH,600406,国电南瑞,江苏,电气设备,主板,20031016
600408.SH,600408,安泰集团,山西,焦炭加工,主板,20030212
600409.SH,600409,三友化工,河北,化纤,主板,20030618
600410.SH,600410,华胜天成,北京,软件服务,主板,20040427
600415.SH,600415,小商品城,浙江,商品城,主板,20020509
600416.SH,600416,湘电股份,湖南,电气设备,主板,20020718
600418.SH,600418,江淮汽车,安徽,汽车整车,主板,20010824
600419.SH,600419,天润乳业,新疆,乳制品,主板,20010628
600420.SH,600420,国药现代,上海,化学制药,主板,20040616
600421.SH,600421,*ST华嵘,湖北,专用机械,主板,20040607
600422.SH,600422,昆药集团,云南,中成药,主板,20001206
600423.SH,600423,*ST柳化,广西,农药化肥,主板,20030717
600425.SH,600425,青松建化,新疆,水泥,主板,20030724
600426.SH,600426,华鲁恒升,山东,农药化肥,主板,20020620
600428.SH,600428,中远海特,广东,水运,主板,20020418
600429.SH,600429,三元股份,北京,乳制品,主板,20030915
600433.SH,600433,冠豪高新,广东,造纸,主板,20030619
600435.SH,600435,北方导航,北京,专用机械,主板,20030704
600436.SH,600436,片仔癀,福建,中成药,主板,20030616
600438.SH,600438,通威股份,四川,电气设备,主板,20040302
600439.SH,600439,瑞贝卡,河南,服饰,主板,20030710
600444.SH,600444,国机通用,安徽,专用机械,主板,20040219
600446.SH,600446,金证股份,深圳,软件服务,主板,20031224
600448.SH,600448,华纺股份,山东,纺织,主板,20010903
600449.SH,600449,宁夏建材,宁夏,水泥,主板,20030829
600452.SH,600452,涪陵电力,重庆,水力发电,主板,20040303
600455.SH,600455,博通股份,陕西,文教休闲,主板,20040329
600456.SH,600456,宝钛股份,陕西,小金属,主板,20020412
600458.SH,600458,时代新材,湖南,塑料,主板,20021219
600459.SH,600459,贵研铂业,云南,小金属,主板,20030516
600460.SH,600460,士兰微,浙江,半导体,主板,20030311
600461.SH,600461,洪城环境,江西,水务,主板,20040601
600463.SH,600463,空港股份,北京,园区开发,主板,20040318
600467.SH,600467,好当家,山东,渔业,主板,20040405
600468.SH,600468,百利电气,天津,电气设备,主板,20010615
600469.SH,600469,风神股份,河南,汽车配件,主板,20031021
600470.SH,600470,六国化工,安徽,农药化肥,主板,20040305
600475.SH,600475,华光环能,江苏,电气设备,主板,20030721
600476.SH,600476,*ST湘邮,湖南,软件服务,主板,20031210
600477.SH,600477,杭萧钢构,浙江,钢加工,主板,20031110
600478.SH,600478,科力远,湖南,电气设备,主板,20030918
600479.SH,600479,千金药业,湖南,中成药,主板,20040312
600480.SH,600480,凌云股份,河北,汽车配件,主板,20030815
600481.SH,600481,双良节能,江苏,电气设备,主板,20030422
600483.SH,600483,福能股份,福建,新型电力,主板,20040531
600486.SH,600486,扬农化工,江苏,农药化肥,主板,20020425
600487.SH,600487,亨通光电,江苏,通信设备,主板,20030822
600488.SH,600488,津药药业,天津,化学制药,主板,20010618
600489.SH,600489,中金黄金,北京,黄金,主板,20030814
600490.SH,600490,鹏欣资源,上海,铜,主板,20030626
600491.SH,600491,ST龙元,浙江,建筑工程,主板,20040524
600493.SH,600493,凤竹纺织,福建,纺织,主板,20040421
600495.SH,600495,晋西车轴,山西,运输设备,主板,20040526
600496.SH,600496,精工钢构,安徽,钢加工,主板,20020605
600497.SH,600497,驰宏锌锗,云南,铅锌,主板,20040420
600498.SH,600498,烽火通信,湖北,通信设备,主板,20010823
600499.SH,600499,科达制造,广东,专用机械,主板,20021010
600500.SH,600500,中化国际,上海,塑料,主板,20000301
600501.SH,600501,航天晨光,江苏,专用机械,主板,20010615
600502.SH,600502,安徽建工,安徽,建筑工程,主板,20030415
600503.SH,600503,华丽家族,上海,区域地产,主板,20020709
600505.SH,600505,西昌电力,四川,水力发电,主板,20020530
600506.SH,600506,统一股份,新疆,石油加工,主板,20011226
600507.SH,600507,方大特钢,江西,特种钢,主板,20030930
600508.SH,600508,上海能源,上海,煤炭开采,主板,20010829
600509.SH,600509,天富能源,新疆,火力发电,主板,20020228
600510.SH,600510,黑牡丹,江苏,全国地产,主板,20020618
600511.SH,600511,国药股份,北京,医药商业,主板,20021127
600512.SH,600512,腾达建设,浙江,建筑工程,主板,20021226
600513.SH,600513,联环药业,江苏,化学制药,主板,20030319
600515.SH,600515,海南机场,海南,机场,主板,20020806
600516.SH,600516,方大炭素,甘肃,矿物制品,主板,20020830
600517.SH,600517,国网英大,上海,多元金融,主板,20031010
600518.SH,600518,康美药业,广东,中成药,主板,20010319
600519.SH,600519,贵州茅台,贵州,白酒,主板,20010827
600520.SH,600520,三佳科技,安徽,半导体,主板,20020108
600521.SH,600521,华海药业,浙江,化学制药,主板,20030304
600522.SH,600522,中天科技,江苏,通信设备,主板,20021024
600523.SH,600523,贵航股份,贵州,汽车配件,主板,20011227
600525.SH,600525,ST长园,深圳,电气设备,主板,20021202
600526.SH,600526,菲达环保,浙江,环境保护,主板,20020722
600527.SH,600527,江南高纤,江苏,化纤,主板,20031127
600528.SH,600528,中铁工业,北京,运输设备,主板,20010528
600529.SH,600529,山东药玻,山东,医疗保健,主板,20020603
600530.SH,600530,交大昂立,上海,医疗保健,主板,20010702
600531.SH,600531,豫光金铅,河南,铅锌,主板,20020730
600533.SH,600533,栖霞建设,江苏,区域地产,主板,20020328
600535.SH,600535,天士力,天津,中成药,主板,20020823
600536.SH,600536,中国软件,北京,软件服务,主板,20020517
600537.SH,600537,*ST亿晶,浙江,电气设备,主板,20030123
600538.SH,600538,国发股份,广西,医药商业,主板,20030114
600539.SH,600539,狮头股份,山西,互联网,主板,20010824
600540.SH,600540,新赛股份,新疆,种植业,主板,20040107
600543.SH,600543,*ST莫高,甘肃,红黄酒,主板,20040324
600545.SH,600545,卓郎智能,新疆,纺织机械,主板,20031203
600546.SH,600546,山煤国际,山西,煤炭开采,主板,20030731
600547.SH,600547,山东黄金,山东,黄金,主板,20030828
600548.SH,600548,深高速,深圳,路桥,主板,20011225
600549.SH,600549,厦门钨业,福建,小金属,主板,20021107
600550.SH,600550,保变电气,河北,电气设备,主板,20010228
600551.SH,600551,时代出版,安徽,出版业,主板,20020905
600552.SH,600552,凯盛科技,安徽,元器件,主板,20021108
600556.SH,600556,天下秀,广西,互联网,主板,20010807
600557.SH,600557,康缘药业,江苏,中成药,主板,20020918
600558.SH,600558,大西洋,四川,钢加工,主板,20010227
600559.SH,600559,老白干酒,河北,白酒,主板,20021029
600560.SH,600560,金自天正,北京,电气设备,主板,20020919
600561.SH,600561,江西长运,江西,公共交通,主板,20020716
600562.SH,600562,国睿科技,江苏,通信设备,主板,20030128
600563.SH,600563,法拉电子,福建,元器件,主板,20021210
600566.SH,600566,济川药业,湖北,中成药,主板,20010822
600567.SH,600567,山鹰国际,安徽,造纸,主板,20011218
600568.SH,600568,ST中珠,湖北,医疗保健,主板,20010518
600569.SH,600569,安阳钢铁,河南,普钢,主板,20010820
600570.SH,600570,恒生电子,浙江,软件服务,主板,20031216
600571.SH,600571,信雅达,浙江,软件服务,主板,20021101
600572.SH,600572,康恩贝,浙江,中成药,主板,20040412
600573.SH,600573,惠泉啤酒,福建,啤酒,主板,20030226
600575.SH,600575,淮河能源,安徽,火力发电,主板,20030328
600576.SH,600576,祥源文旅,浙江,旅游景点,主板,20030220
600577.SH,600577,精达股份,安徽,电气设备,主板,20020911
600578.SH,600578,京能电力,北京,火力发电,主板,20020510
600579.SH,600579,中化装备,山东,化工机械,主板,20020809
600580.SH,600580,卧龙电驱,浙江,电气设备,主板,20020606
600581.SH,600581,*ST八钢,新疆,普钢,主板,20020816
600582.SH,600582,天地科技,北京,专用机械,主板,20020515
600583.SH,600583,海油工程,天津,石油开采,主板,20020205
600584.SH,600584,长电科技,江苏,半导体,主板,20030603
600585.SH,600585,海螺水泥,安徽,水泥,主板,20020207
600586.SH,600586,金晶科技,山东,玻璃,主板,20020815
600587.SH,600587,新华医疗,山东,医疗保健,主板,20020927
600588.SH,600588,用友网络,北京,软件服务,主板,20010518
600589.SH,600589,大位科技,广东,软件服务,主板,20010612
600590.SH,600590,泰豪科技,江西,通信设备,主板,20020703
600592.SH,600592,龙溪股份,福建,机械基件,主板,20020805
600593.SH,600593,大连圣亚,辽宁,旅游景点,主板,20020711
600594.SH,600594,益佰制药,贵州,中成药,主板,20040323
600595.SH,600595,中孚实业,河南,铝,主板,20020626
600596.SH,600596,新安股份,浙江,化工原料,主板,20010906
600597.SH,600597,光明乳业,上海,乳制品,主板,20020828
600598.SH,600598,北大荒,黑龙江,种植业,主板,20020329
600599.SH,600599,*ST熊猫,湖南,化工原料,主板,20010828
600600.SH,600600,青岛啤酒,山东,啤酒,主板,19930827
600601.SH,600601,方正科技,上海,元器件,主板,19901219
600602.SH,600602,云赛智联,上海,软件服务,主板,19901219
600603.SH,600603,广汇物流,四川,区域地产,主板,19920113
600604.SH,600604,市北高新,上海,园区开发,主板,19920327
600605.SH,600605,汇通能源,上海,房产服务,主板,19920327
600606.SH,600606,绿地控股,上海,全国地产,主板,19920327
600608.SH,600608,*ST沪科,上海,商贸代理,主板,19920327
600609.SH,600609,金杯汽车,辽宁,汽车配件,主板,19920724
600610.SH,600610,中毅达,贵州,化工原料,主板,19920805
600611.SH,600611,大众交通,上海,公共交通,主板,19920807
600612.SH,600612,老凤祥,上海,服饰,主板,19920814
600613.SH,600613,神奇制药,上海,中成药,主板,19920820
600615.SH,600615,鑫源智造,重庆,铝,主板,19920910
600616.SH,600616,金枫酒业,上海,红黄酒,主板,19920929
600617.SH,600617,国新能源,山西,供气供热,主板,19921013
600618.SH,600618,氯碱化工,上海,化工原料,主板,19921113
600619.SH,600619,海立股份,上海,家用电器,主板,19921116
600620.SH,600620,天宸股份,上海,综合类,主板,19921117
600621.SH,600621,华鑫股份,上海,证券,主板,19921202
600622.SH,600622,光大嘉宝,上海,区域地产,主板,19921203
600623.SH,600623,华谊集团,上海,化工原料,主板,19921204
600624.SH,600624,ST复华,上海,化学制药,主板,19930105
600626.SH,600626,申达股份,上海,汽车配件,主板,19930107
600628.SH,600628,新世界,上海,百货,主板,19930119
600629.SH,600629,华建集团,上海,建筑工程,主板,19930209
600630.SH,600630,龙头股份,上海,服饰,主板,19930209
600633.SH,600633,浙数文化,浙江,互联网,主板,19930304
600635.SH,600635,大众公用,上海,供气供热,主板,19930304
600636.SH,600636,*ST国化,上海,文教休闲,主板,19930316
600637.SH,600637,东方明珠,上海,影视音像,主板,19930316
600638.SH,600638,新黄浦,上海,区域地产,主板,19930326
600639.SH,600639,浦东金桥,上海,园区开发,主板,19930326
600640.SH,600640,国脉文化,上海,影视音像,主板,19930407
600641.SH,600641,先导基电,上海,半导体,主板,19930407
600642.SH,600642,申能股份,上海,火力发电,主板,19930416
600643.SH,600643,爱建集团,上海,多元金融,主板,19930426
600644.SH,600644,乐山电力,四川,水力发电,主板,19930426
600645.SH,600645,中源协和,天津,医疗保健,主板,19930504
600648.SH,600648,外高桥,上海,园区开发,主板,19930504
600649.SH,600649,城投控股,上海,区域地产,主板,19930518
600650.SH,600650,锦江在线,上海,公共交通,主板,19930607
600651.SH,600651,飞乐音响,上海,电器仪表,主板,19901219
600653.SH,600653,申华控股,辽宁,汽车服务,主板,19901219
600654.SH,600654,中安科,湖北,仓储物流,主板,19901219
600655.SH,600655,豫园股份,上海,百货,主板,19920902
600657.SH,600657,信达地产,北京,全国地产,主板,19930524
600658.SH,600658,电子城,北京,园区开发,主板,19930524
600660.SH,600660,福耀玻璃,福建,汽车配件,主板,19930610
600661.SH,600661,昂立教育,上海,文教休闲,主板,19930614
600662.SH,600662,外服控股,上海,文教休闲,主板,19930614
600663.SH,600663,陆家嘴,上海,园区开发,主板,19930628
600664.SH,600664,哈药股份,黑龙江,化学制药,主板,19930629
600665.SH,600665,天地源,陕西,全国地产,主板,19930709
600666.SH,600666,奥瑞德,黑龙江,元器件,主板,19930712
600667.SH,600667,太极实业,江苏,半导体,主板,19930728
600668.SH,600668,尖峰集团,浙江,水泥,主板,19930728
600671.SH,600671,天目药业,浙江,中成药,主板,19930823
600673.SH,600673,东阳光,广东,综合类,主板,19930917
600674.SH,600674,川投能源,四川,水力发电,主板,19930924
600675.SH,600675,中华企业,上海,区域地产,主板,19930924
600676.SH,600676,交运股份,上海,汽车配件,主板,19930928
600678.SH,600678,ST金顶,四川,水泥,主板,19931008
600679.SH,600679,上海凤凰,上海,文教休闲,主板,19931008
600681.SH,600681,百川能源,湖北,供气供热,主板,19931018
600682.SH,600682,南京新百,江苏,生物制药,主板,19931018
600683.SH,600683,京投发展,北京,区域地产,主板,19931025
600684.SH,600684,珠江股份,广东,区域地产,主板,19931028
600685.SH,600685,中船防务,广东,船舶,主板,19931028
600686.SH,600686,金龙汽车,福建,汽车整车,主板,19931108
600688.SH,600688,上海石化,上海,石油加工,主板,19931108
600689.SH,600689,上海三毛,上海,综合类,主板,19931108
600690.SH,600690,海尔智家,山东,家用电器,主板,19931119
600691.SH,600691,潞化科技,山西,农药化肥,主板,19931119
600692.SH,600692,亚通股份,上海,区域地产,主板,19931119
600693.SH,600693,东百集团,福建,百货,主板,19931122
600694.SH,600694,大商股份,辽宁,百货,主板,19931122
600696.SH,600696,*ST岩石,上海,白酒,主板,19931206
600697.SH,600697,欧亚集团,吉林,百货,主板,19931206
600698.SH,600698,湖南天雁,湖南,汽车配件,主板,19931206
600699.SH,600699,均胜电子,浙江,汽车配件,主板,19931206
600702.SH,600702,舍得酒业,四川,白酒,主板,19960524
600703.SH,600703,三安光电,湖北,半导体,主板,19960528
600704.SH,600704,物产中大,浙江,仓储物流,主板,19960606
600706.SH,600706,曲江文旅,陕西,旅游景点,主板,19960516
600707.SH,600707,彩虹股份,陕西,元器件,主板,19960520
600708.SH,600708,光明地产,上海,全国地产,主板,19960606
600710.SH,600710,苏美达,江苏,商贸代理,主板,19960701
600711.SH,600711,盛屯矿业,福建,小金属,主板,19960531
600712.SH,600712,南宁百货,广西,百货,主板,19960626
600713.SH,600713,南京医药,江苏,医药商业,主板,19960701
600714.SH,600714,金瑞矿业,青海,化工原料,主板,19960606
600715.SH,600715,文投控股,北京,影视音像,主板,19960701
600716.SH,600716,凤凰股份,江苏,区域地产,主板,19960702
600717.SH,600717,天津港,天津,港口,主板,19960614
600718.SH,600718,东软集团,辽宁,软件服务,主板,19960618
600719.SH,600719,大连热电,辽宁,供气供热,主板,19960716
600720.SH,600720,中交设计,甘肃,建筑工程,主板,19960716
600721.SH,600721,百花医药,新疆,生物制药,主板,19960626
600722.SH,600722,金牛化工,河北,化工原料,主板,19960626
600724.SH,600724,宁波富达,浙江,综合类,主板,19960716
600725.SH,600725,云维股份,云南,商贸代理,主板,19960702
600726.SH,600726,华电能源,黑龙江,火力发电,主板,19960701
600727.SH,600727,鲁北化工,山东,化工原料,主板,19960702
600728.SH,600728,佳都科技,广东,软件服务,主板,19960716
600729.SH,600729,重百集团,重庆,百货,主板,19960702
600730.SH,600730,*ST高科,北京,文教休闲,主板,19960726
600731.SH,600731,湖南海利,湖南,农药化肥,主板,19960802
600732.SH,600732,爱旭股份,上海,电气设备,主板,19960816
600733.SH,600733,北汽蓝谷,北京,汽车整车,主板,19960816
600734.SH,600734,*ST实达,福建,软件服务,主板,19960808
600735.SH,600735,ST新华锦,山东,服饰,主板,19960726
600736.SH,600736,苏州高新,江苏,园区开发,主板,19960815
600737.SH,600737,中粮糖业,新疆,食品,主板,19960731
600738.SH,600738,丽尚国潮,甘肃,百货,主板,19960802
600739.SH,600739,辽宁成大,辽宁,生物制药,主板,19960819
600740.SH,600740,山西焦化,山西,焦炭加工,主板,19960808
600741.SH,600741,华域汽车,上海,汽车配件,主板,19960826
600742.SH,600742,富维股份,吉林,汽车配件,主板,19960826
600743.SH,600743,华远控股,北京,区域地产,主板,19960909
600744.SH,600744,华银电力,湖南,火力发电,主板,19960905
600745.SH,600745,*ST闻泰,湖北,半导体,主板,19960828
600746.SH,600746,江苏索普,江苏,化工原料,主板,19960918
600748.SH,600748,上实发展,上海,全国地产,主板,19960925
600749.SH,600749,西藏旅游,西藏,旅游景点,主板,19961015
600750.SH,600750,华润江中,江西,中成药,主板,19960923
600751.SH,600751,海航科技,天津,水运,主板,19960909
600753.SH,600753,*ST海钦,福建,商贸代理,主板,19960927
600754.SH,600754,锦江酒店,上海,酒店餐饮,主板,19961011
600755.SH,600755,厦门国贸,福建,仓储物流,主板,19961003
600756.SH,600756,浪潮软件,山东,软件服务,主板,19960923
600757.SH,600757,长江传媒,湖北,出版业,主板,19961003
600758.SH,600758,辽宁能源,辽宁,煤炭开采,主板,19961029
600759.SH,600759,ST洲际,海南,石油开采,主板,19961008
600760.SH,600760,中航沈飞,山东,航空,主板,19961011
600761.SH,600761,安徽合力,安徽,工程机械,主板,19961009
600763.SH,600763,通策医疗,浙江,医疗保健,主板,19961030
600764.SH,600764,中国海防,北京,船舶,主板,19961104
600765.SH,600765,中航重机,贵州,航空,主板,19961106
600768.SH,600768,宁波富邦,浙江,铝,主板,19961111
600769.SH,600769,祥龙电业,湖北,水务,主板,19961101
600770.SH,600770,综艺股份,江苏,综合类,主板,19961120
600771.SH,600771,广誉远,山西,中成药,主板,19961105
600773.SH,600773,西藏城投,西藏,区域地产,主板,19961108
600774.SH,600774,汉商集团,湖北,化学制药,主板,19961108
600775.SH,600775,南京熊猫,江苏,通信设备,主板,19961118
600776.SH,600776,东方通信,浙江,通信设备,主板,19961126
600777.SH,600777,*ST新潮,山东,石油开采,主板,19961121
600778.SH,600778,友好集团,新疆,百货,主板,19961203
600779.SH,600779,水井坊,四川,白酒,主板,19961206
600780.SH,600780,通宝能源,山西,火力发电,主板,19961205
600782.SH,600782,新钢股份,江西,普钢,主板,19961225
600783.SH,600783,鲁信创投,山东,专用机械,主板,19961225
600784.SH,600784,鲁银投资,山东,综合类,主板,19961225
600785.SH,600785,新华百货,宁夏,百货,主板,19970108
600787.SH,600787,中储股份,天津,仓储物流,主板,19970121
600789.SH,600789,鲁抗医药,山东,化学制药,主板,19970226
600790.SH,600790,轻纺城,浙江,商品城,主板,19970228
600791.SH,600791,京能置业,北京,全国地产,主板,19970130
600792.SH,600792,云煤能源,云南,焦炭加工,主板,19970123
600793.SH,600793,宜宾纸业,四川,造纸,主板,19970220
600794.SH,600794,保税科技,江苏,仓储物流,主板,19970306
600795.SH,600795,国电电力,辽宁,火力发电,主板,19970318
600796.SH,600796,钱江生化,浙江,环境保护,主板,19970408
600797.SH,600797,浙大网新,浙江,软件服务,主板,19970418
600798.SH,600798,宁波海运,浙江,水运,主板,19970423
600800.SH,600800,渤海化学,天津,化工原料,主板,19931206
600801.SH,600801,华新建材,湖北,水泥,主板,19940103
600802.SH,600802,福建水泥,福建,水泥,主板,19940103
600803.SH,600803,新奥股份,河北,供气供热,主板,19940103
600805.SH,600805,悦达投资,江苏,综合类,主板,19940103
600807.SH,600807,济高发展,山东,医疗保健,主板,19940103
600808.SH,600808,马钢股份,安徽,普钢,主板,19940106
600809.SH,600809,山西汾酒,山西,白酒,主板,19940106
600810.SH,600810,神马股份,河南,化纤,主板,19940106
600812.SH,600812,华北制药,河北,化学制药,主板,19940114
600814.SH,600814,杭州解百,浙江,百货,主板,19940114
600815.SH,600815,厦工股份,福建,工程机械,主板,19940128
600816.SH,600816,建元信托,上海,多元金融,主板,19940128
600817.SH,600817,宇通重工,河南,专用机械,主板,19940128
600818.SH,600818,ST中路,上海,文教休闲,主板,19940128
600819.SH,600819,耀皮玻璃,上海,玻璃,主板,19940128
600820.SH,600820,隧道股份,上海,建筑工程,主板,19940128
600821.SH,600821,金开新能,天津,新型电力,主板,19940128
600822.SH,600822,上海物贸,上海,汽车服务,主板,19940204
600824.SH,600824,益民集团,上海,百货,主板,19940204
600825.SH,600825,新华传媒,上海,出版业,主板,19940204
600826.SH,600826,兰生股份,上海,文教休闲,主板,19940204
600827.SH,600827,百联股份,上海,超市连锁,主板,19940204
600828.SH,600828,茂业商业,四川,百货,主板,19940224
600829.SH,600829,人民同泰,黑龙江,医药商业,主板,19940224
600830.SH,600830,香溢融通,浙江,多元金融,主板,19940224
600831.SH,600831,广电网络,陕西,影视音像,主板,19940224
600833.SH,600833,第一医药,上海,医药商业,主板,19940224
600834.SH,600834,申通地铁,上海,公共交通,主板,19940224
600835.SH,600835,上海机电,上海,运输设备,主板,19940224
600838.SH,600838,上海九百,上海,百货,主板,19940224
600839.SH,600839,四川长虹,四川,家用电器,主板,19940311
600841.SH,600841,动力新科,上海,汽车配件,主板,19940311
600843.SH,600843,上工申贝,上海,纺织机械,主板,19940311
600844.SH,600844,金煤科技,内蒙,化工原料,主板,19940311
600845.SH,600845,宝信软件,上海,软件服务,主板,19940311
600846.SH,600846,同济科技,上海,建筑工程,主板,19940311
600847.SH,600847,万里股份,重庆,电气设备,主板,19940324
600848.SH,600848,上海临港,上海,园区开发,主板,19940324
601607.SH,601607,上海医药,上海,医药商业,主板,19940324
600850.SH,600850,电科数字,上海,软件服务,主板,19940324
600851.SH,600851,海欣股份,上海,化学制药,主板,19940404
600853.SH,600853,龙建股份,黑龙江,建筑工程,主板,19940404
600854.SH,600854,春兰股份,江苏,家用电器,主板,19940425
600855.SH,600855,航天长峰,北京,专用机械,主板,19940425
600857.SH,600857,宁波中百,浙江,百货,主板,19940425
600858.SH,600858,银座股份,山东,百货,主板,19940506
600859.SH,600859,王府井,北京,百货,主板,19940506
600860.SH,600860,京城股份,北京,专用机械,主板,19940506
600861.SH,600861,北京人力,北京,文教休闲,主板,19940520
600862.SH,600862,中航高科,江苏,航空,主板,19940520
600863.SH,600863,华能蒙电,内蒙,火力发电,主板,19940520
600864.SH,600864,哈投股份,黑龙江,证券,主板,19940809
600865.SH,600865,百大集团,浙江,百货,主板,19940809
600866.SH,600866,星湖科技,广东,饲料,主板,19940818
600867.SH,600867,通化东宝,吉林,生物制药,主板,19940824
600868.SH,600868,梅雁吉祥,广东,水力发电,主板,19940912
600869.SH,600869,远东股份,青海,电气设备,主板,19950206
600871.SH,600871,石化油服,北京,石油开采,主板,19950411
600872.SH,600872,中炬高新,广东,食品,主板,19950124
600873.SH,600873,梅花生物,西藏,食品,主板,19950217
600874.SH,600874,创业环保,天津,环境保护,主板,19950630
600875.SH,600875,东方电气,四川,电气设备,主板,19951010
600876.SH,600876,凯盛新能,河南,玻璃,主板,19951031
600877.SH,600877,电科芯片,重庆,半导体,主板,19951013
600879.SH,600879,航天电子,湖北,航空,主板,19951115
600880.SH,600880,博瑞传播,四川,广告包装,主板,19951115
600881.SH,600881,亚泰集团,吉林,综合类,主板,19951115
600882.SH,600882,妙可蓝多,上海,乳制品,主板,19951206
600883.SH,600883,博闻科技,云南,种植业,主板,19951208
600884.SH,600884,杉杉股份,浙江,电气设备,主板,19960130
600885.SH,600885,宏发股份,湖北,电气设备,主板,19960205
600886.SH,600886,国投电力,北京,水力发电,主板,19960118
600887.SH,600887,伊利股份,内蒙,乳制品,主板,19960312
600888.SH,600888,新疆众和,新疆,铝,主板,19960215
600889.SH,600889,*ST京化,江苏,机械基件,主板,19960308
600892.SH,600892,*ST大晟,深圳,互联网,主板,19960315
600893.SH,600893,航发动力,陕西,航空,主板,19960408
600894.SH,600894,广日股份,广东,运输设备,主板,19960328
600895.SH,600895,张江高科,上海,园区开发,主板,19960422
600897.SH,600897,厦门空港,福建,机场,主板,19960531
600900.SH,600900,长江电力,北京,水力发电,主板,20031118
600960.SH,600960,渤海汽车,山东,汽车配件,主板,20040407
600963.SH,600963,岳阳林纸,湖南,造纸,主板,20040525
600966.SH,600966,博汇纸业,山东,造纸,主板,20040608
600967.SH,600967,内蒙一机,内蒙,运输设备,主板,20040518
600969.SH,600969,郴电国际,湖南,水力发电,主板,20040408
600975.SH,600975,新五丰,湖南,农业综合,主板,20040609
600976.SH,600976,健民集团,湖北,中成药,主板,20040419
600980.SH,600980,北矿科技,北京,专用机械,主板,20040512
600985.SH,600985,淮北矿业,安徽,煤炭开采,主板,20040428
600986.SH,600986,浙文互联,浙江,互联网,主板,20040426
600988.SH,600988,赤峰黄金,内蒙,黄金,主板,20040414
600990.SH,600990,四创电子,安徽,通信设备,主板,20040510
600992.SH,600992,贵绳股份,贵州,钢加工,主板,20040514
600993.SH,600993,马应龙,湖北,中成药,主板,20040517
600995.SH,600995,南网储能,云南,水力发电,主板,20040615
600997.SH,600997,开滦股份,河北,焦炭加工,主板,20040602
002017.SZ,002017,东信和平,广东,通信设备,主板,20040713
002003.SZ,002003,伟星股份,浙江,服饰,主板,20040625
002004.SZ,002004,华邦健康,重庆,农药化肥,主板,20040625
002005.SZ,002005,ST德豪,安徽,家用电器,主板,20040625
002006.SZ,002006,精工科技,浙江,专用机械,主板,20040625
002007.SZ,002007,华兰生物,河南,生物制药,主板,20040625
002008.SZ,002008,大族激光,深圳,专用机械,主板,20040625
002009.SZ,002009,天奇股份,江苏,工程机械,主板,20040629
002010.SZ,002010,传化智联,浙江,仓储物流,主板,20040629
002011.SZ,002011,盾安环境,浙江,家用电器,主板,20040705
002012.SZ,002012,凯恩股份,浙江,造纸,主板,20040705
002014.SZ,002014,永新股份,安徽,塑料,主板,20040708
002015.SZ,002015,协鑫能科,江苏,新型电力,主板,20040708
002016.SZ,002016,世荣兆业,广东,区域地产,主板,20040708
002019.SZ,002019,亿帆医药,浙江,化学制药,主板,20040713
002020.SZ,002020,京新药业,浙江,化学制药,主板,20040715
002021.SZ,002021,中捷资源,浙江,纺织机械,主板,20040715
002022.SZ,002022,科华生物,上海,医疗保健,主板,20040721
002023.SZ,002023,海特高新,四川,航空,主板,20040721
002024.SZ,002024,ST易购,江苏,电器连锁,主板,20040721
002025.SZ,002025,航天电器,贵州,元器件,主板,20040726
002026.SZ,002026,山东威达,山东,机械基件,主板,20040727
002027.SZ,002027,分众传媒,上海,广告包装,主板,20040804
002028.SZ,002028,思源电气,上海,电气设备,主板,20040805
002029.SZ,002029,七匹狼,福建,服饰,主板,20040806
002030.SZ,002030,达安基因,广东,医疗保健,主板,20040809
002031.SZ,002031,巨轮智能,广东,汽车配件,主板,20040816
002032.SZ,002032,苏泊尔,浙江,家用电器,主板,20040817
002033.SZ,002033,丽江股份,云南,旅游景点,主板,20040825
002034.SZ,002034,旺能环境,浙江,环境保护,主板,20040826
002035.SZ,002035,华帝股份,广东,家用电器,主板,20040901
002036.SZ,002036,联创电子,江西,元器件,主板,20040903
002037.SZ,002037,保利联合,贵州,化工原料,主板,20040908
002038.SZ,002038,双鹭药业,北京,生物制药,主板,20040909
600022.SH,600022,山东钢铁,山东,普钢,主板,20040629
600143.SH,600143,金发科技,广东,塑料,主板,20040623
600482.SH,600482,中国动力,河北,船舶,主板,20040714
600961.SH,600961,株冶集团,湖南,铅锌,主板,20040830
600962.SH,600962,国投中鲁,北京,软饮料,主板,20040622
600965.SH,600965,*ST福成,河北,农业综合,主板,20040713
600971.SH,600971,恒源煤电,安徽,煤炭开采,主板,20040817
600973.SH,600973,宝胜股份,江苏,电气设备,主板,20040802
600979.SH,600979,广安爱众,四川,水力发电,主板,20040906
600981.SH,600981,苏豪汇鸿,江苏,商贸代理,主板,20040630
600982.SH,600982,宁波能源,浙江,供气供热,主板,20040706
600983.SH,600983,惠而浦,安徽,家用电器,主板,20040727
600984.SH,600984,建设机械,陕西,工程机械,主板,20040707
600987.SH,600987,航民股份,浙江,纺织,主板,20040809
600027.SH,600027,华电国际,山东,火力发电,主板,20050203
002039.SZ,002039,黔源电力,贵州,水力发电,主板,20050303
002040.SZ,002040,南京港,江苏,港口,主板,20050325
600970.SH,600970,中材国际,江苏,建筑工程,主板,20050412
002041.SZ,002041,登海种业,山东,种植业,主板,20050418
002042.SZ,002042,华孚时尚,安徽,纺织,主板,20050427
002043.SZ,002043,兔宝宝,浙江,其他建材,主板,20050510
002044.SZ,002044,美年健康,浙江,医疗保健,主板,20050518
002045.SZ,002045,国光电器,广东,元器件,主板,20050523
002046.SZ,002046,国机精工,河南,机械基件,主板,20050526
002047.SZ,002047,*ST宝鹰,深圳,装修装饰,主板,20050531
002048.SZ,002048,宁波华翔,浙江,汽车配件,主板,20050603
002049.SZ,002049,紫光国微,河北,半导体,主板,20050606
002050.SZ,002050,三花智控,浙江,家用电器,主板,20050607
300150.SZ,300150,世纪瑞尔,北京,软件服务,创业板,20101222
002051.SZ,002051,中工国际,北京,建筑工程,主板,20060619
002052.SZ,002052,同洲电子,深圳,家用电器,主板,20060627
002053.SZ,002053,云南能投,云南,新型电力,主板,20060627
601001.SH,601001,晋控煤业,山西,煤炭开采,主板,20060623
601988.SH,601988,中国银行,北京,银行,主板,20060705
002054.SZ,002054,德美化工,广东,染料涂料,主板,20060725
002055.SZ,002055,ST得润,深圳,元器件,主板,20060725
002056.SZ,002056,横店东磁,浙江,电气设备,主板,20060802
600048.SH,600048,保利发展,广东,全国地产,主板,20060731
002057.SZ,002057,中钢天源,安徽,矿物制品,主板,20060802
002058.SZ,002058,*ST威尔,上海,电气设备,主板,20060802
002059.SZ,002059,云南旅游,云南,旅游景点,主板,20060810
601006.SH,601006,大秦铁路,山西,铁路,主板,20060801
002060.SZ,002060,广东建工,广东,建筑工程,主板,20060810
002061.SZ,002061,浙江交科,浙江,建筑工程,主板,20060816
002062.SZ,002062,宏润建设,浙江,建筑工程,主板,20060816
002063.SZ,002063,远光软件,广东,软件服务,主板,20060823
002064.SZ,002064,华峰化学,浙江,化纤,主板,20060823
002065.SZ,002065,东华软件,北京,软件服务,主板,20060823
002066.SZ,002066,瑞泰科技,北京,其他建材,主板,20060823
601111.SH,601111,中国国航,北京,空运,主板,20060818
002067.SZ,002067,景兴纸业,浙江,造纸,主板,20060915
002068.SZ,002068,黑猫股份,江西,化工原料,主板,20060915
300016.SZ,300016,北陆药业,北京,化学制药,创业板,20091030
300271.SZ,300271,华宇软件,北京,软件服务,创业板,20111026
601699.SH,601699,潞安环能,山西,煤炭开采,主板,20060922
002069.SZ,002069,獐子岛,辽宁,渔业,主板,20060928
002279.SZ,002279,久其软件,北京,软件服务,主板,20090811
002072.SZ,002072,凯瑞德,湖北,商贸代理,主板,20061018
601588.SH,601588,北辰实业,北京,区域地产,主板,20061016
002073.SZ,002073,软控股份,山东,专用机械,主板,20061018
600017.SH,600017,日照港,山东,港口,主板,20061017
002074.SZ,002074,国轩高科,安徽,电气设备,主板,20061018
002075.SZ,002075,沙钢股份,江苏,特种钢,主板,20061025
002076.SZ,002076,*ST星光,广东,家用电器,主板,20061025
601398.SH,601398,工商银行,北京,银行,主板,20061027
002079.SZ,002079,苏州固锝,江苏,电气设备,主板,20061116
002078.SZ,002078,太阳纸业,山东,造纸,主板,20061116
002077.SZ,002077,大港股份,江苏,半导体,主板,20061116
600018.SH,600018,上港集团,上海,港口,主板,20061026
002080.SZ,002080,中材科技,江苏,玻璃,主板,20061120
002081.SZ,002081,金螳螂,江苏,装修装饰,主板,20061120
002082.SZ,002082,ST万邦,浙江,中成药,主板,20061120
601666.SH,601666,平煤股份,河南,煤炭开采,主板,20061123
002083.SZ,002083,孚日股份,山东,纺织,主板,20061124
002084.SZ,002084,海鸥住工,广东,家居用品,主板,20061124
002085.SZ,002085,万丰奥威,浙江,汽车配件,主板,20061128
002086.SZ,002086,东方海洋,山东,渔业,主板,20061128
002088.SZ,002088,鲁阳节能,山东,矿物制品,主板,20061130
601872.SH,601872,招商轮船,上海,水运,主板,20061201
002090.SZ,002090,金智科技,江苏,电气设备,主板,20061208
002091.SZ,002091,江苏国泰,江苏,商贸代理,主板,20061208
002092.SZ,002092,中泰化学,新疆,化工原料,主板,20061208
601991.SH,601991,大唐发电,北京,火力发电,主板,20061220
002095.SZ,002095,生意宝,浙江,互联网,主板,20061215
002094.SZ,002094,青岛金王,山东,日用化工,主板,20061215
002093.SZ,002093,国脉科技,福建,文教休闲,主板,20061215
002102.SZ,002102,ST能特,湖北,化学制药,主板,20061229
002101.SZ,002101,广东鸿图,广东,汽车配件,主板,20061229
002099.SZ,002099,海翔药业,浙江,化学制药,主板,20061226
002100.SZ,002100,天康生物,新疆,饲料,主板,20061226
002097.SZ,002097,山河智能,湖南,工程机械,主板,20061222
002096.SZ,002096,易普力,湖南,化工原料,主板,20061222
002098.SZ,002098,浔兴股份,福建,服饰,主板,20061222
002103.SZ,002103,广博股份,浙江,文教休闲,主板,20070110
002105.SZ,002105,信隆健康,深圳,摩托车,主板,20070112
601333.SH,601333,广深铁路,深圳,铁路,主板,20061222
002104.SZ,002104,恒宝股份,江苏,通信设备,主板,20070110
002110.SZ,002110,三钢闽光,福建,普钢,主板,20070126
002108.SZ,002108,沧州明珠,河北,塑料,主板,20070124
002106.SZ,002106,莱宝高科,深圳,元器件,主板,20070112
002109.SZ,002109,ST兴化,陕西,化工原料,主板,20070126
601002.SH,601002,XD晋亿实,浙江,机械基件,主板,20070126
601628.SH,601628,中国人寿,北京,保险,主板,20070109
002107.SZ,002107,沃华医药,山东,中成药,主板,20070124
002111.SZ,002111,威海广泰,山东,航空,主板,20070126
002121.SZ,002121,科陆电子,深圳,电器仪表,主板,20070306
002112.SZ,002112,三变科技,浙江,电气设备,主板,20070208
002114.SZ,002114,罗平锌电,云南,铅锌,主板,20070215
002115.SZ,002115,三维通信,浙江,互联网,主板,20070215
002120.SZ,002120,韵达股份,浙江,仓储物流,主板,20070306
002116.SZ,002116,中国海诚,上海,建筑工程,主板,20070215
002117.SZ,002117,东港股份,山东,广告包装,主板,20070302
601166.SH,601166,兴业银行,福建,银行,主板,20070205
002119.SZ,002119,康强电子,浙江,半导体,主板,20070302
601003.SH,601003,柳钢股份,广西,普钢,主板,20070227
002124.SZ,002124,天邦食品,浙江,农业综合,主板,20070403
601005.SH,601005,重庆钢铁,重庆,普钢,主板,20070228
601318.SH,601318,中国平安,深圳,保险,主板,20070301
002123.SZ,002123,梦网科技,辽宁,互联网,主板,20070328
601007.SH,601007,金陵饭店,江苏,酒店餐饮,主板,20070406
002125.SZ,002125,湘潭电化,湖南,化工原料,主板,20070403
300318.SZ,300318,博晖创新,北京,医疗保健,创业板,20120523
002122.SZ,002122,ST汇洲,浙江,机床制造,主板,20070328
002126.SZ,002126,银轮股份,浙江,汽车配件,主板,20070418
601008.SH,601008,连云港,江苏,港口,主板,20070426
002130.SZ,002130,沃尔核材,深圳,电气设备,主板,20070420
002129.SZ,002129,TCL中环,天津,电气设备,主板,20070420
002127.SZ,002127,南极电商,江苏,互联网,主板,20070418
002131.SZ,002131,利欧股份,浙江,互联网,主板,20070427
002132.SZ,002132,恒星科技,河南,钢加工,主板,20070427
002134.SZ,002134,天津普林,天津,元器件,主板,20070516
002135.SZ,002135,东南网架,浙江,钢加工,主板,20070530
002136.SZ,002136,安纳达,安徽,化工原料,主板,20070530
002133.SZ,002133,广宇集团,浙江,全国地产,主板,20070427
000338.SZ,000338,潍柴动力,山东,汽车配件,主板,20070430
002128.SZ,002128,电投能源,内蒙,煤炭开采,主板,20070418
601998.SH,601998,中信银行,北京,银行,主板,20070427
002139.SZ,002139,拓邦股份,深圳,元器件,主板,20070629
601328.SH,601328,交通银行,上海,银行,主板,20070515
601600.SH,601600,中国铝业,北京,铝,主板,20070430
002137.SZ,002137,实益达,深圳,元器件,主板,20070613
002138.SZ,002138,顺络电子,深圳,元器件,主板,20070613
002170.SZ,002170,芭田股份,深圳,农药化肥,主板,20070919
002140.SZ,002140,东华科技,安徽,建筑工程,主板,20070712
601919.SH,601919,中远海控,天津,水运,主板,20070626
601168.SH,601168,西部矿业,青海,铜,主板,20070712
002144.SZ,002144,宏达高科,浙江,纺织,主板,20070803
002141.SZ,002141,贤丰控股,广东,农业综合,主板,20070720
002142.SZ,002142,宁波银行,浙江,银行,主板,20070719
601009.SH,601009,南京银行,江苏,银行,主板,20070719
002153.SZ,002153,石基信息,北京,软件服务,主板,20070813
002146.SZ,002146,荣盛发展,河北,全国地产,主板,20070808
002159.SZ,002159,三特索道,湖北,旅游服务,主板,20070817
002148.SZ,002148,北纬科技,北京,互联网,主板,20070810
002150.SZ,002150,正泰电源,江苏,机械基件,主板,20070810
002152.SZ,002152,广电运通,广东,IT设备,主板,20070813
002149.SZ,002149,西部材料,陕西,小金属,主板,20070810
002157.SZ,002157,正邦科技,江西,农业综合,主板,20070817
002155.SZ,002155,湖南黄金,湖南,黄金,主板,20070816
002151.SZ,002151,北斗星通,北京,通信设备,主板,20070813
002156.SZ,002156,通富微电,江苏,半导体,主板,20070816
002145.SZ,002145,钛能化学,甘肃,化工原料,主板,20070803
002158.SZ,002158,汉钟精机,上海,工程机械,主板,20070817
002168.SZ,002168,ST惠程,重庆,电气设备,主板,20070919
002160.SZ,002160,常铝股份,江苏,铝,主板,20070821
002161.SZ,002161,远望谷,深圳,通信设备,主板,20070821
002254.SZ,002254,泰和新材,山东,化纤,主板,20080625
002154.SZ,002154,报喜鸟,浙江,服饰,主板,20070816
002164.SZ,002164,宁波东力,浙江,机械基件,主板,20070823
002162.SZ,002162,悦心健康,上海,陶瓷,主板,20070823
002163.SZ,002163,海南发展,深圳,装修装饰,主板,20070823
002169.SZ,002169,智光电气,广东,电气设备,主板,20070919
002167.SZ,002167,东方锆业,广东,小金属,主板,20070913
002175.SZ,002175,*ST东智,广西,电器仪表,主板,20071012
002171.SZ,002171,楚江新材,安徽,铜,主板,20070921
002165.SZ,002165,红宝丽,江苏,化工原料,主板,20070913
002192.SZ,002192,融捷股份,广东,小金属,主板,20071205
002166.SZ,002166,莱茵生物,广西,中成药,主板,20070913
002172.SZ,002172,澳洋健康,江苏,医疗保健,主板,20070921
002174.SZ,002174,游族网络,福建,互联网,主板,20070925
601169.SH,601169,北京银行,北京,银行,主板,20070919
002173.SZ,002173,创新医疗,浙江,医疗保健,主板,20070925
002176.SZ,002176,江特电机,江西,小金属,主板,20071012
002179.SZ,002179,中航光电,河南,元器件,主板,20071101
002177.SZ,002177,御银股份,广东,其他商业,主板,20071101
002180.SZ,002180,奔图科技,广东,IT设备,主板,20071113
601939.SH,601939,建设银行,北京,银行,主板,20070925
002178.SZ,002178,延华智能,上海,软件服务,主板,20071101
601808.SH,601808,中海油服,天津,石油开采,主板,20070928
300477.SZ,300477,ST合纵,北京,电气设备,创业板,20150610
002183.SZ,002183,怡亚通,深圳,仓储物流,主板,20071113
002185.SZ,002185,华天科技,甘肃,半导体,主板,20071120
002182.SZ,002182,宝武镁业,江苏,小金属,主板,20071113
002184.SZ,002184,海得控制,上海,机械基件,主板,20071116
601088.SH,601088,中国神华,北京,煤炭开采,主板,20071009
002189.SZ,002189,中光学,河南,元器件,主板,20071203
601857.SH,601857,中国石油,北京,石油开采,主板,20071105
002188.SZ,002188,中天服务,浙江,房产服务,主板,20071122
002187.SZ,002187,广百股份,广东,百货,主板,20071122
002186.SZ,002186,全聚德,北京,酒店餐饮,主板,20071120
002196.SZ,002196,方正电机,浙江,纺织机械,主板,20071212
002208.SZ,002208,合肥城建,安徽,区域地产,主板,20080128
002193.SZ,002193,ST如意,山东,纺织,主板,20071207
002190.SZ,002190,成飞集成,四川,汽车配件,主板,20071203
002191.SZ,002191,劲嘉股份,深圳,广告包装,主板,20071205
002194.SZ,002194,武汉凡谷,湖北,通信设备,主板,20071207
002195.SZ,002195,岩山科技,上海,软件服务,主板,20071212
300213.SZ,300213,佳讯飞鸿,北京,通信设备,创业板,20110505
002200.SZ,002200,*ST交投,云南,建筑工程,主板,20071221
002199.SZ,002199,*ST东晶,浙江,元器件,主板,20071221
002198.SZ,002198,ST嘉应,广东,中成药,主板,20071218
601390.SH,601390,中国中铁,北京,建筑工程,主板,20071203
601918.SH,601918,新集能源,安徽,煤炭开采,主板,20071219
002197.SZ,002197,证通电子,深圳,IT设备,主板,20071218
002201.SZ,002201,九鼎新材,江苏,玻璃,主板,20071226
002203.SZ,002203,海亮股份,浙江,铜,主板,20080116
601999.SH,601999,出版传媒,辽宁,出版业,主板,20071221
002202.SZ,002202,金风科技,新疆,电气设备,主板,20071226
601866.SH,601866,中远海发,上海,水运,主板,20071212
002204.SZ,002204,大连重工,辽宁,专用机械,主板,20080116
002205.SZ,002205,国统股份,新疆,水泥,主板,20080123
601601.SH,601601,中国太保,上海,保险,主板,20071225
002207.SZ,002207,*ST准油,新疆,石油开采,主板,20080128
002206.SZ,002206,海利得,浙江,化纤,主板,20080123
002209.SZ,002209,达意隆,广东,轻工机械,主板,20080130
002210.SZ,002210,飞马国际,深圳,环境保护,主板,20080130
002211.SZ,002211,ST宏达,上海,橡胶,主板,20080201
002213.SZ,002213,大为股份,深圳,半导体,主板,20080201
601099.SH,601099,太平洋,云南,证券,主板,20071228
002212.SZ,002212,天融信,广东,软件服务,主板,20080201
002216.SZ,002216,三全食品,河南,食品,主板,20080220
601899.SH,601899,紫金矿业,福建,铜,主板,20080425
002215.SZ,002215,诺普信,深圳,农药化肥,主板,20080218
002214.SZ,002214,*ST大立,浙江,电器仪表,主板,20080218
002226.SZ,002226,江南化工,安徽,化工原料,主板,20080506
002217.SZ,002217,合力泰,福建,元器件,主板,20080220
002218.SZ,002218,拓日新能,深圳,新型电力,主板,20080228
002222.SZ,002222,福晶科技,福建,元器件,主板,20080319
601898.SH,601898,中煤能源,北京,煤炭开采,主板,20080201
002221.SZ,002221,东华能源,广东,石油加工,主板,20080306
002224.SZ,002224,三力士,浙江,橡胶,主板,20080425
002219.SZ,002219,新里程,甘肃,医疗保健,主板,20080306
601958.SH,601958,金钼股份,陕西,小金属,主板,20080417
601186.SH,601186,中国铁建,北京,建筑工程,主板,20080310
002223.SZ,002223,鱼跃医疗,江苏,医疗保健,主板,20080418
002225.SZ,002225,濮耐股份,河南,其他建材,主板,20080425
002228.SZ,002228,合兴包装,福建,广告包装,主板,20080508
002227.SZ,002227,*ST特迅,深圳,电气设备,主板,20080506
002244.SZ,002244,滨江集团,浙江,区域地产,主板,20080529
002230.SZ,002230,科大讯飞,安徽,软件服务,主板,20080512
002237.SZ,002237,恒邦股份,山东,黄金,主板,20080520
002235.SZ,002235,安妮股份,福建,造纸,主板,20080516
002232.SZ,002232,启明信息,吉林,软件服务,主板,20080509
002249.SZ,002249,大洋电机,广东,电气设备,主板,20080619
002229.SZ,002229,鸿博股份,福建,广告包装,主板,20080508
002253.SZ,002253,*ST智胜,四川,软件服务,主板,20080623
002234.SZ,002234,民和股份,山东,农业综合,主板,20080516
002246.SZ,002246,北化股份,四川,化工原料,主板,20080605
002233.SZ,002233,塔牌集团,广东,水泥,主板,20080516
002243.SZ,002243,力合科创,深圳,广告包装,主板,20080528
002236.SZ,002236,大华股份,浙江,IT设备,主板,20080520
002265.SZ,002265,建设工业,云南,专用机械,主板,20080806
002252.SZ,002252,上海莱士,上海,生物制药,主板,20080623
002240.SZ,002240,盛新锂能,四川,小金属,主板,20080523
002247.SZ,002247,聚力文化,浙江,其他建材,主板,20080612
002239.SZ,002239,奥特佳,江苏,汽车配件,主板,20080522
002238.SZ,002238,天威视讯,深圳,影视音像,主板,20080526
002242.SZ,002242,九阳股份,山东,家用电器,主板,20080528
002245.SZ,002245,蔚蓝锂芯,江苏,电气设备,主板,20080605
002241.SZ,002241,歌尔股份,山东,元器件,主板,20080522
002248.SZ,002248,华东数控,山东,机床制造,主板,20080612
002263.SZ,002263,大东南,浙江,塑料,主板,20080728
002274.SZ,002274,华昌化工,江苏,农药化肥,主板,20080925
002251.SZ,002251,步步高,湖南,超市连锁,主板,20080619
002256.SZ,002256,兆新股份,深圳,新型电力,主板,20080625
002261.SZ,002261,拓维信息,湖南,软件服务,主板,20080723
002255.SZ,002255,海陆重工,江苏,专用机械,主板,20080625
002259.SZ,002259,升达林业,四川,供气供热,主板,20080716
002262.SZ,002262,恩华药业,江苏,化学制药,主板,20080723
002264.SZ,002264,新华都,福建,互联网,主板,20080731
002258.SZ,002258,利尔化学,四川,农药化肥,主板,20080708
002250.SZ,002250,联化科技,浙江,化工原料,主板,20080619
601668.SH,601668,中国建筑,北京,建筑工程,主板,20090729
002267.SZ,002267,陕天然气,陕西,供气供热,主板,20080813
002268.SZ,002268,电科网安,四川,IT设备,主板,20080811
002271.SZ,002271,东方雨虹,北京,其他建材,主板,20080910
002269.SZ,002269,美邦服饰,上海,服饰,主板,20080828
002270.SZ,002270,华明装备,山东,电气设备,主板,20080905
002272.SZ,002272,川润股份,四川,机械基件,主板,20080919
002266.SZ,002266,浙富控股,浙江,环境保护,主板,20080806
002275.SZ,002275,桂林三金,广西,中成药,主板,20090710
002273.SZ,002273,水晶光电,浙江,元器件,主板,20080919
002396.SZ,002396,星网锐捷,福建,通信设备,主板,20100623
601107.SH,601107,四川成渝,四川,路桥,主板,20090727
601766.SH,601766,中国中车,北京,运输设备,主板,20080818
601788.SH,601788,光大证券,上海,证券,主板,20090818
002276.SZ,002276,万马股份,浙江,电气设备,主板,20090710
002282.SZ,002282,博深股份,河北,机械基件,主板,20090821
002284.SZ,002284,亚太股份,浙江,汽车配件,主板,20090828
002283.SZ,002283,天润工业,山东,汽车配件,主板,20090821
002362.SZ,002362,汉王科技,北京,软件服务,主板,20100303
002277.SZ,002277,友阿股份,湖南,百货,主板,20090717
601727.SH,601727,上海电气,上海,电气设备,主板,20081205
002278.SZ,002278,神开股份,上海,化工机械,主板,20090811
002461.SZ,002461,珠江啤酒,广东,啤酒,主板,20100818
002285.SZ,002285,世联行,深圳,房产服务,主板,20090828
002281.SZ,002281,光迅科技,湖北,通信设备,主板,20090821
002287.SZ,002287,奇正藏药,西藏,中成药,主板,20090828
002286.SZ,002286,保龄宝,山东,食品,主板,20090828
002289.SZ,002289,*ST宇顺,深圳,元器件,主板,20090903
300370.SZ,300370,安控科技,四川,电器仪表,创业板,20140123
002290.SZ,002290,禾盛新材,江苏,家用电器,主板,20090903
002296.SZ,002296,辉煌科技,河南,通信设备,主板,20090929
002295.SZ,002295,精艺股份,广东,铜,主板,20090929
002291.SZ,002291,遥望科技,广东,广告包装,主板,20090903
002300.SZ,002300,太阳电缆,福建,电气设备,主板,20091021
002292.SZ,002292,奥飞娱乐,广东,影视音像,主板,20090910
002293.SZ,002293,罗莱生活,江苏,纺织,主板,20090910
002294.SZ,002294,信立泰,深圳,化学制药,主板,20090910
600999.SH,600999,招商证券,深圳,证券,主板,20091117
002297.SZ,002297,博云新材,湖南,航空,主板,20090929
300002.SZ,300002,神州泰岳,北京,互联网,创业板,20091030
002599.SZ,002599,盛通股份,北京,广告包装,主板,20110715
601126.SH,601126,四方股份,北京,电气设备,主板,20101231
601633.SH,601633,长城汽车,河北,汽车整车,主板,20110928
002467.SZ,002467,二六三,北京,互联网,主板,20100908
002446.SZ,002446,盛路通信,广东,通信设备,主板,20100713
002448.SZ,002448,中原内配,河南,汽车配件,主板,20100716
002438.SZ,002438,江苏神通,江苏,机械基件,主板,20100623
002490.SZ,002490,山东墨龙,山东,化工机械,主板,20101021
002419.SZ,002419,天虹股份,深圳,百货,主板,20100601
300445.SZ,300445,康斯特,北京,电器仪表,创业板,20150424
300353.SZ,300353,东土科技,北京,通信设备,创业板,20120927
300444.SZ,300444,双杰电气,北京,电气设备,创业板,20150423
002298.SZ,002298,中电鑫龙,安徽,电气设备,主板,20090929
002506.SZ,002506,协鑫集成,上海,电气设备,主板,20101118
601888.SH,601888,中国中免,北京,旅游服务,主板,20091015
002299.SZ,002299,圣农发展,福建,农业综合,主板,20091021
002301.SZ,002301,齐心集团,深圳,文教休闲,主板,20091021
002489.SZ,002489,浙江永强,浙江,家居用品,主板,20101021
002304.SZ,002304,洋河股份,江苏,白酒,主板,20091106
002306.SZ,002306,*ST云网,北京,酒店餐饮,主板,20091111
002365.SZ,002365,永安药业,湖北,化学制药,主板,20100305
002302.SZ,002302,西部建设,新疆,水泥,主板,20091103
002307.SZ,002307,北新路桥,新疆,建筑工程,主板,20091111
002350.SZ,002350,北京科锐,北京,电气设备,主板,20100203
002315.SZ,002315,焦点科技,江苏,互联网,主板,20091209
002305.SZ,002305,*ST南置,湖北,区域地产,主板,20091106
002303.SZ,002303,美盈森,深圳,造纸,主板,20091103
002756.SZ,002756,永兴材料,浙江,小金属,主板,20150515
002310.SZ,002310,东方新能,北京,新型电力,主板,20091127
601139.SH,601139,深圳燃气,深圳,供气供热,主板,20091225
002309.SZ,002309,中利集团,江苏,电气设备,主板,20091127
002311.SZ,002311,海大集团,广东,饲料,主板,20091127
002312.SZ,002312,川发龙蟒,四川,化工原料,主板,20091203
002523.SZ,002523,天桥起重,湖南,专用机械,主板,20101210
601618.SH,601618,中国中冶,北京,建筑工程,主板,20090921
002313.SZ,002313,日海智能,深圳,通信设备,主板,20091203
002314.SZ,002314,南山控股,深圳,区域地产,主板,20091203
002316.SZ,002316,亚联发展,吉林,软件服务,主板,20091209
002356.SZ,002356,赫美集团,深圳,其他商业,主板,20100209
601117.SH,601117,中国化学,北京,建筑工程,主板,20100107
002318.SZ,002318,久立特材,浙江,特种钢,主板,20091211
002327.SZ,002327,富安娜,深圳,纺织,主板,20091230
002317.SZ,002317,众生药业,广东,中成药,主板,20091211
002319.SZ,002319,乐通股份,广东,染料涂料,主板,20091211
002474.SZ,002474,榕基软件,福建,软件服务,主板,20100915
002321.SZ,002321,华英农业,河南,农业综合,主板,20091216
300010.SZ,300010,ST豆神,北京,软件服务,创业板,20091030
300001.SZ,300001,特锐德,山东,电气设备,创业板,20091030
002331.SZ,002331,皖通科技,安徽,软件服务,主板,20100106
300004.SZ,300004,南风股份,广东,电气设备,创业板,20091030
300008.SZ,300008,天海防务,上海,船舶,创业板,20091030
300003.SZ,300003,乐普医疗,北京,医疗保健,创业板,20091030
300006.SZ,300006,莱美药业,重庆,化学制药,创业板,20091030
300007.SZ,300007,汉威科技,河南,电器仪表,创业板,20091030
300014.SZ,300014,亿纬锂能,广东,电气设备,创业板,20091030
300009.SZ,300009,安科生物,安徽,生物制药,创业板,20091030
300011.SZ,300011,鼎汉技术,北京,运输设备,创业板,20091030
300005.SZ,300005,探路者,北京,服饰,创业板,20091030
300013.SZ,300013,新宁物流,河南,仓储物流,创业板,20091030
601801.SH,601801,皖新传媒,安徽,出版业,主板,20100118
002328.SZ,002328,新朋股份,上海,汽车配件,主板,20091230
300012.SZ,300012,华测检测,深圳,电器仪表,创业板,20091030
300018.SZ,300018,中元股份,湖北,电气设备,创业板,20091030
300071.SZ,300071,福石控股,北京,广告包装,创业板,20100421
300017.SZ,300017,网宿科技,上海,软件服务,创业板,20091030
300015.SZ,300015,爱尔眼科,湖南,医疗保健,创业板,20091030
300019.SZ,300019,硅宝科技,四川,化工原料,创业板,20091030
300020.SZ,300020,ST银江,浙江,软件服务,创业板,20091030
300022.SZ,300022,吉峰科技,四川,农用机械,创业板,20091030
300024.SZ,300024,机器人,辽宁,专用机械,创业板,20091030
300021.SZ,300021,大禹节水,甘肃,建筑工程,创业板,20091030
300033.SZ,300033,同花顺,浙江,软件服务,创业板,20091225
002320.SZ,002320,海峡股份,海南,水运,主板,20091216
601877.SH,601877,正泰电器,浙江,电气设备,主板,20100121
300027.SZ,300027,ST华谊,浙江,影视音像,创业板,20091030
300026.SZ,300026,红日药业,天津,中成药,创业板,20091030
300025.SZ,300025,华星创业,浙江,通信设备,创业板,20091030
002324.SZ,002324,普利特,上海,塑料,主板,20091218
002322.SZ,002322,理工能科,浙江,软件服务,主板,20091218
002323.SZ,002323,*ST雅博,山东,建筑工程,主板,20091218
002326.SZ,002326,永太科技,浙江,化工原料,主板,20091222
002330.SZ,002330,得利斯,山东,食品,主板,20100106
002329.SZ,002329,皇氏集团,广西,乳制品,主板,20100106
002333.SZ,002333,罗普斯金,江苏,其他建材,主板,20100112
002332.SZ,002332,仙琚制药,浙江,化学制药,主板,20100112
002334.SZ,002334,英威腾,深圳,电气设备,主板,20100113
002337.SZ,002337,赛象科技,天津,化工机械,主板,20100115
002335.SZ,002335,科华数据,福建,电气设备,主板,20100113
002338.SZ,002338,奥普光电,吉林,电器仪表,主板,20100115
002340.SZ,002340,格林美,深圳,小金属,主板,20100122
002561.SZ,002561,徐家汇,上海,百货,主板,20110303
002339.SZ,002339,积成电子,山东,电气设备,主板,20100122
002344.SZ,002344,海宁皮城,浙江,商品城,主板,20100126
300031.SZ,300031,宝通科技,江苏,互联网,创业板,20091225
300139.SZ,300139,晓程科技,北京,黄金,创业板,20101112
002342.SZ,002342,巨力索具,河北,机械基件,主板,20100126
002538.SZ,002538,ST司特,安徽,农药化肥,主板,20110118
002343.SZ,002343,慈文传媒,江西,影视音像,主板,20100126
002345.SZ,002345,潮宏基,广东,服饰,主板,20100128
002346.SZ,002346,柘中股份,上海,电气设备,主板,20100128
002347.SZ,002347,泰尔股份,安徽,机械基件,主板,20100128
002348.SZ,002348,高乐股份,广东,文教休闲,主板,20100203
002381.SZ,002381,双箭股份,浙江,橡胶,主板,20100402
300034.SZ,300034,钢研高纳,北京,航空,创业板,20091225
300032.SZ,300032,金龙机电,浙江,元器件,创业板,20091225
002349.SZ,002349,精华制药,江苏,中成药,主板,20100203
601678.SH,601678,滨化股份,山东,化工原料,主板,20100223
002351.SZ,002351,漫步者,深圳,IT设备,主板,20100205
002352.SZ,002352,顺丰控股,深圳,仓储物流,主板,20100205
002591.SZ,002591,恒大高新,江西,环境保护,主板,20110621
002355.SZ,002355,兴民智通,山东,汽车配件,主板,20100209
002353.SZ,002353,杰瑞股份,山东,化工机械,主板,20100205
300029.SZ,300029,*ST天龙,江苏,建筑工程,创业板,20091225
002354.SZ,002354,天娱数科,辽宁,互联网,主板,20100209
300035.SZ,300035,中科电气,湖南,电气设备,创业板,20091225
300247.SZ,300247,融捷健康,安徽,医疗保健,创业板,20110729
300036.SZ,300036,超图软件,北京,软件服务,创业板,20091225
300030.SZ,300030,阳普医疗,广东,医疗保健,创业板,20091225
002358.SZ,002358,森源电气,河南,电气设备,主板,20100210
002549.SZ,002549,凯美特气,湖南,环境保护,主板,20110218
300041.SZ,300041,回天新材,湖北,化工原料,创业板,20100108
300037.SZ,300037,新宙邦,深圳,化工原料,创业板,20100108
002357.SZ,002357,富临运业,四川,公共交通,主板,20100210
002455.SZ,002455,百川股份,江苏,化工原料,主板,20100803
002370.SZ,002370,亚太药业,浙江,化学制药,主板,20100316
002375.SZ,002375,亚厦股份,浙江,装修装饰,主板,20100323
601688.SH,601688,华泰证券,江苏,证券,主板,20100226
002369.SZ,002369,卓翼科技,深圳,通信设备,主板,20100316
300040.SZ,300040,九洲集团,黑龙江,新型电力,创业板,20100108
601058.SH,601058,赛轮轮胎,山东,汽车配件,主板,20110630
002360.SZ,002360,ST同德,山西,化工原料,主板,20100303
002364.SZ,002364,中恒电气,浙江,电气设备,主板,20100305
300039.SZ,300039,上海凯宝,上海,中成药,创业板,20100108
002367.SZ,002367,康力电梯,江苏,运输设备,主板,20100312
002366.SZ,002366,融发核电,四川,专用机械,主板,20100312
601179.SH,601179,中国西电,陕西,电气设备,主板,20100128
002361.SZ,002361,神剑股份,安徽,化工原料,主板,20100303
002368.SZ,002368,太极股份,北京,软件服务,主板,20100312
002374.SZ,002374,中锐股份,山东,广告包装,主板,20100318
300042.SZ,300042,朗科科技,深圳,IT设备,创业板,20100108
300045.SZ,300045,华力创通,北京,IT设备,创业板,20100120
300049.SZ,300049,福瑞医科,内蒙,医疗保健,创业板,20100120
300047.SZ,300047,天源迪科,深圳,软件服务,创业板,20100120
002371.SZ,002371,北方华创,北京,半导体,主板,20100316
300048.SZ,300048,合康新能,北京,电气设备,创业板,20100120
002373.SZ,002373,千方科技,北京,软件服务,主板,20100318
002380.SZ,002380,科远智慧,江苏,软件服务,主板,20100331
002566.SZ,002566,益盛药业,吉林,中成药,主板,20110318
002372.SZ,002372,伟星新材,浙江,其他建材,主板,20100318
002376.SZ,002376,新北洋,山东,IT设备,主板,20100323
002397.SZ,002397,梦洁股份,湖南,纺织,主板,20100429
601106.SH,601106,中国一重,黑龙江,工程机械,主板,20100209
002378.SZ,002378,章源钨业,江西,小金属,主板,20100331
300050.SZ,300050,世纪鼎利,广东,通信设备,创业板,20100120
300044.SZ,300044,*ST赛为,深圳,软件服务,创业板,20100120
300046.SZ,300046,台基股份,湖北,半导体,创业板,20100120
300043.SZ,300043,星辉娱乐,广东,互联网,创业板,20100120
603199.SH,603199,九华旅游,安徽,旅游景点,主板,20150326
002383.SZ,002383,合众思壮,北京,通信设备,主板,20100402
002363.SZ,002363,隆基机械,山东,汽车配件,主板,20100305
002379.SZ,002379,宏桥控股,山东,铝,主板,20100331
002382.SZ,002382,蓝帆医疗,山东,医疗保健,主板,20100402
002421.SZ,002421,达实智能,深圳,软件服务,主板,20100603
300277.SZ,300277,汽轮科技,浙江,机械基件,创业板,20111123
300051.SZ,300051,琏升科技,江苏,综合类,创业板,20100211
002392.SZ,002392,北京利尔,北京,其他建材,主板,20100423
002630.SZ,002630,*ST华西,四川,专用机械,主板,20111111
002385.SZ,002385,大北农,北京,饲料,主板,20100409
002384.SZ,002384,东山精密,江苏,元器件,主板,20100409
002386.SZ,002386,天原股份,四川,化工原料,主板,20100409
002377.SZ,002377,国创高新,湖北,其他建材,主板,20100323
300052.SZ,300052,中青宝,深圳,互联网,创业板,20100211
300054.SZ,300054,鼎龙股份,湖北,化工原料,创业板,20100211
300264.SZ,300264,佳创视讯,深圳,软件服务,创业板,20110916
002394.SZ,002394,联发股份,江苏,纺织,主板,20100423
002393.SZ,002393,力生制药,天津,化学制药,主板,20100423
601158.SH,601158,重庆水务,重庆,水务,主板,20100329
002388.SZ,002388,新亚制程,浙江,元器件,主板,20100413
300053.SZ,300053,航宇微,广东,半导体,创业板,20100211
300057.SZ,300057,万顺新材,广东,铝,创业板,20100226
300055.SZ,300055,万邦达,北京,石油加工,创业板,20100226
300056.SZ,300056,中创环保,福建,环境保护,创业板,20100226
300058.SZ,300058,蓝色光标,北京,广告包装,创业板,20100226
002407.SZ,002407,多氟多,河南,化工原料,主板,20100518
002387.SZ,002387,维信诺,江苏,元器件,主板,20100413
002395.SZ,002395,双象股份,江苏,塑料,主板,20100429
002389.SZ,002389,航天彩虹,浙江,航空,主板,20100413
002398.SZ,002398,垒知集团,福建,其他建材,主板,20100506
002390.SZ,002390,信邦制药,贵州,医药商业,主板,20100416
002391.SZ,002391,长青股份,江苏,农药化肥,主板,20100416
601101.SH,601101,昊华能源,北京,煤炭开采,主板,20100331
002399.SZ,002399,海普瑞,深圳,化学制药,主板,20100506
002410.SZ,002410,广联达,北京,软件服务,主板,20100525
002408.SZ,002408,齐翔腾达,山东,化工原料,主板,20100518
002401.SZ,002401,中远海科,上海,软件服务,主板,20100506
002400.SZ,002400,省广集团,广东,广告包装,主板,20100506
002404.SZ,002404,嘉欣丝绸,浙江,纺织,主板,20100511
002406.SZ,002406,远东传动,河南,汽车配件,主板,20100518
300059.SZ,300059,东方财富,上海,证券,创业板,20100319
002808.SZ,002808,*ST恒久,江苏,元器件,主板,20160812
002405.SZ,002405,四维图新,北京,软件服务,主板,20100518
002403.SZ,002403,爱仕达,浙江,家用电器,主板,20100511
002402.SZ,002402,和而泰,深圳,元器件,主板,20100511
002409.SZ,002409,雅克科技,江苏,半导体,主板,20100525
002412.SZ,002412,汉森制药,湖南,中成药,主板,20100525
601010.SH,601010,ST文峰,江苏,百货,主板,20110603
300061.SZ,300061,旗天科技,上海,互联网,创业板,20100319
002416.SZ,002416,爱施德,深圳,电器连锁,主板,20100528
002415.SZ,002415,海康威视,浙江,IT设备,主板,20100528
002414.SZ,002414,高德红外,湖北,电器仪表,主板,20100716
002413.SZ,002413,雷科防务,北京,通信设备,主板,20100528
300098.SZ,300098,高新兴,广东,软件服务,创业板,20100728
300062.SZ,300062,中能电气,福建,电气设备,创业板,20100319
300087.SZ,300087,荃银高科,安徽,种植业,创业板,20100526
300066.SZ,300066,三川智慧,江西,电器仪表,创业板,20100326
002425.SZ,002425,凯撒文化,广东,互联网,主板,20100608
300063.SZ,300063,天龙集团,广东,互联网,创业板,20100326
300065.SZ,300065,海兰信,北京,船舶,创业板,20100326
300068.SZ,300068,ST南都,浙江,电气设备,创业板,20100421
002418.SZ,002418,康盛股份,浙江,家用电器,主板,20100601
002420.SZ,002420,毅昌科技,广东,家用电器,主板,20100601
601369.SH,601369,陕鼓动力,陕西,机械基件,主板,20100428
002422.SZ,002422,科伦药业,四川,化学制药,主板,20100603
002423.SZ,002423,中粮资本,河南,多元金融,主板,20100603
002428.SZ,002428,云南锗业,云南,小金属,主板,20100608
002442.SZ,002442,龙星科技,河北,化工原料,主板,20100706
002424.SZ,002424,ST百灵,贵州,中成药,主板,20100603
002426.SZ,002426,胜利精密,江苏,元器件,主板,20100608
002427.SZ,002427,尤夫股份,浙江,化纤,主板,20100608
002431.SZ,002431,ST棕榈,河南,建筑工程,主板,20100610
002456.SZ,002456,欧菲光,深圳,元器件,主板,20100803
601188.SH,601188,龙江交通,黑龙江,路桥,主板,20100319
601518.SH,601518,吉林高速,吉林,路桥,主板,20100319
002644.SZ,002644,佛慈制药,甘肃,中成药,主板,20111222
002430.SZ,002430,杭氧股份,浙江,化工机械,主板,20100610
002459.SZ,002459,晶澳科技,河北,电气设备,主板,20100810
300073.SZ,300073,当升科技,北京,电气设备,创业板,20100427
300070.SZ,300070,碧水源,北京,环境保护,创业板,20100421
002432.SZ,002432,九安医疗,天津,医疗保健,主板,20100610
002429.SZ,002429,兆驰股份,深圳,家用电器,主板,20100610
002434.SZ,002434,万里扬,浙江,汽车配件,主板,20100618
002436.SZ,002436,兴森科技,深圳,元器件,主板,20100618
300076.SZ,300076,*ST宁视,浙江,IT设备,创业板,20100430
300072.SZ,300072,海新能科,北京,化工原料,创业板,20100427
300105.SZ,300105,龙源技术,山东,环境保护,创业板,20100820
300069.SZ,300069,金利华电,山西,电气设备,创业板,20100421
300067.SZ,300067,安诺其,上海,染料涂料,创业板,20100421
002440.SZ,002440,闰土股份,浙江,染料涂料,主板,20100706
002437.SZ,002437,誉衡药业,黑龙江,化学制药,主板,20100623
002443.SZ,002443,金洲管道,浙江,钢加工,主板,20100706
002622.SZ,002622,皓宸医疗,吉林,医疗保健,主板,20111018
300080.SZ,300080,易成新能,河南,电气设备,创业板,20100625
300075.SZ,300075,数字政通,北京,软件服务,创业板,20100427
002613.SZ,002613,北玻股份,河南,专用机械,主板,20110830
300078.SZ,300078,思创智联,浙江,软件服务,创业板,20100430
300074.SZ,300074,华平股份,上海,软件服务,创业板,20100427
300079.SZ,300079,数码视讯,北京,IT设备,创业板,20100430
300083.SZ,300083,创世纪,广东,机床制造,创业板,20100520
002439.SZ,002439,启明星辰,北京,软件服务,主板,20100623
603002.SH,603002,宏昌电子,广东,化工原料,主板,20120518
601012.SH,601012,隆基绿能,陕西,电气设备,主板,20120411
300077.SZ,300077,国民技术,深圳,半导体,创业板,20100430
300082.SZ,300082,奥克股份,辽宁,化工原料,创业板,20100520
002469.SZ,002469,三维化学,山东,化工原料,主板,20100908
002441.SZ,002441,众业达,广东,电气设备,主板,20100706
300235.SZ,300235,方直科技,深圳,软件服务,创业板,20110629
300084.SZ,300084,海默科技,甘肃,专用机械,创业板,20100520
002444.SZ,002444,巨星科技,浙江,轻工机械,主板,20100713
002492.SZ,002492,恒基达鑫,广东,仓储物流,主板,20101102
002466.SZ,002466,天齐锂业,四川,小金属,主板,20100831
002445.SZ,002445,中南文化,江苏,钢加工,主板,20100713
300238.SZ,300238,冠昊生物,广东,医疗保健,创业板,20110706
300086.SZ,300086,康芝药业,海南,化学制药,创业板,20100526
300101.SZ,300101,振芯科技,四川,通信设备,创业板,20100806
601118.SH,601118,海南橡胶,海南,橡胶,主板,20110107
002449.SZ,002449,国星光电,广东,半导体,主板,20100716
300091.SZ,300091,*ST金灵,江苏,机械基件,创业板,20100625
300081.SZ,300081,ST恒信,北京,文教休闲,创业板,20100520
002458.SZ,002458,益生股份,山东,农业综合,主板,20100810
002451.SZ,002451,摩恩电气,上海,电气设备,主板,20100720
300272.SZ,300272,开能健康,上海,家用电器,创业板,20111102
300088.SZ,300088,长信科技,安徽,元器件,创业板,20100526
300096.SZ,300096,ST易联众,福建,软件服务,创业板,20100728
002457.SZ,002457,青龙管业,宁夏,塑料,主板,20100803
002529.SZ,002529,*ST海源,江西,专用机械,主板,20101224
601000.SH,601000,唐山港,河北,港口,主板,20100705
002452.SZ,002452,长高电新,湖南,电气设备,主板,20100720
002454.SZ,002454,松芝股份,上海,汽车配件,主板,20100720
002453.SZ,002453,华软科技,北京,化工原料,主板,20100720
002460.SZ,002460,赣锋锂业,江西,小金属,主板,20100810
300085.SZ,300085,银之杰,深圳,软件服务,创业板,20100526
601717.SH,601717,中创智领,河南,专用机械,主板,20100803
300179.SZ,300179,四方达,河南,矿物制品,创业板,20110215
300097.SZ,300097,智云股份,辽宁,专用机械,创业板,20100728
002463.SZ,002463,沪电股份,江苏,元器件,主板,20100818
002462.SZ,002462,嘉事堂,北京,医药商业,主板,20100818
300099.SZ,300099,尤洛卡,山东,电器仪表,创业板,20100806
300093.SZ,300093,*ST金刚,甘肃,电气设备,创业板,20100708
601718.SH,601718,ST际华,北京,服饰,主板,20100816
300253.SZ,300253,卫宁健康,上海,软件服务,创业板,20110818
300094.SZ,300094,国联水产,广东,渔业,创业板,20100708
300124.SZ,300124,汇川技术,深圳,电器仪表,创业板,20100928
300152.SZ,300152,*ST动力,河北,环境保护,创业板,20101229
300321.SZ,300321,同大股份,山东,塑料,创业板,20120523
300095.SZ,300095,华伍股份,江西,专用机械,创业板,20100728
300245.SZ,300245,ST天玑,上海,软件服务,创业板,20110719
300092.SZ,300092,科新机电,四川,专用机械,创业板,20100708
300100.SZ,300100,双林股份,浙江,汽车配件,创业板,20100806
002496.SZ,002496,*ST辉丰,江苏,农药化肥,主板,20101109
300103.SZ,300103,达刚控股,陕西,专用机械,创业板,20100812
300102.SZ,300102,乾照光电,福建,半导体,创业板,20100812
002465.SZ,002465,海格通信,广东,通信设备,主板,20100831
601018.SH,601018,宁波港,浙江,港口,主板,20100928
002484.SZ,002484,江海股份,江苏,元器件,主板,20100929
300126.SZ,300126,锐奇股份,上海,轻工机械,创业板,20101013
601288.SH,601288,农业银行,北京,银行,主板,20100715
002468.SZ,002468,申通快递,浙江,仓储物流,主板,20100908
300110.SZ,300110,华仁药业,山东,化学制药,创业板,20100825
300173.SZ,300173,ST福能,广东,轻工机械,创业板,20110201
002476.SZ,002476,宝莫股份,山东,化工原料,主板,20100915
002470.SZ,002470,金正大,山东,农药化肥,主板,20100908
300107.SZ,300107,建新股份,河北,化工原料,创业板,20100820
300305.SZ,300305,裕兴股份,江苏,塑料,创业板,20120329
601177.SH,601177,杭齿前进,浙江,机械基件,主板,20101011
601377.SH,601377,兴业证券,福建,证券,主板,20101013
300106.SZ,300106,西部牧业,新疆,乳制品,创业板,20100820
300113.SZ,300113,顺网科技,浙江,互联网,创业板,20100827
302132.SZ,302132,中航成飞,陕西,航空,创业板,20100827
300112.SZ,300112,万讯自控,深圳,电器仪表,创业板,20100827
300133.SZ,300133,华策影视,浙江,影视音像,创业板,20101026
300129.SZ,300129,泰胜风能,上海,电气设备,创业板,20101019
300118.SZ,300118,东方日升,浙江,电气设备,创业板,20100902
300109.SZ,300109,新开源,河南,化工原料,创业板,20100825
300111.SZ,300111,向日葵,浙江,化学制药,创业板,20100827
002478.SZ,002478,常宝股份,江苏,钢加工,主板,20100921
002471.SZ,002471,中超控股,江苏,电气设备,主板,20100910
300115.SZ,300115,长盈精密,深圳,元器件,创业板,20100902
002527.SZ,002527,新时达,上海,电器仪表,主板,20101224
002530.SZ,002530,金财互联,江苏,专用机械,主板,20101231
002614.SZ,002614,奥佳华,福建,家用电器,主板,20110909
002472.SZ,002472,双环传动,浙江,汽车配件,主板,20100910
002569.SZ,002569,*ST步森,浙江,服饰,主板,20110412
002595.SZ,002595,豪迈科技,山东,专用机械,主板,20110628
002475.SZ,002475,立讯精密,深圳,元器件,主板,20100915
601098.SH,601098,中南传媒,湖南,出版业,主板,20101028
300120.SZ,300120,经纬辉开,天津,元器件,创业板,20100917
300128.SZ,300128,锦富技术,江苏,元器件,创业板,20101013
002479.SZ,002479,富春环保,浙江,新型电力,主板,20100921
002480.SZ,002480,新筑股份,四川,运输设备,主板,20100921
002481.SZ,002481,双塔食品,山东,食品,主板,20100921
300121.SZ,300121,阳谷华泰,山东,化工原料,创业板,20100917
300119.SZ,300119,瑞普生物,天津,农业综合,创业板,20100917
601818.SH,601818,光大银行,北京,银行,主板,20100818
300125.SZ,300125,*ST聆达,辽宁,电气设备,创业板,20101013
002486.SZ,002486,嘉麟杰,上海,服饰,主板,20101015
002485.SZ,002485,ST雪发,山东,商贸代理,主板,20101015
002482.SZ,002482,广田集团,深圳,装修装饰,主板,20100929
002500.SZ,002500,山西证券,山西,证券,主板,20101115
002521.SZ,002521,齐峰新材,山东,造纸,主板,20101210
300123.SZ,300123,ST亚光,湖南,半导体,创业板,20100928
300122.SZ,300122,智飞生物,重庆,生物制药,创业板,20100928
002488.SZ,002488,金固股份,浙江,汽车配件,主板,20101021
002487.SZ,002487,大金重工,辽宁,电气设备,主板,20101015
002495.SZ,002495,佳隆股份,广东,食品,主板,20101102
002615.SZ,002615,哈尔斯,浙江,家居用品,主板,20110909
300127.SZ,300127,银河磁体,四川,矿物制品,创业板,20101013
600998.SH,600998,九州通,湖北,医药商业,主板,20101102
002518.SZ,002518,科士达,深圳,电气设备,主板,20101207
002493.SZ,002493,荣盛石化,浙江,化纤,主板,20101102
002491.SZ,002491,通鼎互联,江苏,通信设备,主板,20101021
002483.SZ,002483,润邦股份,江苏,专用机械,主板,20100929
300134.SZ,300134,大富科技,安徽,通信设备,创业板,20101026
300130.SZ,300130,新国都,深圳,IT设备,创业板,20101019
300135.SZ,300135,宝利国际,江苏,石油加工,创业板,20101026
300329.SZ,300329,海伦钢琴,浙江,文教休闲,创业板,20120619
002497.SZ,002497,雅化集团,四川,小金属,主板,20101109
002494.SZ,002494,华斯股份,河北,服饰,主板,20101102
601996.SH,601996,丰林集团,广西,家居用品,主板,20110929
300401.SZ,300401,花园生物,浙江,化学制药,创业板,20141009
300131.SZ,300131,英唐智控,深圳,元器件,创业板,20101019
002498.SZ,002498,汉缆股份,山东,电气设备,主板,20101109
300137.SZ,300137,先河环保,河北,环境保护,创业板,20101105
300132.SZ,300132,青松股份,福建,化工原料,创业板,20101026
002643.SZ,002643,万润股份,山东,化工原料,主板,20111220
002805.SZ,002805,丰元股份,山东,电气设备,主板,20160707
300138.SZ,300138,晨光生物,河北,食品,创业板,20101105
300136.SZ,300136,信维通信,深圳,元器件,创业板,20101105
002889.SZ,002889,东方嘉盛,深圳,仓储物流,主板,20170731
300142.SZ,300142,沃森生物,云南,生物制药,创业板,20101112
002501.SZ,002501,*ST利源,吉林,铝,主板,20101117
300141.SZ,300141,和顺电气,江苏,电气设备,创业板,20101112
300140.SZ,300140,节能环境,陕西,环境保护,创业板,20101112
002511.SZ,002511,中顺洁柔,广东,造纸,主板,20101125
002510.SZ,002510,天汽模,天津,汽车配件,主板,20101125
002554.SZ,002554,惠博普,湖南,石油开采,主板,20110225
002508.SZ,002508,老板电器,浙江,家用电器,主板,20101123
002738.SZ,002738,中矿资源,北京,小金属,主板,20141230
300154.SZ,300154,瑞凌股份,深圳,机械基件,创业板,20101229
300331.SZ,300331,苏大维格,江苏,元器件,创业板,20120628
300144.SZ,300144,宋城演艺,浙江,旅游景点,创业板,20101209
300143.SZ,300143,盈康生命,山东,医疗保健,创业板,20101209
002514.SZ,002514,*ST宝馨,江苏,机械基件,主板,20101203
002507.SZ,002507,涪陵榨菜,重庆,食品,主板,20101123
002513.SZ,002513,蓝丰生化,江苏,新型电力,主板,20101203
601777.SH,601777,千里科技,重庆,摩托车,主板,20101125
601880.SH,601880,辽港股份,辽宁,港口,主板,20101206
002515.SZ,002515,金字火腿,浙江,食品,主板,20101203
300145.SZ,300145,南方泵业,浙江,机械基件,创业板,20101209
300148.SZ,300148,天舟文化,湖南,出版业,创业板,20101215
002520.SZ,002520,日发精机,浙江,机床制造,主板,20101210
002512.SZ,002512,ST达华,福建,IT设备,主板,20101203
300168.SZ,300168,万达信息,上海,软件服务,创业板,20110125
300158.SZ,300158,振东制药,山西,化学制药,创业板,20110107
002516.SZ,002516,旷达科技,湖南,汽车配件,主板,20101207
002517.SZ,002517,恺英网络,福建,互联网,主板,20101207
603167.SH,603167,渤海轮渡,山东,水运,主板,20120906
002519.SZ,002519,银河电子,江苏,通信设备,主板,20101207
300157.SZ,300157,新锦动力,北京,专用机械,创业板,20110107
002522.SZ,002522,浙江众成,浙江,塑料,主板,20101210
300146.SZ,300146,汤臣倍健,广东,食品,创业板,20101215
300149.SZ,300149,睿智医药,广东,生物制药,创业板,20101222
002743.SZ,002743,富煌钢构,安徽,钢加工,主板,20150217
002547.SZ,002547,*ST春兴,江苏,汽车配件,主板,20110218
300155.SZ,300155,安居宝,广东,IT设备,创业板,20110107
300151.SZ,300151,昌红科技,深圳,专用机械,创业板,20101222
002606.SZ,002606,大连电瓷,辽宁,电气设备,主板,20110805
002524.SZ,002524,光正眼科,新疆,医疗保健,主板,20101217
002528.SZ,002528,*ST英飞,深圳,IT设备,主板,20101224
300147.SZ,300147,*ST香雪,广东,中成药,创业板,20101215
300153.SZ,300153,科泰电源,上海,电气设备,创业板,20101229
002526.SZ,002526,山东矿机,山东,工程机械,主板,20101217
002532.SZ,002532,天山铝业,新疆,铝,主板,20101231
002534.SZ,002534,西子洁能,浙江,专用机械,主板,20110110
002531.SZ,002531,天顺风能,江苏,电气设备,主板,20101231
300169.SZ,300169,天晟新材,江苏,塑料,创业板,20110125
300162.SZ,300162,雷曼光电,深圳,元器件,创业板,20110113
300161.SZ,300161,华中数控,湖北,机床制造,创业板,20110113
002540.SZ,002540,亚太科技,江苏,铝,主板,20110118
002702.SZ,002702,海欣食品,福建,食品,主板,20121011
002567.SZ,002567,唐人神,湖南,饲料,主板,20110325
601933.SH,601933,永辉超市,福建,超市连锁,主板,20101215
300191.SZ,300191,潜能恒信,北京,石油开采,创业板,20110316
300159.SZ,300159,*ST新研,新疆,农用机械,创业板,20110107
300165.SZ,300165,天瑞仪器,江苏,电器仪表,创业板,20110125
300223.SZ,300223,北京君正,北京,半导体,创业板,20110531
002535.SZ,002535,林州重机,河南,工程机械,主板,20110111
002609.SZ,002609,捷顺科技,深圳,软件服务,主板,20110815
300164.SZ,300164,通源石油,陕西,石油开采,创业板,20110113
300163.SZ,300163,先锋新材,浙江,家居用品,创业板,20110113
300160.SZ,300160,秀强股份,江苏,家用电器,创业板,20110113
002536.SZ,002536,飞龙股份,河南,汽车配件,主板,20110111
002557.SZ,002557,洽洽食品,安徽,食品,主板,20110302
002539.SZ,002539,云图控股,四川,农药化肥,主板,20110118
601890.SH,601890,亚星锚链,江苏,船舶,主板,20101228
002533.SZ,002533,金杯电工,湖南,电气设备,主板,20101231
300170.SZ,300170,汉得信息,上海,软件服务,创业板,20110201
300174.SZ,300174,元力股份,福建,化工原料,创业板,20110201
300166.SZ,300166,东方国信,北京,软件服务,创业板,20110125
300167.SZ,300167,ST迪威迅,深圳,软件服务,创业板,20110125
002537.SZ,002537,海联金汇,山东,汽车配件,主板,20110110
300172.SZ,300172,中电环保,江苏,环境保护,创业板,20110201
300171.SZ,300171,东富龙,上海,医疗保健,创业板,20110201
300194.SZ,300194,福安药业,重庆,化学制药,创业板,20110322
300175.SZ,300175,ST朗源,山东,食品,创业板,20110215
300180.SZ,300180,华峰超纤,上海,化纤,创业板,20110222
002545.SZ,002545,东方铁塔,山东,农药化肥,主板,20110211
002550.SZ,002550,千红制药,江苏,生物制药,主板,20110218
002544.SZ,002544,普天科技,广东,通信设备,主板,20110128
002541.SZ,002541,鸿路钢构,安徽,钢加工,主板,20110118
601116.SH,601116,三江购物,浙江,超市连锁,主板,20110302
002570.SZ,002570,贝因美,浙江,乳制品,主板,20110412
002551.SZ,002551,尚荣医疗,深圳,医疗保健,主板,20110225
300177.SZ,300177,中海达,广东,通信设备,创业板,20110215
300176.SZ,300176,鸿特科技,广东,汽车配件,创业板,20110215
002542.SZ,002542,*ST中岩,北京,建筑工程,主板,20110128
300181.SZ,300181,佐力药业,浙江,中成药,创业板,20110222
601700.SH,601700,风范股份,江苏,电气设备,主板,20110118
601137.SH,601137,博威合金,浙江,小金属,主板,20110127
300193.SZ,300193,佳士科技,深圳,专用机械,创业板,20110322
300183.SZ,300183,东软载波,山东,通信设备,创业板,20110222
300197.SZ,300197,节能铁汉,深圳,环境保护,创业板,20110329
002543.SZ,002543,万和电气,广东,家用电器,主板,20110128
601519.SH,601519,大智慧,上海,软件服务,主板,20110128
002552.SZ,002552,宝鼎科技,浙江,元器件,主板,20110225
002546.SZ,002546,新联电子,江苏,电气设备,主板,20110211
601799.SH,601799,星宇股份,江苏,汽车配件,主板,20110201
300184.SZ,300184,力源信息,湖北,元器件,创业板,20110222
300182.SZ,300182,捷成股份,北京,影视音像,创业板,20110222
002769.SZ,002769,普路通,广东,仓储物流,主板,20150629
601616.SH,601616,广电电气,上海,电气设备,主板,20110201
300340.SZ,300340,科恒股份,广东,电气设备,创业板,20120726
300203.SZ,300203,聚光科技,浙江,电器仪表,创业板,20110415
002558.SZ,002558,巨人网络,重庆,互联网,主板,20110302
002555.SZ,002555,三七互娱,安徽,互联网,主板,20110302
002548.SZ,002548,金新农,深圳,饲料,主板,20110218
300229.SZ,300229,拓尔思,北京,软件服务,创业板,20110615
002706.SZ,002706,良信股份,上海,电气设备,主板,20140121
002559.SZ,002559,亚威股份,江苏,机床制造,主板,20110303
601216.SH,601216,君正集团,内蒙,化工原料,主板,20110222
601789.SH,601789,宁波建工,浙江,建筑工程,主板,20110816
002553.SZ,002553,南方精工,江苏,汽车配件,主板,20110225
300205.SZ,300205,*ST天喻,湖北,通信设备,创业板,20110421
300220.SZ,300220,金运激光,湖北,专用机械,创业板,20110525
300198.SZ,300198,*ST纳川,福建,塑料,创业板,20110407
300188.SZ,300188,国投智能,福建,软件服务,创业板,20110316
300195.SZ,300195,长荣股份,天津,轻工机械,创业板,20110329
300196.SZ,300196,长海股份,江苏,玻璃,创业板,20110329
300187.SZ,300187,永清环保,湖南,环境保护,创业板,20110308
300345.SZ,300345,华民股份,湖南,电气设备,创业板,20120801
300185.SZ,300185,通裕重工,山东,工程机械,创业板,20110308
002556.SZ,002556,辉隆股份,安徽,农药化肥,主板,20110302
300190.SZ,300190,维尔利,江苏,环境保护,创业板,20110316
601011.SH,601011,宝泰隆,黑龙江,焦炭加工,主板,20110309
002560.SZ,002560,通达股份,河南,电气设备,主板,20110303
002565.SZ,002565,顺灏股份,上海,造纸,主板,20110318
002577.SZ,002577,雷柏科技,深圳,IT设备,主板,20110428
300375.SZ,300375,鹏翎股份,天津,汽车配件,创业板,20140127
300211.SZ,300211,*ST亿通,江苏,通信设备,创业板,20110505
300192.SZ,300192,科德教育,江苏,文教休闲,创业板,20110322
300189.SZ,300189,神农种业,海南,种植业,创业板,20110316
601992.SH,601992,金隅集团,北京,水泥,主板,20110301
002563.SZ,002563,森马服饰,浙江,服饰,主板,20110311
601199.SH,601199,江南水务,江苏,水务,主板,20110317
300204.SZ,300204,舒泰神,北京,生物制药,创业板,20110415
300214.SZ,300214,日科化学,山东,化工原料,创业板,20110511
300199.SZ,300199,翰宇药业,深圳,化学制药,创业板,20110407
300200.SZ,300200,高盟新材,北京,化工原料,创业板,20110407
002562.SZ,002562,兄弟科技,浙江,化学制药,主板,20110310
002564.SZ,002564,天沃科技,江苏,化工机械,主板,20110310
002571.SZ,002571,德力股份,安徽,家居用品,主板,20110412
002568.SZ,002568,百润股份,上海,红黄酒,主板,20110325
300201.SZ,300201,海伦哲,江苏,工程机械,创业板,20110407
300366.SZ,300366,ST创意,四川,软件服务,创业板,20140127
603328.SH,603328,依顿电子,广东,元器件,主板,20140701
002579.SZ,002579,中京电子,广东,元器件,主板,20110506
002581.SZ,002581,*ST未名,山东,生物制药,主板,20110520
601218.SH,601218,吉鑫科技,江苏,电气设备,主板,20110506
002572.SZ,002572,索菲亚,广东,家居用品,主板,20110412
002573.SZ,002573,清新环境,北京,环境保护,主板,20110422
002574.SZ,002574,明牌珠宝,浙江,服饰,主板,20110422
002576.SZ,002576,通达动力,江苏,电气设备,主板,20110428
603006.SH,603006,联明股份,上海,汽车配件,主板,20140630
002575.SZ,002575,群兴玩具,广东,文教休闲,主板,20110422
300206.SZ,300206,理邦仪器,深圳,医疗保健,创业板,20110421
300210.SZ,300210,森远股份,辽宁,专用机械,创业板,20110426
300209.SZ,300209,行云科技,湖南,互联网,创业板,20110426
002580.SZ,002580,圣阳股份,山东,电气设备,主板,20110506
601566.SH,601566,九牧王,福建,服饰,主板,20110530
601113.SH,601113,华鼎股份,浙江,化纤,主板,20110509
002578.SZ,002578,闽发铝业,福建,铝,主板,20110428
300207.SZ,300207,欣旺达,深圳,电气设备,创业板,20110421
300212.SZ,300212,*ST易录,北京,软件服务,创业板,20110505
601233.SH,601233,桐昆股份,浙江,化纤,主板,20110518
601208.SH,601208,东材科技,四川,化工原料,主板,20110520
300402.SZ,300402,宝色股份,江苏,专用机械,创业板,20141010
300218.SZ,300218,安利股份,安徽,塑料,创业板,20110518
002584.SZ,002584,西陇科学,广东,化工原料,主板,20110602
002582.SZ,002582,好想你,河南,食品,主板,20110520
601222.SH,601222,林洋能源,江苏,新型电力,主板,20110808
300225.SZ,300225,*ST金泰,上海,染料涂料,创业板,20110531
300215.SZ,300215,电科院,江苏,电气设备,创业板,20110511
300257.SZ,300257,开山股份,上海,机械基件,创业板,20110819
300219.SZ,300219,鸿利智汇,广东,元器件,创业板,20110518
300222.SZ,300222,科大智能,上海,电气设备,创业板,20110525
300217.SZ,300217,东方电热,江苏,家用电器,创业板,20110518
300221.SZ,300221,银禧科技,广东,塑料,创业板,20110525
002583.SZ,002583,海能达,深圳,通信设备,主板,20110527
601599.SH,601599,浙文影业,浙江,纺织,主板,20110527
002590.SZ,002590,万安科技,浙江,汽车配件,主板,20110610
300231.SZ,300231,银信科技,北京,软件服务,创业板,20110615
002592.SZ,002592,ST八菱,广西,汽车配件,主板,20111111
300227.SZ,300227,光韵达,深圳,专用机械,创业板,20110608
300224.SZ,300224,正海磁材,山东,矿物制品,创业板,20110531
300228.SZ,300228,富瑞特装,江苏,化工机械,创业板,20110608
300249.SZ,300249,依米康,四川,IT设备,创业板,20110803
300226.SZ,300226,上海钢联,上海,互联网,创业板,20110608
300240.SZ,300240,飞力达,江苏,仓储物流,创业板,20110706
300381.SZ,300381,溢多利,广东,化学制药,创业板,20140128
002585.SZ,002585,双星新材,江苏,塑料,主板,20110602
601311.SH,601311,骆驼股份,湖北,电气设备,主板,20110602
002586.SZ,002586,ST围海,浙江,建筑工程,主板,20110602
300230.SZ,300230,永利股份,上海,塑料,创业板,20110615
300232.SZ,300232,洲明科技,深圳,元器件,创业板,20110622
300234.SZ,300234,开尔新材,浙江,陶瓷,创业板,20110622
601798.SH,601798,蓝科高新,甘肃,化工机械,主板,20110622
002589.SZ,002589,瑞康医药,山东,医药商业,主板,20110610
002587.SZ,002587,奥拓电子,深圳,元器件,主板,20110610
300233.SZ,300233,金城医药,山东,化学制药,创业板,20110622
300236.SZ,300236,上海新阳,上海,半导体,创业板,20110629
300237.SZ,300237,ST美晨,山东,汽车配件,创业板,20110629
603156.SH,603156,养元饮品,河北,软饮料,主板,20180212
002778.SZ,002778,中晟高科,江苏,环境保护,主板,20160106
002588.SZ,002588,史丹利,山东,农药化肥,主板,20110610
601567.SH,601567,三星电气,浙江,电气设备,主板,20110615
002783.SZ,002783,凯龙股份,湖北,化工原料,主板,20151209
002605.SZ,002605,姚记科技,上海,互联网,主板,20110805
002594.SZ,002594,比亚迪,深圳,汽车整车,主板,20110630
300239.SZ,300239,东宝生物,内蒙,生物制药,创业板,20110706
002593.SZ,002593,日上集团,福建,钢加工,主板,20110628
002596.SZ,002596,海南瑞泽,海南,水泥,主板,20110707
002734.SZ,002734,利民股份,江苏,农药化肥,主板,20150127
002626.SZ,002626,金达威,福建,医疗保健,主板,20111028
002600.SZ,002600,领益智造,广东,元器件,主板,20110715
002601.SZ,002601,龙佰集团,河南,化工原料,主板,20110715
002597.SZ,002597,金禾实业,安徽,食品,主板,20110707
002598.SZ,002598,ST章鼓,山东,机械基件,主板,20110707
300242.SZ,300242,佳云科技,广东,互联网,创业板,20110712
300258.SZ,300258,精锻科技,江苏,汽车配件,创业板,20110826
300241.SZ,300241,瑞丰光电,深圳,半导体,创业板,20110712
601901.SH,601901,方正证券,湖南,证券,主板,20110810
002607.SZ,002607,中公教育,安徽,文教休闲,主板,20110810
002602.SZ,002602,世纪华通,浙江,互联网,主板,20110728
300243.SZ,300243,瑞丰高材,山东,化工原料,创业板,20110712
300244.SZ,300244,迪安诊断,浙江,医疗保健,创业板,20110719
002603.SZ,002603,以岭药业,河北,中成药,主板,20110728
300248.SZ,300248,新开普,河南,软件服务,创业板,20110729
300250.SZ,300250,初灵信息,浙江,软件服务,创业板,20110803
300246.SZ,300246,宝莱特,广东,医疗保健,创业板,20110719
002620.SZ,002620,*ST瑞和,深圳,装修装饰,主板,20110929
603456.SH,603456,九洲药业,浙江,医疗保健,主板,20141010
300251.SZ,300251,光线传媒,北京,影视音像,创业板,20110803
002627.SZ,002627,三峡旅游,湖北,旅游景点,主板,20111103
002911.SZ,002911,佛燃能源,广东,供气供热,主板,20171122
002608.SZ,002608,江苏国信,江苏,火力发电,主板,20110810
300254.SZ,300254,仟源医药,山西,化学制药,创业板,20110819
300256.SZ,300256,星星科技,江西,元器件,创业板,20110819
300255.SZ,300255,常山药业,河北,生物制药,创业板,20110819
601636.SH,601636,旗滨集团,湖南,玻璃,主板,20110812
300260.SZ,300260,新莱应材,江苏,机械基件,创业板,20110906
300252.SZ,300252,金信诺,深圳,通信设备,创业板,20110818
002830.SZ,002830,名雕股份,深圳,装修装饰,主板,20161213
002717.SZ,002717,*ST岭南,广东,环境保护,主板,20140219
603197.SH,603197,保隆科技,上海,汽车配件,主板,20170519
300265.SZ,300265,通光线缆,江苏,电气设备,创业板,20110916
300267.SZ,300267,尔康制药,湖南,化学制药,创业板,20110927
300259.SZ,300259,新天科技,河南,电器仪表,创业板,20110831
300303.SZ,300303,聚飞光电,深圳,半导体,创业板,20120319
002629.SZ,002629,仁智股份,浙江,石油开采,主板,20111103
300284.SZ,300284,苏交科,江苏,建筑工程,创业板,20120110
601908.SH,601908,京运通,北京,电气设备,主板,20110908
601886.SH,601886,江河集团,北京,装修装饰,主板,20110818
300269.SZ,300269,联建光电,深圳,元器件,创业板,20111012
300261.SZ,300261,雅本化学,江苏,农药化肥,创业板,20110906
002611.SZ,002611,东方精工,广东,轻工机械,主板,20110830
603518.SH,603518,锦泓集团,江苏,服饰,主板,20141203
300268.SZ,300268,*ST佳沃,湖南,农业综合,创业板,20110927
300263.SZ,300263,隆华科技,河南,专用机械,创业板,20110916
300294.SZ,300294,博雅生物,江西,生物制药,创业板,20120308
002616.SZ,002616,长青集团,广东,环境保护,主板,20110920
300270.SZ,300270,中威电子,浙江,IT设备,创业板,20111012
601677.SH,601677,明泰铝业,河南,铝,主板,20110919
002612.SZ,002612,朗姿股份,北京,服饰,主板,20110830
002624.SZ,002624,完美世界,浙江,互联网,主板,20111028
002745.SZ,002745,木林森,广东,元器件,主板,20150217
002641.SZ,002641,公元股份,浙江,塑料,主板,20111208
002617.SZ,002617,露笑科技,浙江,电气设备,主板,20110920
300266.SZ,300266,兴源环境,浙江,环境保护,创业板,20110927
601669.SH,601669,中国电建,北京,建筑工程,主板,20111018
300274.SZ,300274,阳光电源,安徽,电气设备,创业板,20111102
601100.SH,601100,恒立液压,江苏,工程机械,主板,20111028
300729.SZ,300729,乐歌股份,浙江,家居用品,创业板,20171201
300283.SZ,300283,温州宏丰,浙江,电气设备,创业板,20120110
300275.SZ,300275,梅安森,重庆,工程机械,创业板,20111102
002628.SZ,002628,成都路桥,四川,建筑工程,主板,20111103
002625.SZ,002625,光启技术,深圳,航空,主板,20111103
603686.SH,603686,福龙马,福建,环境保护,主板,20150126
002623.SZ,002623,亚玛顿,江苏,玻璃,主板,20111013
601225.SH,601225,陕西煤业,陕西,煤炭开采,主板,20140128
002637.SZ,002637,赞宇科技,浙江,日用化工,主板,20111125
002636.SZ,002636,金安国纪,上海,元器件,主板,20111125
601555.SH,601555,东吴证券,江苏,证券,主板,20111212
300278.SZ,300278,华昌达,湖北,专用机械,创业板,20111216
002634.SZ,002634,*ST棒杰,浙江,服饰,主板,20111205
002640.SZ,002640,跨境通,山西,互联网,主板,20111208
002631.SZ,002631,德尔未来,江苏,家居用品,主板,20111111
002633.SZ,002633,申科股份,浙江,机械基件,主板,20111122
300276.SZ,300276,三丰智能,湖北,专用机械,创业板,20111115
603001.SH,603001,奥康国际,浙江,服饰,主板,20120426
601800.SH,601800,中国交建,北京,建筑工程,主板,20120309
002635.SZ,002635,安洁科技,江苏,元器件,主板,20111125
300293.SZ,300293,蓝英装备,辽宁,专用机械,创业板,20120308
002632.SZ,002632,道明光学,浙江,塑料,主板,20111122
002648.SZ,002648,卫星化学,浙江,化工原料,主板,20111228
300279.SZ,300279,和晶科技,江苏,元器件,创业板,20111229
002646.SZ,002646,天佑德酒,青海,白酒,主板,20111222
002639.SZ,002639,雪人集团,福建,专用机械,主板,20111205
002645.SZ,002645,华宏科技,江苏,专用机械,主板,20111220
300285.SZ,300285,国瓷材料,山东,陶瓷,创业板,20120113
300281.SZ,300281,金明精机,广东,专用机械,创业板,20111229
601928.SH,601928,凤凰传媒,江苏,出版业,主板,20111130
002673.SZ,002673,西部证券,陕西,证券,主板,20120503
002638.SZ,002638,勤上股份,广东,家用电器,主板,20111125
002647.SZ,002647,仁东控股,广东,多元金融,主板,20111228
300286.SZ,300286,安科瑞,上海,电器仪表,创业板,20120113
300295.SZ,300295,*ST三六,江苏,互联网,创业板,20120315
300288.SZ,300288,朗玛信息,贵州,软件服务,创业板,20120216
002668.SZ,002668,TCL智家,广东,家用电器,主板,20120416
002642.SZ,002642,荣联科技,北京,软件服务,主板,20111220
002651.SZ,002651,利君股份,四川,航空,主板,20120106
603599.SH,603599,广信股份,安徽,农药化肥,主板,20150513
300324.SZ,300324,旋极信息,北京,软件服务,创业板,20120608
300350.SZ,300350,华鹏飞,深圳,仓储物流,创业板,20120821
300287.SZ,300287,飞利信,北京,软件服务,创业板,20120201
300290.SZ,300290,荣科科技,辽宁,软件服务,创业板,20120216
601360.SH,601360,三六零,天津,互联网,主板,20120116
002649.SZ,002649,博彦科技,北京,软件服务,主板,20120106
002664.SZ,002664,信质集团,浙江,汽车配件,主板,20120316
300298.SZ,300298,三诺生物,湖南,医疗保健,创业板,20120319
002655.SZ,002655,共达电声,山东,元器件,主板,20120217
002656.SZ,002656,*ST摩登,广东,服饰,主板,20120228
601368.SH,601368,绿城水务,广西,水务,主板,20150612
601336.SH,601336,新华保险,北京,保险,主板,20111216
002667.SZ,002667,*ST威领,湖南,小金属,主板,20120329
300289.SZ,300289,利德曼,北京,医疗保健,创业板,20120216
300532.SZ,300532,今天国际,深圳,软件服务,创业板,20160818
300483.SZ,300483,首华燃气,上海,石油开采,创业板,20150630
002662.SZ,002662,峰璟股份,北京,汽车配件,主板,20120309
002688.SZ,002688,金河生物,内蒙,农业综合,主板,20120713
300291.SZ,300291,百纳千成,北京,影视音像,创业板,20120209
002652.SZ,002652,扬子新材,江苏,其他建材,主板,20120119
603729.SH,603729,ST龙韵,上海,广告包装,主板,20150324
002650.SZ,002650,ST加加,湖南,食品,主板,20120106
300292.SZ,300292,吴通控股,江苏,互联网,创业板,20120229
002666.SZ,002666,德联集团,广东,化工原料,主板,20120327
601929.SH,601929,吉视传媒,吉林,影视音像,主板,20120223
300358.SZ,300358,楚天科技,湖南,医疗保健,创业板,20140121
300310.SZ,300310,宜通世纪,广东,通信设备,创业板,20120425
300307.SZ,300307,慈星股份,浙江,纺织机械,创业板,20120329
002654.SZ,002654,万润科技,深圳,互联网,主板,20120217
603359.SH,603359,*ST东珠,江苏,建筑工程,主板,20170901
002653.SZ,002653,海思科,西藏,化学制药,主板,20120117
601339.SH,601339,百隆东方,浙江,纺织,主板,20120612
300301.SZ,300301,ST长方,深圳,半导体,创业板,20120321
300296.SZ,300296,利亚德,北京,元器件,创业板,20120315
300304.SZ,300304,云意电气,江苏,汽车配件,创业板,20120321
300306.SZ,300306,远方信息,浙江,电器仪表,创业板,20120329
002672.SZ,002672,东江环保,深圳,环境保护,主板,20120426
002663.SZ,002663,普邦股份,广东,建筑工程,主板,20120316
601388.SH,601388,怡球资源,江苏,铝,主板,20120423
601515.SH,601515,衢州东峰,浙江,广告包装,主板,20120216
300326.SZ,300326,ST凯利,上海,医疗保健,创业板,20120613
601231.SH,601231,环旭电子,上海,元器件,主板,20120220
002657.SZ,002657,中科金财,北京,软件服务,主板,20120228
300300.SZ,300300,海峡创新,福建,软件服务,创业板,20120319
002660.SZ,002660,茂硕电源,深圳,电气设备,主板,20120316
300755.SZ,300755,华致酒行,云南,其他商业,创业板,20190129
002669.SZ,002669,康达新材,上海,化工原料,主板,20120416
002658.SZ,002658,雪迪龙,北京,环境保护,主板,20120309
002674.SZ,002674,兴业科技,福建,纺织,主板,20120507
002661.SZ,002661,克明食品,湖南,食品,主板,20120316
002659.SZ,002659,凯文教育,北京,文教休闲,主板,20120309
300320.SZ,300320,海达股份,江苏,橡胶,创业板,20120601
300313.SZ,300313,*ST天山,新疆,农业综合,创业板,20120425
300314.SZ,300314,戴维医疗,浙江,医疗保健,创业板,20120508
002670.SZ,002670,国盛证券,江西,证券,主板,20120416
603123.SH,603123,翠微股份,北京,多元金融,主板,20120503
300327.SZ,300327,中颖电子,上海,半导体,创业板,20120613
601965.SH,601965,中国汽研,重庆,汽车服务,主板,20120611
603333.SH,603333,尚纬股份,四川,电气设备,主板,20120507
002675.SZ,002675,东诚药业,山东,化学制药,主板,20120525
300311.SZ,300311,ST任子行,深圳,软件服务,创业板,20120425
002799.SZ,002799,环球印务,陕西,广告包装,主板,20160608
002677.SZ,002677,浙江美大,浙江,家用电器,主板,20120525
002676.SZ,002676,顺威股份,广东,家用电器,主板,20120525
603861.SH,603861,白云电器,广东,电气设备,主板,20160322
300302.SZ,300302,同有科技,北京,IT设备,创业板,20120321
300308.SZ,300308,中际旭创,山东,通信设备,创业板,20120410
601038.SH,601038,一拖股份,河南,农用机械,主板,20120808
300317.SZ,300317,珈伟新能,深圳,电气设备,创业板,20120511
300315.SZ,300315,掌趣科技,北京,互联网,创业板,20120511
300299.SZ,300299,富春股份,福建,互联网,创业板,20120319
603000.SH,603000,人民网,北京,互联网,主板,20120427
603128.SH,603128,华贸物流,上海,仓储物流,主板,20120529
002671.SZ,002671,龙泉股份,山东,水泥,主板,20120426
002696.SZ,002696,百洋股份,广西,饲料,主板,20120905
002685.SZ,002685,华东重机,江苏,机床制造,主板,20120612
002682.SZ,002682,龙洲股份,福建,仓储物流,主板,20120612
603077.SH,603077,和邦生物,四川,化工原料,主板,20120731
603168.SH,603168,莎普爱思,浙江,化学制药,主板,20140702
002692.SZ,002692,远程股份,江苏,电气设备,主板,20120808
300316.SZ,300316,晶盛机电,浙江,专用机械,创业板,20120511
300319.SZ,300319,麦捷科技,深圳,元器件,创业板,20120523
603366.SH,603366,日出东方,江苏,家用电器,主板,20120521
300746.SZ,300746,汉嘉数智,浙江,建筑工程,创业板,20180525
002690.SZ,002690,美亚光电,安徽,专用机械,主板,20120731
002678.SZ,002678,珠江钢琴,广东,文教休闲,主板,20120530
002691.SZ,002691,*ST冀凯,河北,专用机械,主板,20120731
002851.SZ,002851,麦格米特,深圳,电气设备,主板,20170306
300342.SZ,300342,天银机电,江苏,家用电器,创业板,20120726
300322.SZ,300322,硕贝德,广东,元器件,创业板,20120608
300339.SZ,300339,润和软件,江苏,软件服务,创业板,20120718
300400.SZ,300400,劲拓股份,深圳,专用机械,创业板,20141010
300333.SZ,300333,兆日科技,深圳,IT设备,创业板,20120628
002679.SZ,002679,福建金森,福建,林业,主板,20120605
002689.SZ,002689,ST远智,辽宁,运输设备,主板,20120717
603008.SH,603008,ST喜临门,浙江,家居用品,主板,20120717
300334.SZ,300334,津膜科技,天津,专用机械,创业板,20120705
300397.SZ,300397,天和防务,陕西,通信设备,创业板,20140910
300348.SZ,300348,长亮科技,深圳,软件服务,创业板,20120817
300887.SZ,300887,谱尼测试,北京,电器仪表,创业板,20200916
300338.SZ,300338,*ST开元,湖南,文教休闲,创业板,20120726
002701.SZ,002701,奥瑞金,北京,广告包装,主板,20121011
603399.SH,603399,永杉锂业,辽宁,小金属,主板,20120824
300337.SZ,300337,银邦股份,江苏,铝,创业板,20120718
002687.SZ,002687,乔治白,浙江,服饰,主板,20120713
002694.SZ,002694,*ST顾地,湖北,塑料,主板,20120816
300332.SZ,300332,天壕能源,北京,供气供热,创业板,20120628
300328.SZ,300328,宜安科技,广东,小金属,创业板,20120619
300349.SZ,300349,金卡智能,浙江,电器仪表,创业板,20120817
002698.SZ,002698,博实股份,黑龙江,化工机械,主板,20120911
300323.SZ,300323,华灿光电,湖北,半导体,创业板,20120601
300335.SZ,300335,迪森股份,广东,供气供热,创业板,20120710
002752.SZ,002752,昇兴股份,福建,广告包装,主板,20150422
603766.SH,603766,隆鑫通用,重庆,摩托车,主板,20120810
300347.SZ,300347,泰格医药,浙江,医疗保健,创业板,20120817
300341.SZ,300341,麦克奥迪,福建,电气设备,创业板,20120726
002681.SZ,002681,奋达科技,深圳,元器件,主板,20120605
002686.SZ,002686,亿利达,浙江,专用机械,主板,20120703
002683.SZ,002683,广东宏大,广东,化工原料,主板,20120612
300346.SZ,300346,南大光电,江苏,半导体,创业板,20120807
300343.SZ,300343,ST联创,山东,化工原料,创业板,20120801
002693.SZ,002693,*ST双成,海南,生物制药,主板,20120808
603126.SH,603126,中材节能,天津,环境保护,主板,20140731
300383.SZ,300383,光环新网,北京,软件服务,创业板,20140129
603993.SH,603993,洛阳钼业,河南,小金属,主板,20121009
603288.SH,603288,海天味业,广东,食品,主板,20140211
300371.SZ,300371,汇中股份,河北,电器仪表,创业板,20140123
300389.SZ,300389,艾比森,深圳,元器件,创业板,20140801
002718.SZ,002718,友邦吊顶,浙江,其他建材,主板,20140128
002715.SZ,002715,登云股份,广东,汽车配件,主板,20140219
002716.SZ,002716,湖南白银,湖南,小金属,主板,20140128
002713.SZ,002713,*ST东易,北京,装修装饰,主板,20140219
002723.SZ,002723,小崧股份,广东,家用电器,主板,20140129
002792.SZ,002792,通宇通讯,广东,通信设备,主板,20160328
002727.SZ,002727,一心堂,云南,医药商业,主板,20140702
601608.SH,601608,中信重工,河南,专用机械,主板,20120706
601238.SH,601238,广汽集团,广东,汽车整车,主板,20120329
300352.SZ,300352,ST信源,北京,软件服务,创业板,20120912
002709.SZ,002709,天赐材料,广东,化工原料,主板,20140123
002725.SZ,002725,跃岭股份,浙江,汽车配件,主板,20140129
002746.SZ,002746,仙坛股份,山东,农业综合,主板,20150216
002708.SZ,002708,光洋股份,江苏,汽车配件,主板,20140121
002695.SZ,002695,煌上煌,江西,食品,主板,20120905
300382.SZ,300382,斯莱克,江苏,专用机械,创业板,20140129
603185.SH,603185,弘元绿能,江苏,电气设备,主板,20181228
002714.SZ,002714,牧原股份,河南,农业综合,主板,20140128
002815.SZ,002815,崇达技术,深圳,元器件,主板,20161012
002703.SZ,002703,浙江世宝,浙江,汽车配件,主板,20121102
002722.SZ,002722,物产金轮,江苏,钢加工,主板,20140128
603699.SH,603699,纽威股份,江苏,机械基件,主板,20140117
601016.SH,601016,节能风电,北京,新型电力,主板,20140929
603166.SH,603166,福达股份,广西,汽车配件,主板,20141127
001203.SZ,001203,大中矿业,内蒙,普钢,主板,20210510
300507.SZ,300507,苏奥传感,江苏,汽车配件,创业板,20160429
300369.SZ,300369,绿盟科技,北京,软件服务,创业板,20140129
300354.SZ,300354,东华测试,江苏,电器仪表,创业板,20120920
603308.SH,603308,应流股份,安徽,机械基件,主板,20140122
300388.SZ,300388,节能国祯,安徽,环境保护,创业板,20140801
603777.SH,603777,来伊份,上海,食品,主板,20161012
603989.SH,603989,艾华集团,湖南,元器件,主板,20150515
002719.SZ,002719,ST麦趣,新疆,乳制品,主板,20140128
603806.SH,603806,福斯特,浙江,塑料,主板,20140905
002700.SZ,002700,万憬能源,新疆,供气供热,主板,20120921
603088.SH,603088,宁波精达,浙江,机床制造,主板,20141111
603566.SH,603566,普莱柯,河南,农业综合,主板,20150518
603009.SH,603009,北特科技,上海,汽车配件,主板,20140718
603688.SH,603688,石英股份,江苏,矿物制品,主板,20141031
002782.SZ,002782,可立克,深圳,元器件,主板,20151222
601969.SH,601969,海南矿业,海南,普钢,主板,20141209
300351.SZ,300351,永贵电器,浙江,运输设备,创业板,20120920
300355.SZ,300355,蒙草生态,内蒙,环境保护,创业板,20120927
002721.SZ,002721,金一文化,北京,服饰,主板,20140127
600917.SH,600917,重庆燃气,重庆,供气供热,主板,20140930
300368.SZ,300368,汇金股份,河北,IT设备,创业板,20140123
300396.SZ,300396,ST迪瑞,吉林,医疗保健,创业板,20140910
300403.SZ,300403,汉宇集团,广东,家用电器,创业板,20141030
002697.SZ,002697,红旗连锁,四川,超市连锁,主板,20120905
300360.SZ,300360,炬华科技,浙江,电器仪表,创业板,20140121
300357.SZ,300357,我武生物,浙江,生物制药,创业板,20140121
002843.SZ,002843,泰嘉股份,湖南,钢加工,主板,20170120
002707.SZ,002707,众信旅游,北京,旅游服务,主板,20140123
300363.SZ,300363,博腾股份,重庆,化学制药,创业板,20140129
300373.SZ,300373,扬杰科技,江苏,半导体,创业板,20140123
601579.SH,601579,会稽山,浙江,红黄酒,主板,20140825
002748.SZ,002748,世龙实业,江西,化工原料,主板,20150319
002705.SZ,002705,新宝股份,广东,家用电器,主板,20140121
300546.SZ,300546,雄帝科技,深圳,IT设备,创业板,20160928
300377.SZ,300377,赢时胜,深圳,软件服务,创业板,20140127
002838.SZ,002838,道恩股份,山东,塑料,主板,20170106
603023.SH,603023,威帝股份,黑龙江,汽车配件,主板,20150527
603609.SH,603609,禾丰股份,辽宁,饲料,主板,20140808
300385.SZ,300385,ST雪浪,江苏,环境保护,创业板,20140626
300820.SZ,300820,英杰电气,四川,电气设备,创业板,20200213
300376.SZ,300376,易事特,广东,电气设备,创业板,20140127
300419.SZ,300419,ST浩丰,北京,软件服务,创业板,20150122
002728.SZ,002728,特一药业,广东,中成药,主板,20140731
002724.SZ,002724,海洋王,深圳,元器件,主板,20141104
002726.SZ,002726,ST龙大,山东,食品,主板,20140626
300380.SZ,300380,安硕信息,上海,软件服务,创业板,20140128
603005.SH,603005,晶方科技,江苏,半导体,主板,20140210
300365.SZ,300365,恒华科技,北京,软件服务,创业板,20140123
300359.SZ,300359,全通教育,广东,文教休闲,创业板,20140121
300399.SZ,300399,天利科技,江西,互联网,创业板,20141009
601326.SH,601326,秦港股份,河北,港口,主板,20170816
603100.SH,603100,川仪股份,重庆,电器仪表,主板,20140805
002905.SZ,002905,金逸影视,广东,影视音像,主板,20171016
002712.SZ,002712,思美传媒,浙江,广告包装,主板,20140123
300386.SZ,300386,飞天诚信,北京,IT设备,创业板,20140626
300405.SZ,300405,科隆股份,辽宁,化工原料,创业板,20141030
300387.SZ,300387,富邦科技,湖北,农药化肥,创业板,20140702
300378.SZ,300378,鼎捷数智,上海,软件服务,创业板,20140127
601865.SH,601865,福莱特,浙江,玻璃,主板,20190215
002773.SZ,002773,康弘药业,四川,化学制药,主板,20150626
300390.SZ,300390,天华新能,江苏,电气设备,创业板,20140731
603099.SH,603099,长白山,吉林,旅游景点,主板,20140822
603111.SH,603111,康尼机电,江苏,运输设备,主板,20140801
000333.SZ,000333,美的集团,广东,家用电器,主板,20130918
600023.SH,600023,浙能电力,浙江,火力发电,主板,20131219
603069.SH,603069,海汽集团,海南,公共交通,主板,20160712
603158.SH,603158,腾龙股份,江苏,汽车配件,主板,20150320
002801.SZ,002801,微光股份,浙江,电气设备,主板,20160622
603117.SH,603117,万林物流,江苏,仓储物流,主板,20150629
603979.SH,603979,金诚信,北京,铜,主板,20150630
300476.SZ,300476,胜宏科技,广东,元器件,创业板,20150611
300527.SZ,300527,ST应急,湖北,专用机械,创业板,20160805
603309.SH,603309,维力医疗,广东,医疗保健,主板,20150302
603997.SH,603997,继峰股份,浙江,汽车配件,主板,20150302
601595.SH,601595,上海电影,上海,影视音像,主板,20160817
002798.SZ,002798,帝欧水华,四川,家居用品,主板,20160525
002802.SZ,002802,洪汇新材,江苏,化工原料,主板,20160629
603389.SH,603389,*ST亚振,江苏,家居用品,主板,20161215
300435.SZ,300435,中泰股份,浙江,供气供热,创业板,20150326
603611.SH,603611,诺力股份,浙江,专用机械,主板,20150128
300491.SZ,300491,通合科技,河北,电气设备,创业板,20151231
603843.SH,603843,*ST正平,青海,建筑工程,主板,20160905
300596.SZ,300596,利安隆,天津,化工原料,创业板,20170119
603010.SH,603010,万盛股份,浙江,化工原料,主板,20141010
603988.SH,603988,中电电机,江苏,电气设备,主板,20141104
300521.SZ,300521,爱司凯,广东,专用机械,创业板,20160705
300579.SZ,300579,数字认证,北京,软件服务,创业板,20161223
002796.SZ,002796,世嘉科技,江苏,通信设备,主板,20160510
603889.SH,603889,新澳股份,浙江,纺织,主板,20141231
002800.SZ,002800,天顺股份,新疆,仓储物流,主板,20160530
300393.SZ,300393,中来股份,江苏,塑料,创业板,20140912
002739.SZ,002739,儒意电影,北京,影视音像,主板,20150122
300421.SZ,300421,力星股份,江苏,机械基件,创业板,20150217
300438.SZ,300438,鹏辉能源,广东,电气设备,创业板,20150424
300430.SZ,300430,*ST益通,北京,电器仪表,创业板,20150319
300475.SZ,300475,香农芯创,安徽,元器件,创业板,20150610
002757.SZ,002757,南兴股份,广东,专用机械,主板,20150527
600909.SH,600909,华安证券,安徽,证券,主板,20161206
603789.SH,603789,*ST星农,浙江,农用机械,主板,20150427
300411.SZ,300411,金盾股份,浙江,专用机械,创业板,20141231
300536.SZ,300536,农尚环境,湖北,建筑工程,创业板,20160920
300505.SZ,300505,川金诺,云南,农药化肥,创业板,20160315
300436.SZ,300436,广生堂,福建,化学制药,创业板,20150422
601211.SH,601211,国泰海通,上海,证券,主板,20150626
603818.SH,603818,曲美家居,北京,家居用品,主板,20150422
002779.SZ,002779,中坚科技,浙江,农用机械,主板,20151209
603701.SH,603701,德宏股份,浙江,汽车配件,主板,20160412
600958.SH,600958,东方证券,上海,证券,主板,20150323
601198.SH,601198,东兴证券,北京,证券,主板,20150226
603355.SH,603355,莱克电气,江苏,家用电器,主板,20150513
603788.SH,603788,宁波高发,浙江,汽车配件,主板,20150120
603828.SH,603828,*ST利达,江苏,装修装饰,主板,20150226
601689.SH,601689,拓普集团,浙江,汽车配件,主板,20150319
601226.SH,601226,华电科工,北京,建筑工程,主板,20141211
603227.SH,603227,雪峰科技,新疆,化工原料,主板,20150515
603030.SH,603030,全筑股份,上海,装修装饰,主板,20150320
603899.SH,603899,晨光股份,上海,文教休闲,主板,20150127
300501.SZ,300501,海顺新材,上海,广告包装,创业板,20160204
603860.SH,603860,中公高科,北京,建筑工程,主板,20170802
300437.SZ,300437,清水源,河南,化工原料,创业板,20150423
300409.SZ,300409,道氏技术,广东,电气设备,创业板,20141203
300467.SZ,300467,迅游科技,四川,互联网,创业板,20150527
300415.SZ,300415,伊之密,广东,专用机械,创业板,20150123
300530.SZ,300530,领湃科技,湖南,电气设备,创业板,20160809
300417.SZ,300417,南华仪器,广东,电器仪表,创业板,20150123
300452.SZ,300452,山河药辅,安徽,化学制药,创业板,20150515
603369.SH,603369,今世缘,江苏,白酒,主板,20140703
603011.SH,603011,合锻智能,安徽,专用机械,主板,20141107
603698.SH,603698,航天工程,北京,专用机械,主板,20150128
601021.SH,601021,春秋航空,上海,空运,主板,20150121
603726.SH,603726,朗迪集团,浙江,家用电器,主板,20160421
603320.SH,603320,迪贝电气,浙江,电气设备,主板,20170502
603013.SH,603013,亚普股份,江苏,汽车配件,主板,20180509
002768.SZ,002768,国恩股份,山东,塑料,主板,20150630
603015.SH,603015,弘讯科技,浙江,电气设备,主板,20150303
603606.SH,603606,东方电缆,浙江,电气设备,主板,20141015
603959.SH,603959,ST百利,湖南,建筑工程,主板,20160517
603696.SH,603696,安记食品,福建,食品,主板,20151209
002730.SZ,002730,电光科技,浙江,专用机械,主板,20141009
002761.SZ,002761,浙江建投,浙江,建筑工程,主板,20150610
002791.SZ,002791,坚朗五金,广东,其他建材,主板,20160329
002732.SZ,002732,燕塘乳业,广东,乳制品,主板,20141205
603368.SH,603368,柳药集团,广西,医药商业,主板,20141204
601828.SH,601828,美凯龙,上海,其他商业,主板,20180117
300463.SZ,300463,迈克生物,四川,医疗保健,创业板,20150528
300523.SZ,300523,辰安科技,北京,软件服务,创业板,20160726
002742.SZ,002742,三圣股份,重庆,水泥,主板,20150217
300455.SZ,300455,航天智装,北京,IT设备,创业板,20150515
603318.SH,603318,水发燃气,辽宁,供气供热,主板,20150424
300449.SZ,300449,汉邦高科,北京,IT设备,创业板,20150422
300443.SZ,300443,金雷股份,山东,电气设备,创业板,20150422
300398.SZ,300398,飞凯材料,上海,化工原料,创业板,20141009
603116.SH,603116,红蜻蜓,浙江,服饰,主板,20150629
603866.SH,603866,桃李面包,辽宁,食品,主板,20151222
002786.SZ,002786,银宝山新,深圳,专用机械,主板,20151223
603730.SH,603730,岱美股份,上海,汽车配件,主板,20170728
600959.SH,600959,江苏有线,江苏,影视音像,主板,20150428
300384.SZ,300384,三联虹普,北京,建筑工程,创业板,20140801
603188.SH,603188,亚邦股份,江苏,染料涂料,主板,20140909
603383.SH,603383,顶点软件,福建,软件服务,主板,20170522
300406.SZ,300406,九强生物,北京,医疗保健,创业板,20141030
002771.SZ,002771,真视通,北京,软件服务,主板,20150629
300441.SZ,300441,鲍斯股份,浙江,机床制造,创业板,20150423
300511.SZ,300511,雪榕生物,上海,种植业,创业板,20160504
300513.SZ,300513,恒实科技,北京,软件服务,创业板,20160530
300448.SZ,300448,浩云科技,广东,软件服务,创业板,20150424
002767.SZ,002767,先锋电子,浙江,电器仪表,主板,20150612
002818.SZ,002818,富森美,四川,其他商业,主板,20161109
603101.SH,603101,汇嘉时代,新疆,百货,主板,20160506
603528.SH,603528,多伦科技,江苏,软件服务,主板,20160503
603883.SH,603883,老百姓,湖南,医药商业,主板,20150423
002735.SZ,002735,王子新材,深圳,塑料,主板,20141203
603885.SH,603885,吉祥航空,上海,空运,主板,20150527
603909.SH,603909,建发合诚,福建,建筑工程,主板,20160628
002780.SZ,002780,三夫户外,北京,服饰,主板,20151209
002741.SZ,002741,光华科技,广东,化工原料,主板,20150216
603017.SH,603017,中衡设计,江苏,建筑工程,主板,20141231
603798.SH,603798,康普顿,山东,石油加工,主板,20160406
300374.SZ,300374,中铁装配,北京,其他建材,创业板,20150319
300418.SZ,300418,昆仑万维,北京,互联网,创业板,20150121
300552.SZ,300552,万集科技,北京,IT设备,创业板,20161021
300429.SZ,300429,强力新材,江苏,化工原料,创业板,20150324
300440.SZ,300440,运达科技,四川,软件服务,创业板,20150423
300407.SZ,300407,凯发电气,天津,电气设备,创业板,20141203
300529.SZ,300529,健帆生物,广东,医疗保健,创业板,20160802
002729.SZ,002729,好利科技,福建,元器件,主板,20140912
603779.SH,603779,威龙股份,山东,红黄酒,主板,20160516
002733.SZ,002733,雄韬股份,深圳,电气设备,主板,20141203
002747.SZ,002747,埃斯顿,江苏,机械基件,主板,20150320
603998.SH,603998,方盛制药,湖南,中成药,主板,20141205
603901.SH,603901,永创智能,浙江,专用机械,主板,20150529
603918.SH,603918,金桥信息,上海,软件服务,主板,20150528
603703.SH,603703,盛洋科技,浙江,元器件,主板,20150423
603567.SH,603567,珍宝岛,黑龙江,中成药,主板,20150424
603608.SH,603608,天创时尚,广东,服饰,主板,20160218
603031.SH,603031,安孚科技,安徽,电气设备,主板,20160822
603520.SH,603520,司太立,浙江,化学制药,主板,20160309
603999.SH,603999,读者传媒,甘肃,出版业,主板,20151210
002755.SZ,002755,奥赛康,北京,化学制药,主板,20150515
300466.SZ,300466,赛摩智能,江苏,电器仪表,创业板,20150528
300469.SZ,300469,信息发展,浙江,软件服务,创业板,20150611
601882.SH,601882,海天精工,浙江,机床制造,主板,20161107
601512.SH,601512,中新集团,江苏,园区开发,主板,20191220
601985.SH,601985,中国核电,北京,新型电力,主板,20150610
601069.SH,601069,西部黄金,新疆,黄金,主板,20150122
002749.SZ,002749,国光股份,四川,农药化肥,主板,20150320
601015.SH,601015,陕西黑猫,陕西,焦炭加工,主板,20141105
002737.SZ,002737,葵花药业,黑龙江,中成药,主板,20141230
603025.SH,603025,大豪科技,北京,纺织机械,主板,20150422
300492.SZ,300492,华图山鼎,四川,文教休闲,创业板,20151223
300479.SZ,300479,神思电子,山东,软件服务,创业板,20150612
300464.SZ,300464,星徽股份,广东,机械基件,创业板,20150610
300424.SZ,300424,航新科技,广东,航空,创业板,20150422
300465.SZ,300465,高伟达,北京,软件服务,创业板,20150528
603969.SH,603969,银龙股份,天津,其他建材,主板,20150227
601811.SH,601811,新华文轩,四川,出版业,主板,20160808
603667.SH,603667,五洲新春,浙江,机械基件,主板,20161025
603660.SH,603660,苏州科达,江苏,IT设备,主板,20161201
002775.SZ,002775,文科股份,广东,建筑工程,主板,20150629
002766.SZ,002766,索菱股份,深圳,汽车配件,主板,20150611
002763.SZ,002763,汇洁股份,深圳,服饰,主板,20150610
601968.SH,601968,宝钢包装,上海,广告包装,主板,20150611
603868.SH,603868,飞科电器,上海,家用电器,主板,20160418
603421.SH,603421,鼎信通讯,山东,通信设备,主板,20161011
603515.SH,603515,欧普照明,上海,家用电器,主板,20160819
603919.SH,603919,金徽酒,甘肃,白酒,主板,20160310
002762.SZ,002762,*ST金比,广东,服饰,主板,20150610
603556.SH,603556,海兴电力,浙江,电器仪表,主板,20161110
601500.SH,601500,通用股份,江苏,汽车配件,主板,20160919
603816.SH,603816,顾家家居,浙江,家居用品,主板,20161014
603569.SH,603569,长久物流,北京,公路,主板,20160810
300480.SZ,300480,光力科技,河南,专用机械,创业板,20150702
300806.SZ,300806,斯迪克,江苏,塑料,创业板,20191125
300486.SZ,300486,东杰智能,山西,专用机械,创业板,20150630
300490.SZ,300490,华自科技,湖南,专用机械,创业板,20151231
300494.SZ,300494,盛天网络,湖北,互联网,创业板,20151231
300489.SZ,300489,光智科技,浙江,专用机械,创业板,20150701
300478.SZ,300478,杭州高新,浙江,塑料,创业板,20150610
300471.SZ,300471,厚普股份,四川,专用机械,创业板,20150611
300472.SZ,300472,*ST新元,江西,专用机械,创业板,20150611
603898.SH,603898,好莱客,广东,家居用品,主板,20150217
603612.SH,603612,索通发展,山东,矿物制品,主板,20170718
600939.SH,600939,重庆建工,重庆,建筑工程,主板,20170221
603558.SH,603558,健盛集团,浙江,纺织,主板,20150127
603090.SH,603090,宏盛股份,江苏,专用机械,主板,20160831
603160.SH,603160,汇顶科技,深圳,半导体,主板,20161017
603012.SH,603012,创力集团,上海,专用机械,主板,20150320
603021.SH,603021,*ST华鹏,山东,家居用品,主板,20150423
603887.SH,603887,城地香江,上海,软件服务,主板,20161010
603663.SH,603663,三祥新材,福建,小金属,主板,20160801
603636.SH,603636,南威软件,福建,软件服务,主板,20141230
002788.SZ,002788,鹭燕医药,福建,医药商业,主板,20160218
603618.SH,603618,杭电股份,浙江,电气设备,主板,20150217
603986.SH,603986,兆易创新,北京,半导体,主板,20160818
603588.SH,603588,高能环境,北京,环境保护,主板,20141229
002760.SZ,002760,凤形股份,江西,机械基件,主板,20150611
002819.SZ,002819,东方中科,北京,电器仪表,主板,20161111
300496.SZ,300496,中科创达,北京,软件服务,创业板,20151210
300555.SZ,300555,ST路通,江苏,通信设备,创业板,20161018
300547.SZ,300547,川环科技,四川,汽车配件,创业板,20160930
300522.SZ,300522,世名科技,江苏,染料涂料,创业板,20160705
300484.SZ,300484,蓝海华腾,深圳,电气设备,创业板,20160322
300432.SZ,300432,富临精工,四川,汽车配件,创业板,20150319
300535.SZ,300535,达威股份,四川,化工原料,创业板,20160812
300534.SZ,300534,陇神戎发,甘肃,中成药,创业板,20160913
300559.SZ,300559,佳发教育,四川,软件服务,创业板,20161101
603118.SH,603118,共进股份,深圳,通信设备,主板,20150225
002793.SZ,002793,罗欣药业,山东,化学制药,主板,20160415
002806.SZ,002806,华锋股份,广东,汽车配件,主板,20160726
002787.SZ,002787,华源控股,江苏,广告包装,主板,20151231
002822.SZ,002822,ST中装,深圳,装修装饰,主板,20161129
002789.SZ,002789,*ST建艺,深圳,装修装饰,主板,20160311
002811.SZ,002811,郑中设计,深圳,装修装饰,主板,20160908
603189.SH,603189,*ST网达,上海,软件服务,主板,20160914
002821.SZ,002821,凯莱英,天津,生物制药,主板,20161118
002809.SZ,002809,红墙股份,广东,化工原料,主板,20160823
002832.SZ,002832,比音勒芬,广东,服饰,主板,20161223
002817.SZ,002817,黄山胶囊,安徽,化学制药,主板,20161025
300433.SZ,300433,蓝思科技,湖南,元器件,创业板,20150318
300462.SZ,300462,ST华铭,上海,IT设备,创业板,20150527
300512.SZ,300512,中亚股份,浙江,专用机械,创业板,20160526
300664.SZ,300664,鹏鹞环保,江苏,环境保护,创业板,20180105
002979.SZ,002979,雷赛智能,深圳,专用机械,主板,20200408
002795.SZ,002795,永和智控,浙江,机械基件,主板,20160428
603718.SH,603718,*ST海利,上海,农业综合,主板,20150515
601900.SH,601900,南方传媒,广东,出版业,主板,20160215
300500.SZ,300500,启迪设计,江苏,建筑工程,创业板,20160204
002790.SZ,002790,瑞尔特,福建,家居用品,主板,20160308
002753.SZ,002753,永东股份,山西,化工原料,主板,20150519
603799.SH,603799,华友钴业,浙江,小金属,主板,20150129
600936.SH,600936,北投科技,广西,软件服务,主板,20160815
300517.SZ,300517,海波重科,湖北,建筑工程,创业板,20160719
603690.SH,603690,至纯科技,上海,半导体,主板,20170113
002758.SZ,002758,浙农股份,浙江,批发业,主板,20150527
002759.SZ,002759,天际股份,广东,电气设备,主板,20150528
603159.SH,603159,上海亚虹,上海,专用机械,主板,20160812
603589.SH,603589,口子窖,安徽,白酒,主板,20150629
601606.SH,601606,长城军工,安徽,专用机械,主板,20180806
300519.SZ,300519,新光药业,浙江,中成药,创业板,20160624
300470.SZ,300470,中密控股,四川,机械基件,创业板,20150612
603317.SH,603317,XD天味食,四川,食品,主板,20190416
603977.SH,603977,国泰集团,江西,化工原料,主板,20161111
300414.SZ,300414,中光防雷,四川,通信设备,创业板,20150513
300425.SZ,300425,中建环能,四川,环境保护,创业板,20150216
300460.SZ,300460,ST惠伦,广东,元器件,创业板,20150515
603900.SH,603900,莱绅通灵,江苏,服饰,主板,20161123
601366.SH,601366,利群股份,山东,百货,主板,20170412
601212.SH,601212,白银有色,甘肃,铜,主板,20170215
300518.SZ,300518,新迅达,广西,互联网,创业板,20160624
300506.SZ,300506,ST名家汇,深圳,建筑工程,创业板,20160324
300533.SZ,300533,冰川网络,深圳,互联网,创业板,20160818
300453.SZ,300453,三鑫医疗,江西,医疗保健,创业板,20150515
002797.SZ,002797,第一创业,深圳,证券,主板,20160511
603060.SH,603060,国检集团,北京,建筑工程,主板,20161109
603367.SH,603367,辰欣药业,山东,化学制药,主板,20170929
603315.SH,603315,福鞍股份,辽宁,环境保护,主板,20150424
603800.SH,603800,洪田股份,江苏,专用机械,主板,20151210
603600.SH,603600,永艺股份,浙江,家居用品,主板,20150123
603936.SH,603936,博敏电子,广东,元器件,主板,20151209
603825.SH,603825,ST华扬,湖南,互联网,主板,20170802
603616.SH,603616,韩建河山,北京,水泥,主板,20150611
002923.SZ,002923,润都股份,广东,化学制药,主板,20180105
300410.SZ,300410,正业科技,广东,专用机械,创业板,20141231
603338.SH,603338,浙江鼎力,浙江,工程机械,主板,20150325
601966.SH,601966,玲珑轮胎,山东,汽车配件,主板,20160706
603018.SH,603018,华设集团,江苏,建筑工程,主板,20141013
300395.SZ,300395,菲利华,湖北,玻璃,创业板,20140910
603222.SH,603222,济民健康,浙江,医疗保健,主板,20150217
603108.SH,603108,润达医疗,上海,医药商业,主板,20150527
002813.SZ,002813,路畅科技,深圳,汽车配件,主板,20161012
003016.SZ,003016,欣贺股份,福建,服饰,主板,20201026
002823.SZ,002823,凯中精密,深圳,机械基件,主板,20161124
601611.SH,601611,中国核建,上海,建筑工程,主板,20160606
300510.SZ,300510,金冠股份,吉林,电气设备,创业板,20160506
300447.SZ,300447,全信股份,江苏,电气设备,创业板,20150422
300420.SZ,300420,五洋自控,江苏,机械基件,创业板,20150217
300516.SZ,300516,久之洋,湖北,电器仪表,创业板,20160602
300364.SZ,300364,中文在线,北京,出版业,创业板,20150121
301130.SZ,301130,西点药业,吉林,化学制药,创业板,20220223
603377.SH,603377,ST东时,北京,汽车服务,主板,20160205
603508.SH,603508,思维列控,河南,IT设备,主板,20151224
300520.SZ,300520,科大国创,安徽,软件服务,创业板,20160708
603929.SH,603929,亚翔集成,江苏,装修装饰,主板,20161230
603022.SH,603022,新通联,上海,广告包装,主板,20150518
603131.SH,603131,上海沪工,上海,专用机械,主板,20160607
002820.SZ,002820,桂发祥,天津,食品,主板,20161118
603085.SH,603085,天成自控,浙江,汽车配件,主板,20150630
603268.SH,603268,松发股份,广东,船舶,主板,20150319
603020.SH,603020,爱普股份,上海,食品,主板,20150325
603198.SH,603198,迎驾贡酒,安徽,白酒,主板,20150528
300485.SZ,300485,赛升药业,北京,生物制药,创业板,20150626
601086.SH,601086,国芳集团,甘肃,百货,主板,20170929
300404.SZ,300404,博济医药,广东,医疗保健,创业板,20150424
603958.SH,603958,哈森股份,江苏,服饰,主板,20160629
603738.SH,603738,泰晶科技,湖北,元器件,主板,20160928
603339.SH,603339,四方科技,江苏,专用机械,主板,20160519
603266.SH,603266,天龙股份,浙江,汽车配件,主板,20170110
300442.SZ,300442,润泽科技,河北,软件服务,创业板,20150424
002731.SZ,002731,ST萃华,辽宁,服饰,主板,20141104
002777.SZ,002777,久远银海,四川,软件服务,主板,20151231
300528.SZ,300528,幸福蓝海,江苏,影视音像,创业板,20160808
300456.SZ,300456,赛微电子,北京,半导体,创业板,20150514
002803.SZ,002803,吉宏股份,福建,互联网,主板,20160712
603939.SH,603939,益丰药房,湖南,医药商业,主板,20150217
300461.SZ,300461,田中精机,浙江,专用机械,创业板,20150519
300416.SZ,300416,苏试试验,江苏,电器仪表,创业板,20150122
300468.SZ,300468,四方精创,深圳,软件服务,创业板,20150527
300572.SZ,300572,安车检测,深圳,电器仪表,创业板,20161206
300423.SZ,300423,昇辉科技,山东,电气设备,创业板,20150217
300537.SZ,300537,广信材料,江苏,染料涂料,创业板,20160830
603306.SH,603306,华懋科技,福建,汽车配件,主板,20140926
603169.SH,603169,兰石重装,甘肃,专用机械,主板,20141009
603859.SH,603859,能科科技,北京,软件服务,主板,20161021
603878.SH,603878,武进不锈,江苏,钢加工,主板,20161219
002772.SZ,002772,众兴菌业,甘肃,种植业,主板,20150626
002828.SZ,002828,贝肯能源,新疆,石油开采,主板,20161208
603033.SH,603033,三维股份,浙江,橡胶,主板,20161207
603311.SH,603311,金海高科,浙江,家用电器,主板,20150518
002856.SZ,002856,*ST美芝,深圳,装修装饰,主板,20170320
603028.SH,603028,赛福天,江苏,钢加工,主板,20160331
603036.SH,603036,如通股份,江苏,专用机械,主板,20161209
603838.SH,603838,*ST四通,广东,家居用品,主板,20150701
300473.SZ,300473,德尔股份,辽宁,汽车配件,创业板,20150612
603602.SH,603602,纵横通信,浙江,通信设备,主板,20170810
300474.SZ,300474,景嘉微,湖南,元器件,创业板,20160331
300482.SZ,300482,万孚生物,广东,医疗保健,创业板,20150630
300497.SZ,300497,富祥药业,江西,化学制药,创业板,20151222
603066.SH,603066,音飞储存,江苏,仓储物流,主板,20150611
603027.SH,603027,千禾味业,四川,食品,主板,20160307
603987.SH,603987,康德莱,上海,医疗保健,主板,20161121
603678.SH,603678,火炬电子,福建,元器件,主板,20150126
601127.SH,601127,赛力斯,重庆,汽车整车,主板,20160615
300549.SZ,300549,优德精密,江苏,专用机械,创业板,20160930
300600.SZ,300600,国瑞科技,江苏,船舶,创业板,20170125
300586.SZ,300586,美联新材,广东,化工原料,创业板,20170104
002829.SZ,002829,星网宇达,北京,航空,主板,20161213
603258.SH,603258,电魂网络,浙江,互联网,主板,20161026
603319.SH,603319,美湖股份,湖南,汽车配件,主板,20161130
603568.SH,603568,伟明环保,浙江,环境保护,主板,20150528
603444.SH,603444,吉比特,福建,互联网,主板,20170104
603029.SH,603029,天鹅股份,山东,农用机械,主板,20160427
002812.SZ,002812,恩捷股份,云南,电气设备,主板,20160914
603639.SH,603639,海利尔,山东,农药化肥,主板,20170112
300422.SZ,300422,博世科,广西,环境保护,创业板,20150217
300542.SZ,300542,新晨科技,北京,软件服务,创业板,20160920
300509.SZ,300509,新美星,江苏,专用机械,创业板,20160425
300499.SZ,300499,高澜股份,广东,专用机械,创业板,20160202
603007.SH,603007,花王股份,江苏,建筑工程,主板,20160826
603658.SH,603658,安图生物,河南,医疗保健,主板,20160901
603822.SH,603822,ST嘉澳,浙江,化工原料,主板,20160428
300503.SZ,300503,昊志机电,广东,机械基件,创业板,20160309
603869.SH,603869,ST智知,广西,软件服务,主板,20150326
603043.SH,603043,广州酒家,广东,食品,主板,20170627
603313.SH,603313,梦百合,江苏,家居用品,主板,20161013
300508.SZ,300508,维宏股份,上海,软件服务,创业板,20160419
300412.SZ,300412,迦南科技,浙江,医疗保健,创业板,20141231
603819.SH,603819,神力股份,江苏,电气设备,主板,20161125
603299.SH,603299,苏盐井神,江苏,食品,主板,20151231
603026.SH,603026,石大胜华,山东,化工原料,主板,20150529
002825.SZ,002825,纳尔股份,上海,化工原料,主板,20161129
300525.SZ,300525,博思软件,福建,软件服务,创业板,20160726
300545.SZ,300545,联得装备,深圳,专用机械,创业板,20160928
300543.SZ,300543,朗科智能,深圳,元器件,创业板,20160908
300531.SZ,300531,优博讯,深圳,IT设备,创业板,20160809
300570.SZ,300570,太辰光,深圳,通信设备,创业板,20161206
600977.SH,600977,中国电影,北京,影视音像,主板,20160809
603300.SH,603300,海南华铁,浙江,多元金融,主板,20150529
603598.SH,603598,引力传媒,北京,互联网,主板,20150527
603019.SH,603019,中科曙光,天津,IT设备,主板,20141106
603689.SH,603689,皖天然气,安徽,供气供热,主板,20170110
002816.SZ,002816,*ST和科,深圳,专用机械,主板,20161025
603519.SH,603519,立霸股份,江苏,家用电器,主板,20150319
002785.SZ,002785,万里石,福建,其他建材,主板,20151223
603067.SH,603067,振华股份,湖北,化工原料,主板,20160913
300665.SZ,300665,飞鹿股份,湖南,染料涂料,创业板,20170613
300573.SZ,300573,兴齐眼药,辽宁,化学制药,创业板,20161208
300428.SZ,300428,立中集团,河北,汽车配件,创业板,20150319
603601.SH,603601,再升科技,重庆,玻璃,主板,20150122
002835.SZ,002835,同为股份,深圳,IT设备,主板,20161228
601878.SH,601878,浙商证券,浙江,证券,主板,20170626
603682.SH,603682,锦和商管,上海,房产服务,主板,20200421
603886.SH,603886,元祖股份,上海,食品,主板,20161228
603858.SH,603858,步长制药,山东,中成药,主板,20161118
002736.SZ,002736,国信证券,深圳,证券,主板,20141229
603345.SH,603345,安井食品,福建,食品,主板,20170222
300426.SZ,300426,华智数媒,浙江,影视音像,创业板,20150217
002765.SZ,002765,蓝黛科技,重庆,元器件,主板,20150612
002810.SZ,002810,山东赫达,山东,化工原料,主板,20160826
300434.SZ,300434,金石亚药,四川,化学制药,创业板,20150424
300539.SZ,300539,横河精密,浙江,塑料,创业板,20160830
300488.SZ,300488,恒锋工具,浙江,机械基件,创业板,20150701
603808.SH,603808,歌力思,深圳,服饰,主板,20150422
603737.SH,603737,三棵树,福建,染料涂料,主板,20160603
603778.SH,603778,国晟科技,北京,电气设备,主板,20151231
300439.SZ,300439,美康生物,浙江,医疗保健,创业板,20150422
603398.SH,603398,*ST沐邦,江西,电气设备,主板,20151209
603223.SH,603223,恒通股份,山东,公路,主板,20150630
603016.SH,603016,新宏泰,江苏,电气设备,主板,20160701
300450.SZ,300450,先导智能,江苏,专用机械,创业板,20150518
300502.SZ,300502,新易盛,四川,通信设备,创业板,20160303
300446.SZ,300446,航天智造,河北,汽车配件,创业板,20150423
603628.SH,603628,清源股份,福建,电气设备,主板,20170112
300427.SZ,300427,红相股份,福建,电气设备,创业板,20150217
300493.SZ,300493,润欣科技,上海,元器件,创业板,20151210
300459.SZ,300459,汤姆猫,浙江,互联网,创业板,20150515
300487.SZ,300487,蓝晓科技,陕西,化工原料,创业板,20150702
300457.SZ,300457,赢合科技,深圳,专用机械,创业板,20150514
603968.SH,603968,醋化股份,江苏,化工原料,主板,20150518
300548.SZ,300548,长芯博创,浙江,通信设备,创业板,20161012
300451.SZ,300451,创业慧康,浙江,软件服务,创业板,20150514
300564.SZ,300564,筑博设计,西藏,建筑工程,创业板,20191108
300560.SZ,300560,中富通,福建,通信设备,创业板,20161101
300561.SZ,300561,*ST汇科,广东,软件服务,创业板,20161117
300550.SZ,300550,和仁科技,浙江,软件服务,创业板,20161018
300394.SZ,300394,天孚通信,江苏,通信设备,创业板,20150217
300938.SZ,300938,信测标准,深圳,电器仪表,创业板,20210127
300556.SZ,300556,丝路视觉,深圳,软件服务,创业板,20161104
300538.SZ,300538,同益股份,深圳,塑料,创业板,20160826
300551.SZ,300551,古鳌科技,上海,软件服务,创业板,20161018
300569.SZ,300569,天能重工,山东,电气设备,创业板,20161125
300631.SZ,300631,久吾高科,江苏,环境保护,创业板,20170323
300515.SZ,300515,三德科技,湖南,电器仪表,创业板,20160608
300553.SZ,300553,集智股份,浙江,电器仪表,创业板,20161021
300847.SZ,300847,中船汉光,河北,化工原料,创业板,20200709
300540.SZ,300540,蜀道装备,四川,专用机械,创业板,20160823
300558.SZ,300558,贝达药业,浙江,化学制药,创业板,20161107
300541.SZ,300541,先进数通,北京,软件服务,创业板,20160913
603559.SH,603559,ST通脉,吉林,通信设备,主板,20161202
601858.SH,601858,中国科传,北京,出版业,主板,20170118
603239.SH,603239,浙江仙通,浙江,汽车配件,主板,20161230
603186.SH,603186,华正新材,浙江,元器件,主板,20170103
603716.SH,603716,塞力医疗,湖北,医药商业,主板,20161031
603888.SH,603888,新华网,北京,互联网,主板,20161028
603416.SH,603416,信捷电气,江苏,电器仪表,主板,20161221
603633.SH,603633,徕木股份,上海,汽车配件,主板,20161117
603098.SH,603098,森特股份,北京,装修装饰,主板,20161216
603669.SH,603669,灵康药业,西藏,化学制药,主板,20150528
601163.SH,601163,三角轮胎,山东,汽车配件,主板,20160909
603505.SH,603505,金石资源,浙江,化工原料,主板,20170503
603708.SH,603708,家家悦,山东,超市连锁,主板,20161213
002865.SZ,002865,钧达股份,海南,电气设备,主板,20170425
002836.SZ,002836,新宏泽,广东,广告包装,主板,20161229
002842.SZ,002842,翔鹭钨业,广东,小金属,主板,20170119
002824.SZ,002824,和胜股份,广东,铝,主板,20170112
603983.SH,603983,丸美生物,广东,日用化工,主板,20190725
603203.SH,603203,快克智能,江苏,专用机械,主板,20161108
603035.SH,603035,常熟汽饰,江苏,汽车配件,主板,20170105
603727.SH,603727,博迈科,天津,石油开采,主板,20161122
300458.SZ,300458,全志科技,广东,半导体,创业板,20150515
300413.SZ,300413,芒果超媒,湖南,影视音像,创业板,20150121
300481.SZ,300481,濮阳惠成,河南,化工原料,创业板,20150630
300408.SZ,300408,三环集团,广东,元器件,创业板,20141203
600908.SH,600908,无锡银行,江苏,银行,主板,20160923
002839.SZ,002839,张家港行,江苏,银行,主板,20170124
601229.SH,601229,上海银行,上海,银行,主板,20161116
603323.SH,603323,苏农银行,江苏,银行,主板,20161129
600919.SH,600919,江苏银行,江苏,银行,主板,20160802
002807.SZ,002807,江阴银行,江苏,银行,主板,20160902
601128.SH,601128,常熟银行,江苏,银行,主板,20160930
601997.SH,601997,贵阳银行,贵州,银行,主板,20160816
600926.SH,600926,杭州银行,浙江,银行,主板,20161027
601838.SH,601838,成都银行,四川,银行,主板,20180131
603322.SH,603322,超讯通信,广东,通信设备,主板,20160728
300582.SZ,300582,英飞特,浙江,元器件,创业板,20161228
300557.SZ,300557,理工光科,湖北,电器仪表,创业板,20161101
603336.SH,603336,宏辉果蔬,广东,农业综合,主板,20161124
300623.SZ,300623,捷捷微电,江苏,半导体,创业板,20170314
002840.SZ,002840,华统股份,浙江,食品,主板,20170110
601881.SH,601881,中国银河,北京,证券,主板,20170123
603797.SH,603797,联泰环保,广东,环境保护,主板,20170413
300563.SZ,300563,神宇股份,江苏,通信设备,创业板,20161114
300624.SZ,300624,万兴科技,西藏,软件服务,创业板,20180118
002833.SZ,002833,弘亚数控,广东,专用机械,主板,20161228
300657.SZ,300657,弘信电子,福建,元器件,创业板,20170523
300562.SZ,300562,乐心医疗,广东,医疗保健,创业板,20161116
300565.SZ,300565,科信技术,深圳,通信设备,创业板,20161122
603585.SH,603585,苏利股份,江苏,农药化肥,主板,20161214
002831.SZ,002831,裕同科技,深圳,广告包装,主板,20161216
002845.SZ,002845,同兴达,深圳,元器件,主板,20170125
603517.SH,603517,ST绝味,湖南,食品,主板,20170317
603990.SH,603990,麦迪科技,江苏,软件服务,主板,20161208
603577.SH,603577,汇金通,山东,电气设备,主板,20161222
603298.SH,603298,杭叉集团,浙江,工程机械,主板,20161227
603668.SH,603668,天马科技,福建,饲料,主板,20170117
603966.SH,603966,法兰泰克,江苏,专用机械,主板,20170125
300587.SZ,300587,天铁科技,浙江,橡胶,创业板,20170105
300575.SZ,300575,中旗股份,江苏,农药化肥,创业板,20161220
300504.SZ,300504,天邑股份,四川,通信设备,创业板,20180330
603833.SH,603833,欧派家居,广东,家居用品,主板,20170328
002837.SZ,002837,英维克,深圳,专用机械,主板,20161229
300686.SZ,300686,智动力,深圳,元器件,创业板,20170804
300566.SZ,300566,激智科技,浙江,元器件,创业板,20161115
300567.SZ,300567,精测电子,湖北,电器仪表,创业板,20161122
002857.SZ,002857,三晖电气,河南,电器仪表,主板,20170323
002848.SZ,002848,*ST高斯,湖南,家用电器,主板,20170213
002841.SZ,002841,视源股份,广东,元器件,主板,20170119
603637.SH,603637,镇海股份,浙江,建筑工程,主板,20170208
603877.SH,603877,太平鸟,浙江,服饰,主板,20170109
603928.SH,603928,兴业股份,江苏,化工原料,主板,20161212
603086.SH,603086,先达股份,山东,农药化肥,主板,20170511
603218.SH,603218,日月股份,浙江,电气设备,主板,20161228
603823.SH,603823,百合花,浙江,染料涂料,主板,20161220
603228.SH,603228,景旺电子,深圳,元器件,主板,20170106
002960.SZ,002960,青鸟智控,河北,专用机械,主板,20190809
300615.SZ,300615,欣天科技,深圳,通信设备,创业板,20170215
603638.SH,603638,艾迪精密,山东,专用机械,主板,20170120
603579.SH,603579,荣泰健康,上海,家用电器,主板,20170111
603677.SH,603677,奇精机械,浙江,家用电器,主板,20170206
002858.SZ,002858,力盛体育,上海,文教休闲,主板,20170324
603177.SH,603177,德创环保,浙江,环境保护,主板,20170207
603538.SH,603538,美诺华,浙江,化学制药,主板,20170407
601020.SH,601020,华钰矿业,西藏,铅锌,主板,20160316
300682.SZ,300682,朗新科技,江苏,软件服务,创业板,20170801
603039.SH,603039,泛微网络,上海,软件服务,主板,20170113
603037.SH,603037,凯众股份,上海,汽车配件,主板,20170120
603811.SH,603811,诚意药业,浙江,化学制药,主板,20170315
601375.SH,601375,中原证券,河南,证券,主板,20170103
603881.SH,603881,数据港,上海,软件服务,主板,20170208
603626.SH,603626,科森科技,江苏,元器件,主板,20170209
002850.SZ,002850,科达利,深圳,电气设备,主板,20170302
002861.SZ,002861,瀛通通讯,湖北,元器件,主板,20170413
300606.SZ,300606,金太阳,广东,机械基件,创业板,20170208
300619.SZ,300619,金银河,广东,专用机械,创业板,20170301
603303.SH,603303,得邦照明,浙江,家用电器,主板,20170330
601228.SH,601228,广州港,广东,港口,主板,20170329
300580.SZ,300580,贝斯特,江苏,汽车配件,创业板,20170111
603358.SH,603358,华达科技,江苏,汽车配件,主板,20170125
603038.SH,603038,华立股份,广东,家居用品,主板,20170116
603040.SH,603040,新坐标,浙江,汽车配件,主板,20170209
300578.SZ,300578,会畅科技,上海,通信设备,创业板,20170125
300571.SZ,300571,平治信息,浙江,互联网,创业板,20161213
300598.SZ,300598,诚迈科技,江苏,软件服务,创业板,20170120
002867.SZ,002867,周大生,深圳,服饰,主板,20170427
603165.SH,603165,荣晟环保,浙江,造纸,主板,20170117
603839.SH,603839,安正时尚,浙江,服饰,主板,20170214
603360.SH,603360,百傲化学,辽宁,农药化肥,主板,20170206
002953.SZ,002953,日丰股份,广东,电气设备,主板,20190509
002855.SZ,002855,捷荣技术,广东,元器件,主板,20170321
603208.SH,603208,江山欧派,浙江,家居用品,主板,20170210
603032.SH,603032,德新科技,新疆,专用机械,主板,20170105
603908.SH,603908,牧高笛,浙江,纺织,主板,20170307
300597.SZ,300597,吉大通信,吉林,通信设备,创业板,20170123
603665.SH,603665,康隆达,浙江,服饰,主板,20170313
300987.SZ,300987,川网传媒,四川,互联网,创业板,20210511
300581.SZ,300581,晨曦航空,陕西,航空,创业板,20161220
300576.SZ,300576,容大感光,深圳,染料涂料,创业板,20161220
300684.SZ,300684,中石科技,北京,元器件,创业板,20171227
000166.SZ,000166,申万宏源,新疆,证券,主板,20150126
603089.SH,603089,正裕工业,浙江,汽车配件,主板,20170126
002846.SZ,002846,英联股份,广东,广告包装,主板,20170207
002847.SZ,002847,盐津铺子,湖南,食品,主板,20170208
300592.SZ,300592,华凯易佰,湖南,互联网,创业板,20170120
603817.SH,603817,海峡环保,福建,环境保护,主板,20170220
300678.SZ,300678,中科信息,四川,软件服务,创业板,20170728
603217.SH,603217,元利科技,山东,化工原料,主板,20190620
603337.SH,603337,杰克科技,浙江,纺织机械,主板,20170119
300568.SZ,300568,星源材质,深圳,化工原料,创业板,20161201
603238.SH,603238,诺邦股份,浙江,纺织,主板,20170222
002853.SZ,002853,皮阿诺,广东,家居用品,主板,20170310
603378.SH,603378,*ST亚士,上海,染料涂料,主板,20170928
603330.SH,603330,天洋新材,上海,塑料,主板,20170213
603615.SH,603615,茶花股份,福建,家居用品,主板,20170213
603656.SH,603656,泰禾智能,安徽,专用机械,主板,20170321
300617.SZ,300617,安靠智电,江苏,电气设备,创业板,20170228
002849.SZ,002849,威星智能,浙江,电器仪表,主板,20170217
600996.SH,600996,贵广网络,贵州,影视音像,主板,20161226
603393.SH,603393,新天然气,新疆,供气供热,主板,20160912
603630.SH,603630,拉芳家化,广东,日用化工,主板,20170313
603955.SH,603955,大千生态,江苏,建筑工程,主板,20170310
300865.SZ,300865,大宏立,四川,专用机械,创业板,20200824
603138.SH,603138,海量数据,北京,软件服务,主板,20170306
603960.SH,603960,克来机电,上海,汽车配件,主板,20170314
603896.SH,603896,寿仙谷,浙江,中成药,主板,20170510
002852.SZ,002852,道道全,湖南,食品,主板,20170310
300659.SZ,300659,中孚信息,山东,IT设备,创业板,20170526
603903.SH,603903,中持股份,北京,环境保护,主板,20170314
603991.SH,603991,至正股份,深圳,半导体,主板,20170308
603768.SH,603768,常青股份,安徽,汽车配件,主板,20170324
300647.SZ,300647,超频三,深圳,化工原料,创业板,20170503
603385.SH,603385,惠达卫浴,河北,家居用品,主板,20170405
002875.SZ,002875,安奈儿,深圳,服饰,主板,20170601
603178.SH,603178,圣龙股份,浙江,汽车配件,主板,20170328
002774.SZ,002774,快意电梯,广东,运输设备,主板,20170324
003002.SZ,003002,壶化股份,山西,化工原料,主板,20200922
603078.SH,603078,江化微,江苏,半导体,主板,20170410
603396.SH,603396,金辰股份,辽宁,专用机械,主板,20171018
002961.SZ,002961,瑞达期货,福建,多元金融,主板,20190905
300867.SZ,300867,圣元环保,福建,环境保护,创业板,20200824
300800.SZ,300800,力合科技,湖南,环境保护,创业板,20191106
603787.SH,603787,新日股份,江苏,摩托车,主板,20170427
603179.SH,603179,新泉股份,江苏,汽车配件,主板,20170317
601952.SH,601952,苏垦农发,江苏,种植业,主板,20170515
603920.SH,603920,世运电路,广东,元器件,主板,20170426
300593.SZ,300593,新雷能,北京,电气设备,创业板,20170113
300577.SZ,300577,开润股份,安徽,纺织,创业板,20161221
603096.SH,603096,新经典,天津,出版业,主板,20170425
603803.SH,603803,瑞斯康达,北京,通信设备,主板,20170420
002862.SZ,002862,实丰文化,广东,文教休闲,主板,20170411
603758.SH,603758,秦安股份,重庆,汽车配件,主板,20170517
603050.SH,603050,XD科林电,河北,电气设备,主板,20170414
002906.SZ,002906,华阳集团,广东,汽车配件,主板,20171013
300958.SZ,300958,建工修复,北京,环境保护,创业板,20210329
300756.SZ,300756,金马游乐,广东,专用机械,创业板,20181228
002878.SZ,002878,元隆雅图,北京,广告包装,主板,20170606
300787.SZ,300787,海能实业,江西,元器件,创业板,20190815
603906.SH,603906,龙蟠科技,江苏,电气设备,主板,20170410
603180.SH,603180,金牌家居,福建,家居用品,主板,20170512
603041.SH,603041,美思德,江苏,化工原料,主板,20170330
603536.SH,603536,惠发食品,山东,食品,主板,20170613
603113.SH,603113,金能科技,山东,化工原料,主板,20170511
300629.SZ,300629,新劲刚,广东,元器件,创业板,20170324
300583.SZ,300583,赛托生物,山东,化学制药,创业板,20170106
002882.SZ,002882,金龙羽,深圳,电气设备,主板,20170717
002868.SZ,002868,*ST绿康,福建,农业综合,主板,20170503
603680.SH,603680,今创集团,江苏,运输设备,主板,20180227
603232.SH,603232,格尔软件,上海,软件服务,主板,20170421
003020.SZ,003020,立方制药,安徽,化学制药,主板,20201215
603269.SH,603269,海鸥股份,江苏,机械基件,主板,20170517
603229.SH,603229,奥翔药业,浙江,化学制药,主板,20170509
603826.SH,603826,坤彩科技,福建,染料涂料,主板,20170414
002859.SZ,002859,洁美科技,浙江,元器件,主板,20170407
603058.SH,603058,永吉股份,贵州,广告包装,主板,20161223
603855.SH,603855,华荣股份,上海,专用机械,主板,20170524
603127.SH,603127,昭衍新药,北京,医疗保健,主板,20170825
002870.SZ,002870,香山股份,广东,汽车配件,主板,20170515
300589.SZ,300589,江龙船艇,广东,船舶,创业板,20170113
300601.SZ,300601,康泰生物,深圳,生物制药,创业板,20170207
002902.SZ,002902,铭普光磁,广东,通信设备,主板,20170929
300585.SZ,300585,奥联电子,江苏,汽车配件,创业板,20161229
603926.SH,603926,铁流股份,浙江,汽车配件,主板,20170510
002860.SZ,002860,星帅尔,浙江,家用电器,主板,20170412
603501.SH,603501,豪威集团,上海,半导体,主板,20170504
603200.SH,603200,上海洗霸,上海,环境保护,主板,20170601
300612.SZ,300612,宣亚国际,北京,广告包装,创业板,20170215
603586.SH,603586,金麒麟,山东,汽车配件,主板,20170406
300868.SZ,300868,杰美特,深圳,元器件,创业板,20200824
300945.SZ,300945,曼卡龙,浙江,服饰,创业板,20210210
603139.SH,603139,康惠股份,陕西,中成药,主板,20170421
002926.SZ,002926,华西证券,四川,证券,主板,20180205
603776.SH,603776,永安行,江苏,公共交通,主板,20170817
603496.SH,603496,恒为科技,上海,IT设备,主板,20170607
002871.SZ,002871,伟隆股份,山东,机械基件,主板,20170511
603728.SH,603728,鸣志电器,上海,电气设备,主板,20170509
002869.SZ,002869,金溢科技,深圳,通信设备,主板,20170515
300588.SZ,300588,熙菱信息,新疆,IT设备,创业板,20170105
300590.SZ,300590,移为通信,上海,通信设备,创业板,20170111
300613.SZ,300613,富瀚微,上海,半导体,创业板,20170220
300618.SZ,300618,寒锐钴业,江苏,小金属,创业板,20170306
300616.SZ,300616,尚品宅配,广东,家居用品,创业板,20170307
002876.SZ,002876,三利谱,深圳,元器件,主板,20170525
002872.SZ,002872,ST天圣,重庆,医药商业,主板,20170519
603717.SH,603717,天域生物,重庆,农业综合,主板,20170327
603879.SH,603879,永悦科技,江苏,化工原料,主板,20170614
603081.SH,603081,大丰实业,浙江,专用机械,主板,20170420
002863.SZ,002863,今飞凯达,浙江,汽车配件,主板,20170418
603721.SH,603721,*ST天择,湖南,影视音像,主板,20170811
300645.SZ,300645,正元智慧,浙江,软件服务,创业板,20170421
300610.SZ,300610,晨化股份,江苏,化工原料,创业板,20170213
300675.SZ,300675,建科院,深圳,建筑工程,创业板,20170719
300638.SZ,300638,广和通,深圳,通信设备,创业板,20170413
300602.SZ,300602,飞荣达,深圳,元器件,创业板,20170126
300996.SZ,300996,普联软件,山东,软件服务,创业板,20210603
300595.SZ,300595,欧普康视,安徽,医疗保健,创业板,20170117
003025.SZ,003025,思进智能,浙江,机床制造,主板,20201211
300584.SZ,300584,海辰药业,江苏,化学制药,创业板,20170112
300599.SZ,300599,雄塑科技,广东,塑料,创业板,20170123
603335.SH,603335,迪生力,广东,汽车配件,主板,20170620
300605.SZ,300605,恒锋信息,福建,软件服务,创业板,20170208
300591.SZ,300591,万里马,广东,服饰,创业板,20170110
300639.SZ,300639,凯普生物,广东,医疗保健,创业板,20170412
300608.SZ,300608,思特奇,北京,软件服务,创业板,20170213
603316.SH,603316,诚邦股份,浙江,建筑工程,主板,20170619
301098.SZ,301098,金埔园林,江苏,建筑工程,创业板,20211112
603331.SH,603331,百达精工,浙江,专用机械,主板,20170705
603856.SH,603856,东宏股份,山东,塑料,主板,20171106
603488.SH,603488,展鹏科技,江苏,运输设备,主板,20170516
603679.SH,603679,华体科技,四川,电气设备,主板,20170621
002965.SZ,002965,祥鑫科技,广东,汽车配件,主板,20191025
601121.SH,601121,宝地矿业,新疆,普钢,主板,20230310
300498.SZ,300498,温氏股份,广东,农业综合,创业板,20151102
603357.SH,603357,设计总院,安徽,建筑工程,主板,20170801
002866.SZ,002866,传艺科技,江苏,IT设备,主板,20170426
603093.SH,603093,南华期货,浙江,多元金融,主板,20190830
603970.SH,603970,中农立华,北京,农药化肥,主板,20171116
002935.SZ,002935,天奥电子,四川,航空,主板,20180903
002877.SZ,002877,智能自控,江苏,机械基件,主板,20170605
002900.SZ,002900,哈三联,黑龙江,化学制药,主板,20170922
002880.SZ,002880,卫光生物,深圳,生物制药,主板,20170616
603063.SH,603063,禾望电气,深圳,电气设备,主板,20170728
605303.SH,605303,园林股份,浙江,建筑工程,主板,20210301
002886.SZ,002886,沃特股份,深圳,塑料,主板,20170627
603387.SH,603387,基蛋生物,江苏,医疗保健,主板,20170717
002879.SZ,002879,长缆科技,湖南,电气设备,主板,20170707
603196.SH,603196,璞源材料,上海,服饰,主板,20170531
603978.SH,603978,深圳新星,深圳,小金属,主板,20170807
601108.SH,601108,财通证券,浙江,证券,主板,20171024
001332.SZ,001332,锡装股份,江苏,专用机械,主板,20220920
603042.SH,603042,华脉科技,江苏,通信设备,主板,20170602
603587.SH,603587,地素时尚,上海,服饰,主板,20180622
002893.SZ,002893,京能热力,北京,供气供热,主板,20170915
603725.SH,603725,天安新材,广东,塑料,主板,20170906
603985.SH,603985,恒润股份,江苏,电气设备,主板,20170505
603619.SH,603619,中曼石油,上海,石油开采,主板,20171117
603938.SH,603938,三孚股份,河北,化工原料,主板,20170628
603711.SH,603711,香飘飘,浙江,软饮料,主板,20171130
603880.SH,603880,南卫股份,江苏,医疗保健,主板,20170807
002884.SZ,002884,凌霄泵业,广东,机械基件,主板,20170711
603767.SH,603767,中马传动,浙江,汽车配件,主板,20170613
603079.SH,603079,圣达生物,浙江,食品,主板,20170823
300622.SZ,300622,博士眼镜,深圳,其他商业,创业板,20170315
300611.SZ,300611,美力科技,浙江,汽车配件,创业板,20170220
300609.SZ,300609,汇纳科技,上海,软件服务,创业板,20170215
300767.SZ,300767,震安科技,云南,橡胶,创业板,20190329
300708.SZ,300708,聚灿光电,江苏,半导体,创业板,20171016
300625.SZ,300625,三雄极光,广东,家用电器,创业板,20170317
300621.SZ,300621,维业股份,深圳,装修装饰,创业板,20170316
301208.SZ,301208,中亦科技,北京,软件服务,创业板,20220707
300661.SZ,300661,圣邦股份,北京,半导体,创业板,20170606
300627.SZ,300627,华测导航,上海,通信设备,创业板,20170321
300626.SZ,300626,华瑞股份,浙江,电气设备,创业板,20170320
300620.SZ,300620,光库科技,广东,通信设备,创业板,20170310
300633.SZ,300633,开立医疗,深圳,医疗保健,创业板,20170406
300628.SZ,300628,亿联网络,福建,通信设备,创业板,20170317
300701.SZ,300701,森霸传感,河南,元器件,创业板,20170915
300908.SZ,300908,仲景食品,河南,食品,创业板,20201123
300695.SZ,300695,兆丰股份,浙江,汽车配件,创业板,20170908
300637.SZ,300637,扬帆新材,浙江,化工原料,创业板,20170412
300603.SZ,300603,立昂技术,新疆,通信设备,创业板,20170126
300635.SZ,300635,中达安,广东,建筑工程,创业板,20170331
300699.SZ,300699,光威复材,山东,化纤,创业板,20170901
301286.SZ,301286,侨源股份,四川,化工原料,创业板,20220614
300636.SZ,300636,同和药业,江西,化学制药,创业板,20170331
300662.SZ,300662,科锐国际,北京,文教休闲,创业板,20170608
300670.SZ,300670,大烨智能,江苏,电气设备,创业板,20170703
300663.SZ,300663,科蓝软件,北京,软件服务,创业板,20170608
300700.SZ,300700,岱勒新材,湖南,矿物制品,创业板,20170912
601155.SH,601155,新城控股,江苏,区域地产,主板,20151204
603055.SH,603055,台华新材,浙江,纺织,主板,20170921
300801.SZ,300801,泰和科技,山东,化工原料,创业板,20191128
603535.SH,603535,嘉诚国际,广东,仓储物流,主板,20170808
603233.SH,603233,大参林,广东,医药商业,主板,20170731
300652.SZ,300652,雷迪克,浙江,汽车配件,创业板,20170516
300648.SZ,300648,星云股份,福建,电气设备,创业板,20170425
300953.SZ,300953,震裕科技,浙江,电气设备,创业板,20210318
300685.SZ,300685,艾德生物,福建,医疗保健,创业板,20170802
301153.SZ,301153,中科江南,北京,软件服务,创业板,20220518
601019.SH,601019,山东出版,山东,出版业,主板,20171122
603289.SH,603289,泰瑞机器,浙江,专用机械,主板,20171031
300643.SZ,300643,万通智控,浙江,汽车配件,创业板,20170505
300837.SZ,300837,浙矿股份,浙江,专用机械,创业板,20200605
300514.SZ,300514,友讯达,深圳,电器仪表,创业板,20170426
300650.SZ,300650,太龙股份,福建,元器件,创业板,20170503
300653.SZ,300653,正海生物,山东,医疗保健,创业板,20170516
300676.SZ,300676,华大基因,深圳,医疗保健,创业板,20170714
603110.SH,603110,东方材料,安徽,染料涂料,主板,20171013
002883.SZ,002883,*ST中设,江苏,建筑工程,主板,20170620
603226.SH,603226,菲林格尔,上海,家居用品,主板,20170615
300963.SZ,300963,中洲特材,上海,小金属,创业板,20210409
603648.SH,603648,畅联股份,上海,仓储物流,主板,20170913
603916.SH,603916,苏博特,江苏,化工原料,主板,20171110
603683.SH,603683,晶华新材,上海,化工原料,主板,20171020
603933.SH,603933,睿能科技,福建,元器件,主板,20170706
002887.SZ,002887,绿茵生态,天津,环境保护,主板,20170801
300690.SZ,300690,双一科技,山东,电气设备,创业板,20170808
300641.SZ,300641,正丹股份,江苏,化工原料,创业板,20170418
300680.SZ,300680,隆盛科技,江苏,汽车配件,创业板,20170725
300604.SZ,300604,长川科技,浙江,半导体,创业板,20170417
300642.SZ,300642,透景生命,上海,医疗保健,创业板,20170421
300658.SZ,300658,延江股份,福建,纺织,创业板,20170602
300651.SZ,300651,金陵体育,江苏,文教休闲,创业板,20170509
300649.SZ,300649,杭州园林,浙江,建筑工程,创业板,20170505
300554.SZ,300554,三超新材,江苏,矿物制品,创业板,20170421
300929.SZ,300929,华骐环保,安徽,环境保护,创业板,20210120
300703.SZ,300703,创源股份,浙江,文教休闲,创业板,20170919
002909.SZ,002909,集泰股份,广东,化工原料,主板,20171026
603286.SH,603286,日盈电子,江苏,汽车配件,主板,20170627
603329.SH,603329,上海雅仕,上海,仓储物流,主板,20171229
603809.SH,603809,豪能股份,四川,汽车配件,主板,20171128
601162.SH,601162,天风证券,湖北,证券,主板,20181019
001979.SZ,001979,招商蛇口,深圳,全国地产,主板,20151230
300666.SZ,300666,江丰电子,浙江,半导体,创业板,20170615
300660.SZ,300660,江苏雷利,江苏,电气设备,创业板,20170602
300667.SZ,300667,必创科技,北京,电器仪表,创业板,20170619
300655.SZ,300655,晶瑞电材,江苏,半导体,创业板,20170523
603757.SH,603757,大元泵业,浙江,机械基件,主板,20170711
002827.SZ,002827,高争民爆,西藏,化工原料,主板,20161209
603326.SH,603326,我乐家居,江苏,家居用品,主板,20170616
603980.SH,603980,吉华集团,浙江,染料涂料,主板,20170615
603813.SH,603813,*ST原尚,广东,公路,主板,20170918
603458.SH,603458,勘设股份,贵州,建筑工程,主板,20170809
603260.SH,603260,合盛硅业,浙江,化工原料,主板,20171030
601619.SH,601619,嘉泽新能,宁夏,新型电力,主板,20170720
002890.SZ,002890,弘宇股份,山东,农用机械,主板,20170802
601949.SH,601949,中国出版,北京,出版业,主板,20170821
603617.SH,603617,君禾股份,浙江,机械基件,主板,20170703
003006.SZ,003006,百亚股份,重庆,造纸,主板,20200921
603882.SH,603882,金域医学,广东,医疗保健,主板,20170908
002826.SZ,002826,易明医药,西藏,化学制药,主板,20161209
300817.SZ,300817,双飞集团,浙江,机械基件,创业板,20200218
300656.SZ,300656,民德电子,深圳,IT设备,创业板,20170519
603136.SH,603136,天目湖,江苏,旅游景点,主板,20170927
300671.SZ,300671,富满微,深圳,半导体,创业板,20170705
300791.SZ,300791,仙乐健康,广东,医疗保健,创业板,20190925
603801.SH,603801,志邦家居,安徽,家居用品,主板,20170630
002888.SZ,002888,惠威科技,广东,元器件,主板,20170721
300888.SZ,300888,稳健医疗,深圳,医疗保健,创业板,20200917
002885.SZ,002885,京泉华,深圳,元器件,主板,20170627
603707.SH,603707,健友股份,江苏,生物制药,主板,20170719
600918.SH,600918,中泰证券,山东,证券,主板,20200603
300693.SZ,300693,盛弘股份,深圳,电气设备,创业板,20170822
300640.SZ,300640,德艺文创,福建,家居用品,创业板,20170417
300761.SZ,300761,立华股份,江苏,农业综合,创业板,20190218
300706.SZ,300706,阿石创,福建,元器件,创业板,20170926
603380.SH,603380,易德龙,江苏,元器件,主板,20170622
002881.SZ,002881,美格智能,深圳,元器件,主板,20170622
002898.SZ,002898,*ST赛隆,广东,化学制药,主板,20170912
603922.SH,603922,ST金鸿顺,江苏,汽车配件,主板,20171023
603305.SH,603305,旭升集团,浙江,汽车配件,主板,20170710
300681.SZ,300681,英搏尔,广东,汽车配件,创业板,20170725
603595.SH,603595,ST东尼,浙江,元器件,主板,20170712
603129.SH,603129,春风动力,浙江,摩托车,主板,20170818
300688.SZ,300688,创业黑马,北京,文教休闲,创业板,20170810
300677.SZ,300677,英科医疗,山东,医疗保健,创业板,20170721
300712.SZ,300712,永福股份,福建,建筑工程,创业板,20171031
002891.SZ,002891,中宠股份,山东,饲料,主板,20170821
603365.SH,603365,水星家纺,上海,纺织,主板,20171120
603106.SH,603106,恒银科技,天津,IT设备,主板,20170920
300668.SZ,300668,杰恩股份,深圳,装修装饰,创业板,20170619
301503.SZ,301503,智迪科技,广东,IT设备,创业板,20230717
300691.SZ,300691,联合光电,广东,元器件,创业板,20170811
300672.SZ,300672,国科微,湖南,半导体,创业板,20170712
300669.SZ,300669,沪宁股份,浙江,运输设备,创业板,20170629
600901.SH,600901,江苏金租,江苏,多元金融,主板,20180301
002897.SZ,002897,意华股份,浙江,元器件,主板,20170907
603500.SH,603500,祥和实业,浙江,运输设备,主板,20170904
002895.SZ,002895,川恒股份,贵州,化工原料,主板,20170825
002901.SZ,002901,大博医疗,福建,医疗保健,主板,20170922
603976.SH,603976,正川股份,重庆,医疗保健,主板,20170822
300683.SZ,300683,海特生物,湖北,生物制药,创业板,20170808
001218.SZ,001218,丽臣实业,湖南,化工原料,主板,20211015
603386.SH,603386,骏亚科技,广东,元器件,主板,20170912
603605.SH,603605,珀莱雅,浙江,日用化工,主板,20171115
603557.SH,603557,*ST起步,浙江,服饰,主板,20170818
603183.SH,603183,建研院,江苏,建筑工程,主板,20170905
603363.SH,603363,傲农生物,福建,饲料,主板,20170926
603181.SH,603181,皇马科技,浙江,化工原料,主板,20170824
603321.SH,603321,梅轮电梯,浙江,运输设备,主板,20170915
300687.SZ,300687,赛意信息,广东,软件服务,创业板,20170803
603076.SH,603076,乐惠国际,浙江,专用机械,主板,20171113
300679.SZ,300679,电连技术,深圳,元器件,创业板,20170731
603083.SH,603083,剑桥科技,上海,通信设备,主板,20171110
605151.SH,605151,西上海,上海,汽车配件,主板,20201215
002892.SZ,002892,科力尔,湖南,电气设备,主板,20170817
002920.SZ,002920,德赛西威,广东,汽车配件,主板,20171226
603087.SH,603087,甘李药业,北京,生物制药,主板,20200629
603499.SH,603499,翔港科技,上海,广告包装,主板,20171016
300723.SZ,300723,一品红,广东,化学制药,创业板,20171116
603659.SH,603659,璞泰来,上海,化工原料,主板,20171103
603283.SH,603283,赛腾股份,江苏,专用机械,主板,20171225
603533.SH,603533,掌阅科技,北京,互联网,主板,20170921
603429.SH,603429,*ST集友,安徽,广告包装,主板,20170124
300689.SZ,300689,澄天伟业,深圳,通信设备,创业板,20170809
600025.SH,600025,华能水电,云南,水力发电,主板,20171215
002970.SZ,002970,锐明技术,深圳,IT设备,主板,20191217
002918.SZ,002918,蒙娜丽莎,广东,陶瓷,主板,20171219
003033.SZ,003033,征和工业,山东,汽车配件,主板,20210111
301428.SZ,301428,世纪恒通,贵州,互联网,创业板,20230519
603967.SH,603967,中创物流,山东,仓储物流,主板,20190429
603103.SH,603103,横店影视,浙江,影视音像,主板,20171012
603709.SH,603709,中源家居,浙江,家居用品,主板,20180208
003036.SZ,003036,泰坦股份,浙江,纺织机械,主板,20210128
605108.SH,605108,同庆楼,安徽,酒店餐饮,主板,20200716
601330.SH,601330,绿色动力,深圳,环境保护,主板,20180611
002919.SZ,002919,名臣健康,广东,互联网,主板,20171218
601068.SH,601068,中铝国际,北京,建筑工程,主板,20180831
605296.SH,605296,神农集团,云南,农业综合,主板,20210528
002921.SZ,002921,联诚精密,山东,汽车配件,主板,20171227
603917.SH,603917,合力科技,浙江,汽车配件,主板,20171204
002903.SZ,002903,宇环数控,湖南,机床制造,主板,20171013
002899.SZ,002899,英派斯,山东,文教休闲,主板,20170915
603214.SH,603214,爱婴室,上海,百货,主板,20180330
002896.SZ,002896,中大力德,浙江,机械基件,主板,20170829
603507.SH,603507,振江股份,江苏,电气设备,主板,20171106
603392.SH,603392,万泰生物,北京,生物制药,主板,20200429
300720.SZ,300720,海川智能,广东,电器仪表,创业板,20171106
300696.SZ,300696,爱乐达,四川,航空,创业板,20170822
300697.SZ,300697,电工合金,江苏,铜,创业板,20170907
301333.SZ,301333,诺思格,北京,医疗保健,创业板,20220802
300717.SZ,300717,华信新材,江苏,塑料,创业板,20171106
300713.SZ,300713,英可瑞,深圳,电气设备,创业板,20171101
300692.SZ,300692,中赋科技,安徽,环境保护,创业板,20170821
300743.SZ,300743,天地数码,浙江,IT设备,创业板,20180427
300949.SZ,300949,奥雅股份,深圳,建筑工程,创业板,20210226
300878.SZ,300878,维康药业,浙江,中成药,创业板,20200824
301026.SZ,301026,浩通科技,江苏,小金属,创业板,20210716
300709.SZ,300709,精研科技,江苏,元器件,创业板,20171019
300730.SZ,300730,科创信息,湖南,软件服务,创业板,20171205
603893.SH,603893,瑞芯微,福建,半导体,主板,20200207
605006.SH,605006,山东玻纤,山东,玻璃,主板,20200903
600968.SH,600968,海油发展,北京,石油开采,主板,20190626
300886.SZ,300886,华业香料,安徽,化工原料,创业板,20200916
603655.SH,603655,朗博科技,江苏,汽车配件,主板,20171229
002908.SZ,002908,德生科技,广东,软件服务,主板,20171020
603829.SH,603829,洛凯股份,江苏,电气设备,主板,20171017
603466.SH,603466,风语筑,上海,文教休闲,主板,20171020
002912.SZ,002912,中新赛克,深圳,IT设备,主板,20171121
603506.SH,603506,南都物业,浙江,房产服务,主板,20180201
001227.SZ,001227,兰州银行,甘肃,银行,主板,20220117
002907.SZ,002907,华森制药,重庆,中成药,主板,20171020
002922.SZ,002922,伊戈尔,广东,电气设备,主板,20171229
300702.SZ,300702,天宇股份,浙江,化学制药,创业板,20170919
603895.SH,603895,天永智能,上海,专用机械,主板,20180122
605136.SH,605136,丽人丽妆,上海,其他商业,主板,20200929
603912.SH,603912,佳力图,江苏,专用机械,主板,20171101
002999.SZ,002999,天禾股份,广东,批发业,主板,20200903
300769.SZ,300769,德方纳米,深圳,化工原料,创业板,20190415
002915.SZ,002915,中欣氟材,浙江,化工原料,主板,20171205
002939.SZ,002939,长城证券,深圳,证券,主板,20181026
300719.SZ,300719,安达维尔,北京,航空,创业板,20171109
002913.SZ,002913,奥士康,湖南,元器件,主板,20171201
002925.SZ,002925,盈趣科技,福建,元器件,主板,20180115
002945.SZ,002945,华林证券,西藏,证券,主板,20190117
603848.SH,603848,好太太,广东,家居用品,主板,20171201
300726.SZ,300726,宏达电子,湖南,元器件,创业板,20171121
300707.SZ,300707,威唐工业,江苏,汽车配件,创业板,20171010
300827.SZ,300827,上能电气,江苏,电气设备,创业板,20200410
002958.SZ,002958,青农商行,山东,银行,主板,20190326
300777.SZ,300777,中简科技,江苏,化纤,创业板,20190516
603607.SH,603607,京华激光,浙江,造纸,主板,20171025
601528.SH,601528,XD瑞丰银,浙江,银行,主板,20210625
603685.SH,603685,晨丰科技,浙江,电气设备,主板,20171127
603661.SH,603661,恒林股份,浙江,家居用品,主板,20171121
603356.SH,603356,华菱精工,安徽,运输设备,主板,20180124
603676.SH,603676,卫信康,西藏,化学制药,主板,20170721
002966.SZ,002966,苏州银行,江苏,银行,主板,20190802
300674.SZ,300674,宇信科技,北京,软件服务,创业板,20181107
601860.SH,601860,紫金银行,江苏,银行,主板,20190103
002910.SZ,002910,庄园牧场,甘肃,乳制品,主板,20171031
300607.SZ,300607,拓斯达,广东,专用机械,创业板,20170209
603578.SH,603578,三星新材,浙江,家用电器,主板,20170306
002948.SZ,002948,青岛银行,山东,银行,主板,20190116
603278.SH,603278,大业股份,山东,钢加工,主板,20171113
600903.SH,600903,贵州燃气,贵州,供气供热,主板,20171107
301017.SZ,301017,漱玉平民,山东,医药商业,创业板,20210705
300710.SZ,300710,万隆光电,浙江,通信设备,创业板,20171019
300943.SZ,300943,春晖智控,浙江,机械基件,创业板,20210210
300731.SZ,300731,科创新源,深圳,橡胶,创业板,20171208
300727.SZ,300727,润禾材料,浙江,化工原料,创业板,20171127
300711.SZ,300711,广哈通信,广东,通信设备,创业板,20171101
601456.SH,601456,国联民生,江苏,证券,主板,20200731
301028.SZ,301028,鼎熔岩,福建,专用机械,创业板,20210720
603871.SH,603871,嘉友国际,北京,仓储物流,主板,20180206
002936.SZ,002936,郑州银行,河南,银行,主板,20180919
002917.SZ,002917,金奥博,深圳,化工原料,主板,20171208
603580.SH,603580,*ST艾艾,上海,塑料,主板,20170525
300738.SZ,300738,奥飞数据,广东,软件服务,创业板,20180119
300718.SZ,300718,长盛轴承,浙江,机械基件,创业板,20171106
002864.SZ,002864,盘龙药业,陕西,中成药,主板,20171116
605158.SH,605158,华达新材,浙江,钢加工,主板,20200805
603590.SH,603590,康辰药业,北京,生物制药,主板,20180827
603161.SH,603161,科华控股,江苏,汽车配件,主板,20180105
603059.SH,603059,倍加洁,江苏,日用化工,主板,20180302
600928.SH,600928,西安银行,陕西,银行,主板,20190301
603109.SH,603109,神驰机电,重庆,电气设备,主板,20191231
300829.SZ,300829,金丹科技,河南,食品,创业板,20200422
002989.SZ,002989,中天精装,深圳,装修装饰,主板,20200610
002916.SZ,002916,深南电路,深圳,元器件,主板,20171213
603379.SH,603379,三美股份,浙江,化工原料,主板,20190402
300721.SZ,300721,怡达股份,江苏,化工原料,创业板,20171115
300732.SZ,300732,设研院,河南,建筑工程,创业板,20171212
300733.SZ,300733,西菱动力,四川,汽车配件,创业板,20180116
300634.SZ,300634,彩讯股份,深圳,软件服务,创业板,20180323
300735.SZ,300735,光弘科技,广东,元器件,创业板,20171229
002928.SZ,002928,华夏航空,贵州,空运,主板,20180302
300722.SZ,300722,新余国科,江西,航空,创业板,20171110
300968.SZ,300968,格林精密,广东,元器件,创业板,20210415
300807.SZ,300807,天迈科技,河南,软件服务,创业板,20191219
603949.SH,603949,雪龙集团,浙江,汽车配件,主板,20200310
603486.SH,603486,科沃斯,江苏,家用电器,主板,20180528
300632.SZ,300632,光莆股份,福建,半导体,创业板,20170406
300715.SZ,300715,凯伦股份,江苏,其他建材,创业板,20171026
601200.SH,601200,上海环境,上海,环境保护,主板,20170331
300773.SZ,300773,拉卡拉,北京,软件服务,创业板,20190425
300737.SZ,300737,科顺股份,广东,其他建材,创业板,20180125
603225.SH,603225,新凤鸣,浙江,化纤,主板,20170418
002995.SZ,002995,天地在线,北京,互联网,主板,20200805
300725.SZ,300725,药石科技,江苏,化学制药,创业板,20171110
601990.SH,601990,南京证券,江苏,证券,主板,20180613
603733.SH,603733,仙鹤股份,浙江,造纸,主板,20180420
603897.SH,603897,长城科技,浙江,电气设备,主板,20180410
603890.SH,603890,春秋电子,江苏,元器件,主板,20171212
603666.SH,603666,亿嘉和,江苏,专用机械,主板,20180612
002978.SZ,002978,安宁股份,四川,小金属,主板,20200417
603596.SH,603596,DR伯特利,安徽,汽车配件,主板,20180427
300962.SZ,300962,中金辐照,深圳,医疗保健,创业板,20210409
300786.SZ,300786,国林科技,山东,环境保护,创业板,20190723
300848.SZ,300848,美瑞新材,山东,化工原料,创业板,20200720
300781.SZ,300781,因赛集团,广东,广告包装,创业板,20190606
002873.SZ,002873,新天药业,贵州,中成药,主板,20170519
300745.SZ,300745,欣锐科技,深圳,汽车配件,创业板,20180523
300783.SZ,300783,三只松鼠,安徽,食品,创业板,20190712
300785.SZ,300785,值得买,北京,互联网,创业板,20190715
300740.SZ,300740,水羊股份,湖南,日用化工,创业板,20180208
603477.SH,603477,巨星农牧,四川,农业综合,主板,20171218
300810.SZ,300810,中科海讯,北京,船舶,创业板,20191206
300724.SZ,300724,捷佳伟创,深圳,专用机械,创业板,20180810
300936.SZ,300936,中英科技,江苏,元器件,创业板,20210126
003003.SZ,003003,天元股份,广东,广告包装,主板,20200921
300935.SZ,300935,盈建科,北京,软件服务,创业板,20210120
300673.SZ,300673,佩蒂股份,浙江,饲料,创业板,20170711
603105.SH,603105,芯能科技,浙江,电气设备,主板,20180709
002981.SZ,002981,朝阳科技,广东,元器件,主板,20200417
301380.SZ,301380,挖金客,北京,软件服务,创业板,20221025
603722.SH,603722,阿科力,江苏,化工原料,主板,20171025
301469.SZ,301469,恒达新材,浙江,造纸,创业板,20230822
603516.SH,603516,淳中科技,北京,IT设备,主板,20180202
300760.SZ,300760,迈瑞医疗,深圳,医疗保健,创业板,20181016
605266.SH,605266,健之佳,云南,医药商业,主板,20201201
603301.SH,603301,振德医疗,浙江,医疗保健,主板,20180412
002931.SZ,002931,锋龙股份,浙江,机械基件,主板,20180403
300771.SZ,300771,智莱科技,深圳,IT设备,创业板,20190422
300644.SZ,300644,南京聚隆,江苏,塑料,创业板,20180206
603773.SH,603773,沃格光电,江西,元器件,主板,20180417
603279.SH,603279,景津装备,山东,环境保护,主板,20190729
300749.SZ,300749,顶固集创,广东,家居用品,创业板,20180925
300788.SZ,300788,中信出版,北京,出版业,创业板,20190705
300752.SZ,300752,隆利科技,深圳,元器件,创业板,20181130
300739.SZ,300739,明阳电路,深圳,元器件,创业板,20180201
300883.SZ,300883,龙利得,安徽,造纸,创业板,20200910
603700.SH,603700,宁水集团,浙江,电器仪表,主板,20190122
301062.SZ,301062,上海艾录,上海,广告包装,创业板,20210914
603150.SH,603150,万朗磁塑,安徽,塑料,主板,20220124
603267.SH,603267,鸿远电子,北京,元器件,主板,20190515
002927.SZ,002927,泰永长征,贵州,电气设备,主板,20180223
603256.SH,603256,宏和科技,上海,玻璃,主板,20190719
301076.SZ,301076,新瀚新材,江苏,化工原料,创业板,20211011
300853.SZ,300853,申昊科技,浙江,专用机械,创业板,20200724
300747.SZ,300747,锐科激光,湖北,专用机械,创业板,20180625
300741.SZ,300741,华宝股份,西藏,食品,创业板,20180301
300839.SZ,300839,博汇股份,浙江,石油加工,创业板,20200630
605178.SH,605178,时空科技,北京,装修装饰,主板,20200821
603706.SH,603706,东方环宇,新疆,供气供热,主板,20180709
603353.SH,603353,和顺石油,湖南,石油贸易,主板,20200407
301035.SZ,301035,润丰股份,山东,农药化肥,创业板,20210728
300894.SZ,300894,火星人,浙江,家用电器,创业板,20201231
300698.SZ,300698,万马科技,浙江,通信设备,创业板,20170831
603220.SH,603220,中贝通信,湖北,通信设备,主板,20181115
300751.SZ,300751,迈为股份,江苏,专用机械,创业板,20181109
300768.SZ,300768,迪普科技,浙江,软件服务,创业板,20190412
300915.SZ,300915,海融科技,上海,乳制品,创业板,20201202
605098.SH,605098,行动教育,上海,文教休闲,主板,20210421
603693.SH,603693,江苏新能,江苏,新型电力,主板,20180703
002992.SZ,002992,宝明科技,深圳,元器件,主板,20200803
300849.SZ,300849,锦盛新材,浙江,塑料,创业板,20200710
601869.SH,601869,长飞光纤,湖北,通信设备,主板,20180720
300897.SZ,300897,山科智能,浙江,电器仪表,创业板,20200928
601066.SH,601066,中信建投,北京,证券,主板,20180620
300902.SZ,300902,国安达,福建,专用机械,创业板,20201029
002942.SZ,002942,新农股份,浙江,农药化肥,主板,20181205
301018.SZ,301018,申菱环境,广东,专用机械,创业板,20210707
300899.SZ,300899,*ST凯鑫,上海,环境保护,创业板,20201016
603681.SH,603681,永冠新材,上海,化工原料,主板,20190326
603755.SH,603755,日辰股份,山东,食品,主板,20190828
300758.SZ,300758,七彩化学,辽宁,染料涂料,创业板,20190222
603297.SH,603297,永新光学,浙江,元器件,主板,20180910
300757.SZ,300757,罗博特科,江苏,专用机械,创业板,20190108
300694.SZ,300694,蠡湖股份,江苏,汽车配件,创业板,20181015
603650.SH,603650,彤程新材,上海,化工原料,主板,20180627
301335.SZ,301335,天元宠物,浙江,文教休闲,创业板,20221118
605088.SH,605088,冠盛股份,浙江,汽车配件,主板,20200817
301258.SZ,301258,富士莱,江苏,化学制药,创业板,20220329
002940.SZ,002940,昂利康,浙江,化学制药,主板,20181023
002937.SZ,002937,兴瑞科技,浙江,元器件,主板,20180926
300759.SZ,300759,康龙化成,北京,化学制药,创业板,20190128
603629.SH,603629,利通电子,江苏,元器件,主板,20181224
603810.SH,603810,丰山集团,江苏,农药化肥,主板,20180917
603876.SH,603876,鼎胜新材,江苏,铝,主板,20180418
603527.SH,603527,众源新材,安徽,铜,主板,20170907
603713.SH,603713,密尔克卫,上海,仓储物流,主板,20180713
300877.SZ,300877,金春股份,安徽,纺织,创业板,20200824
300896.SZ,300896,爱美客,北京,医疗保健,创业板,20200928
300981.SZ,300981,中红医疗,河北,医疗保健,创业板,20210427
300753.SZ,300753,爱朋医疗,江苏,医疗保健,创业板,20181213
603739.SH,603739,蔚蓝生物,山东,农业综合,主板,20190116
603121.SH,603121,华培动力,上海,汽车配件,主板,20190111
301226.SZ,301226,祥明智能,江苏,电气设备,创业板,20220325
603192.SH,603192,汇得科技,上海,化工原料,主板,20180828
300775.SZ,300775,三角防务,陕西,航空,创业板,20190521
002941.SZ,002941,新疆交建,新疆,建筑工程,主板,20181128
601236.SH,601236,红塔证券,云南,证券,主板,20190705
603790.SH,603790,雅运股份,上海,染料涂料,主板,20180912
603915.SH,603915,国茂股份,江苏,机械基件,主板,20190614
301505.SZ,301505,苏州规划,江苏,建筑工程,创业板,20230719
603277.SH,603277,银都股份,浙江,专用机械,主板,20170911
603657.SH,603657,春光科技,浙江,家用电器,主板,20180730
603662.SH,603662,柯力传感,浙江,电器仪表,主板,20190806
300748.SZ,300748,金力永磁,江西,矿物制品,创业板,20180921
603259.SH,603259,药明康德,江苏,化学制药,主板,20180508
605183.SH,605183,确成股份,江苏,化工原料,主板,20201207
300776.SZ,300776,帝尔激光,湖北,专用机械,创业板,20190517
301042.SZ,301042,安联锐视,广东,IT设备,创业板,20210805
300654.SZ,300654,世纪天鸿,山东,出版业,创业板,20170926
300705.SZ,300705,九典制药,湖南,化学制药,创业板,20171010
300818.SZ,300818,耐普矿机,江西,专用机械,创业板,20200212
603080.SH,603080,新疆火炬,新疆,供气供热,主板,20180103
603697.SH,603697,有友食品,重庆,食品,主板,20190508
300835.SZ,300835,龙磁科技,安徽,矿物制品,创业板,20200525
300454.SZ,300454,深信服,深圳,软件服务,创业板,20180516
300811.SZ,300811,铂科新材,深圳,矿物制品,创业板,20191230
301266.SZ,301266,宇邦新材,江苏,电气设备,创业板,20220608
003010.SZ,003010,若羽臣,广东,互联网,主板,20200925
001210.SZ,001210,金房能源,北京,供气供热,主板,20210729
603937.SH,603937,丽岛新材,江苏,铝,主板,20171102
003012.SZ,003012,东鹏控股,广东,陶瓷,主板,20201019
300960.SZ,300960,通业科技,深圳,运输设备,创业板,20210329
300828.SZ,300828,锐新科技,天津,机械基件,创业板,20200421
300716.SZ,300716,*ST泉为,广东,塑料,创业板,20171109
600933.SH,600933,爱柯迪,浙江,汽车配件,主板,20171117
300766.SZ,300766,每日互动,浙江,互联网,创业板,20190325
601319.SH,601319,中国人保,北京,保险,主板,20181116
002952.SZ,002952,亚世光电,辽宁,元器件,主板,20190328
002946.SZ,002946,新乳业,四川,乳制品,主板,20190125
603332.SH,603332,苏州龙杰,江苏,化纤,主板,20190117
002947.SZ,002947,恒铭达,江苏,元器件,主板,20190201
300780.SZ,300780,德恩精工,四川,机械基件,创业板,20190531
300778.SZ,300778,新城市,深圳,建筑工程,创业板,20190510
301263.SZ,301263,泰恩康,广东,医药商业,创业板,20220329
603613.SH,603613,国联股份,北京,互联网,主板,20190730
002967.SZ,002967,广电计量,广东,电器仪表,主板,20191108
601298.SH,601298,青岛港,山东,港口,主板,20190121
300845.SZ,300845,捷安高科,河南,软件服务,创业板,20200703
300859.SZ,300859,西域旅游,新疆,旅游服务,创业板,20200806
300795.SZ,300795,米奥会展,浙江,文教休闲,创业板,20191022
300762.SZ,300762,上海瀚讯,上海,通信设备,创业板,20190314
301191.SZ,301191,菲菱科思,深圳,通信设备,创业板,20220526
300890.SZ,300890,翔丰华,上海,电气设备,创业板,20200917
001330.SZ,001330,博纳影业,新疆,影视音像,主板,20220818
603068.SH,603068,博通集成,上海,半导体,主板,20190415
301591.SZ,301591,肯特股份,江苏,塑料,创业板,20240228
002996.SZ,002996,顺博合金,重庆,铝,主板,20200828
002943.SZ,002943,宇晶股份,湖南,机床制造,主板,20181129
300772.SZ,300772,运达股份,浙江,电气设备,创业板,20190426
300803.SZ,300803,指南针,北京,软件服务,创业板,20191118
300832.SZ,300832,新产业,深圳,医疗保健,创业板,20200512
300763.SZ,300763,锦浪科技,浙江,电气设备,创业板,20190319
001296.SZ,001296,长江材料,重庆,其他建材,主板,20211224
300736.SZ,300736,百邦科技,北京,通信设备,创业板,20180109
601916.SH,601916,浙商银行,浙江,银行,主板,20191126
002938.SZ,002938,鹏鼎控股,深圳,元器件,主板,20180918
300750.SZ,300750,宁德时代,福建,电气设备,创业板,20180611
300789.SZ,300789,唐源电气,四川,运输设备,创业板,20190828
002950.SZ,002950,奥美医疗,湖北,医疗保健,主板,20190311
603351.SH,603351,威尔药业,江苏,化学制药,主板,20190130
603045.SH,603045,福达合金,浙江,小金属,主板,20180517
002949.SZ,002949,华阳国际,深圳,建筑工程,主板,20190226
601187.SH,601187,厦门银行,福建,银行,主板,20201027
301419.SZ,301419,阿莱德,上海,通信设备,创业板,20230209
300594.SZ,300594,ST朗进,山东,运输设备,创业板,20190621
603348.SH,603348,文灿股份,广东,汽车配件,主板,20180426
003004.SZ,003004,*ST声迅,北京,IT设备,主板,20201126
603583.SH,603583,捷昌驱动,浙江,电气设备,主板,20180921
601577.SH,601577,长沙银行,湖南,银行,主板,20180926
001965.SZ,001965,招商公路,天津,路桥,主板,20171225
301302.SZ,301302,华如科技,北京,软件服务,创业板,20220623
001201.SZ,001201,东瑞股份,广东,农业综合,主板,20210428
300770.SZ,300770,新媒股份,广东,影视音像,创业板,20190419
603863.SH,603863,松炀资源,广东,造纸,主板,20190621
002951.SZ,002951,金时科技,四川,广告包装,主板,20190315
603712.SH,603712,七一二,天津,通信设备,主板,20180226
300779.SZ,300779,惠城环保,山东,环境保护,创业板,20190522
603187.SH,603187,海容冷链,山东,机械基件,主板,20181129
300970.SZ,300970,华绿生物,江苏,种植业,创业板,20210412
002956.SZ,002956,西麦食品,广西,食品,主板,20190619
300813.SZ,300813,泰林生物,浙江,医疗保健,创业板,20200114
002929.SZ,002929,润建股份,广西,通信设备,主板,20180301
600929.SH,600929,雪天盐业,湖南,食品,主板,20180326
002932.SZ,002932,*ST明德,湖北,医疗保健,主板,20180710
300765.SZ,300765,新诺威,河北,食品,创业板,20190322
300912.SZ,300912,凯龙高科,江苏,汽车配件,创业板,20201207
300798.SZ,300798,锦鸡股份,江苏,染料涂料,创业板,20191122
300824.SZ,300824,北鼎股份,深圳,家用电器,创业板,20200619
002957.SZ,002957,科瑞技术,深圳,专用机械,主板,20190726
603927.SH,603927,中科软,北京,软件服务,主板,20190909
001236.SZ,001236,弘业期货,江苏,多元金融,主板,20220805
601698.SH,601698,中国卫通,北京,电信运营,主板,20190628
603867.SH,603867,新化股份,浙江,化工原料,主板,20190627
603687.SH,603687,大胜达,浙江,广告包装,主板,20190726
603212.SH,603212,赛伍技术,江苏,塑料,主板,20200430
603236.SH,603236,移远通信,上海,通信设备,主板,20190716
603327.SH,603327,福蓉科技,四川,元器件,主板,20190523
603956.SH,603956,威派格,上海,专用机械,主板,20190222
600989.SH,600989,宝丰能源,宁夏,化工原料,主板,20190516
603115.SH,603115,海星股份,江苏,铝,主板,20190809
603982.SH,603982,泉峰汽车,江苏,汽车配件,主板,20190522
603786.SH,603786,科博达,上海,汽车配件,主板,20191015
301168.SZ,301168,通灵股份,江苏,电气设备,创业板,20211210
603530.SH,603530,神马电力,江苏,电气设备,主板,20190805
300823.SZ,300823,建科智能,天津,专用机械,创业板,20200319
300851.SZ,300851,交大思诺,北京,运输设备,创业板,20200717
601077.SH,601077,渝农商行,重庆,银行,主板,20191029
002930.SZ,002930,宏川智慧,广东,仓储物流,主板,20180328
002982.SZ,002982,湘佳股份,湖南,农业综合,主板,20200424
601138.SH,601138,工业富联,深圳,通信设备,主板,20180608
601615.SH,601615,明阳智能,广东,电气设备,主板,20190123
300782.SZ,300782,卓胜微,江苏,半导体,创业板,20190618
301015.SZ,301015,百洋医药,山东,医药商业,创业板,20210630
603992.SH,603992,松霖科技,福建,家居用品,主板,20190826
300792.SZ,300792,壹网壹创,浙江,互联网,创业板,20190927
002962.SZ,002962,五方光电,湖北,元器件,主板,20190917
002984.SZ,002984,森麒麟,山东,汽车配件,主板,20200911
605299.SH,605299,舒华体育,福建,文教休闲,主板,20201215
002933.SZ,002933,新兴装备,北京,航空,主板,20180828
300790.SZ,300790,宇瞳光学,广东,元器件,创业板,20190920
002959.SZ,002959,小熊电器,广东,家用电器,主板,20190823
300796.SZ,300796,贝斯美,浙江,农药化肥,创业板,20191115
603815.SH,603815,交建股份,安徽,建筑工程,主板,20191021
603551.SH,603551,奥普科技,浙江,家居用品,主板,20200115
601963.SH,601963,重庆银行,重庆,银行,主板,20210205
002955.SZ,002955,鸿合科技,深圳,IT设备,主板,20190523
603995.SH,603995,甬金股份,浙江,特种钢,主板,20191224
300860.SZ,300860,锋尚文化,北京,文教休闲,创业板,20200824
603053.SH,603053,成都燃气,四川,供气供热,主板,20191217
300797.SZ,300797,钢研纳克,北京,电器仪表,创业板,20191101
300805.SZ,300805,电声股份,广东,广告包装,创业板,20191121
002963.SZ,002963,豪尔赛,北京,装修装饰,主板,20191028
300793.SZ,300793,佳禾智能,广东,IT设备,创业板,20191018
002973.SZ,002973,侨银股份,广东,环境保护,主板,20200106
003816.SZ,003816,中国广核,深圳,新型电力,主板,20190826
603529.SH,603529,爱玛科技,天津,摩托车,主板,20210615
603489.SH,603489,八方股份,江苏,电气设备,主板,20191111
300808.SZ,300808,久量股份,湖北,家用电器,创业板,20191129
603390.SH,603390,通达电气,广东,汽车配件,主板,20191125
605368.SH,605368,蓝天燃气,河南,供气供热,主板,20210129
002969.SZ,002969,嘉美包装,安徽,广告包装,主板,20191202
300869.SZ,300869,康泰医学,河北,医疗保健,创业板,20200824
300819.SZ,300819,聚杰微纤,江苏,纺织,创业板,20200312
603719.SH,603719,良品铺子,湖北,食品,主板,20200224
605339.SH,605339,南侨食品,上海,食品,主板,20210518
300802.SZ,300802,矩子科技,上海,专用机械,创业板,20191114
003043.SZ,003043,华亚智能,江苏,半导体,主板,20210406
603950.SH,603950,长源东谷,湖北,汽车配件,主板,20200526
002968.SZ,002968,新大正,重庆,房产服务,主板,20191203
603610.SH,603610,麒盛科技,浙江,家居用品,主板,20191029
301020.SZ,301020,密封科技,山东,汽车配件,创业板,20210706
300809.SZ,300809,华辰装备,江苏,机床制造,创业板,20191204
002971.SZ,002971,和远气体,湖北,化工原料,主板,20200113
601609.SH,601609,金田股份,浙江,铜,主板,20200422
300825.SZ,300825,阿尔特,北京,汽车服务,创业板,20200327
603195.SH,603195,公牛集团,浙江,家用电器,主板,20200206
605090.SH,605090,九丰能源,江西,供气供热,主板,20210525
300815.SZ,300815,玉禾田,安徽,环境保护,创业板,20200123
002972.SZ,002972,科安达,深圳,运输设备,主板,20191227
300816.SZ,300816,艾可蓝,安徽,汽车配件,创业板,20200210
002977.SZ,002977,*ST天箭,四川,通信设备,主板,20200317
603290.SH,603290,斯达半导,浙江,半导体,主板,20200204
603948.SH,603948,建业股份,浙江,化工原料,主板,20200302
300858.SZ,300858,科拓生物,北京,食品,创业板,20200727
600956.SH,600956,新天绿能,河北,供气供热,主板,20200629
002980.SZ,002980,华盛昌,深圳,电器仪表,主板,20200415
300830.SZ,300830,金现代,山东,软件服务,创业板,20200506
300826.SZ,300826,测绘股份,江苏,建筑工程,创业板,20200403
300898.SZ,300898,熊猫乳品,浙江,乳制品,创业板,20201016
605128.SH,605128,上海沿浦,上海,汽车配件,主板,20200915
300812.SZ,300812,易天股份,深圳,专用机械,创业板,20200109
300821.SZ,300821,东岳硅材,山东,化工原料,创业板,20200312
300892.SZ,300892,品渥食品,上海,乳制品,创业板,20200924
300928.SZ,300928,华安鑫创,北京,汽车配件,创业板,20210106
300861.SZ,300861,美畅股份,陕西,矿物制品,创业板,20200824
605289.SH,605289,罗曼股份,上海,建筑工程,主板,20210426
601696.SH,601696,中银证券,上海,证券,主板,20200226
002975.SZ,002975,博杰股份,广东,专用机械,主板,20200205
605111.SH,605111,新洁能,江苏,半导体,主板,20200928
605358.SH,605358,立昂微,浙江,半导体,主板,20200911
603221.SH,603221,爱丽家居,江苏,家居用品,主板,20200323
300833.SZ,300833,浩洋股份,广东,专用机械,创业板,20200520
605198.SH,605198,安德利,山东,软饮料,主板,20200918
603439.SH,603439,三力制药,贵州,中成药,主板,20200428
300840.SZ,300840,酷特智能,山东,服饰,创业板,20200708
300831.SZ,300831,派瑞股份,陕西,半导体,创业板,20200507
002985.SZ,002985,北摩高科,北京,航空,主板,20200429
601975.SH,601975,招商南油,江苏,水运,主板,20190108
605333.SH,605333,沪光股份,江苏,汽车配件,主板,20200818
601827.SH,601827,三峰环境,重庆,环境保护,主板,20200605
601778.SH,601778,晶科科技,江西,新型电力,主板,20200519
601702.SH,601702,华峰铝业,上海,铝,主板,20200907
605288.SH,605288,凯迪股份,江苏,电气设备,主板,20200601
300836.SZ,300836,佰奥智能,江苏,专用机械,创业板,20200528
002976.SZ,002976,瑞玛精密,江苏,汽车配件,主板,20200306
001313.SZ,001313,粤海饲料,广东,饲料,主板,20220216
300842.SZ,300842,帝科股份,江苏,电气设备,创业板,20200618
002983.SZ,002983,芯瑞达,安徽,元器件,主板,20200428
300841.SZ,300841,康华生物,四川,生物制药,创业板,20200616
300838.SZ,300838,浙江力诺,浙江,机械基件,创业板,20200608
601598.SH,601598,中国外运,北京,仓储物流,主板,20190118
300822.SZ,300822,贝仕达克,深圳,元器件,创业板,20200313
003008.SZ,003008,开普检测,河南,电气设备,主板,20200923
688526.SH,688526,科前生物,湖北,农业综合,科创板,20200922
688005.SH,688005,容百科技,浙江,电气设备,科创板,20190722
688499.SH,688499,利元亨,广东,专用机械,科创板,20210701
688218.SH,688218,江苏北人,江苏,专用机械,科创板,20191211
688116.SH,688116,天奈科技,江苏,化工原料,科创板,20190925
688002.SH,688002,睿创微纳,山东,通信设备,科创板,20190722
688099.SH,688099,晶晨股份,上海,半导体,科创板,20190808
300843.SZ,300843,胜蓝股份,广东,元器件,创业板,20200702
002987.SZ,002987,京北方,北京,软件服务,主板,20200507
002993.SZ,002993,奥海科技,广东,元器件,主板,20200817
688007.SH,688007,光峰科技,深圳,元器件,科创板,20190722
688088.SH,688088,虹软科技,浙江,软件服务,科创板,20190722
688027.SH,688027,国盾量子,安徽,通信设备,科创板,20200709
688278.SH,688278,特宝生物,福建,生物制药,科创板,20200117
688321.SH,688321,微芯生物,深圳,化学制药,科创板,20190812
688001.SH,688001,华兴源创,江苏,专用机械,科创板,20190722
688288.SH,688288,鸿泉技术,浙江,IT设备,科创板,20191106
688010.SH,688010,福光股份,福建,元器件,科创板,20190722
688036.SH,688036,传音控股,深圳,通信设备,科创板,20190930
688015.SH,688015,交控科技,北京,运输设备,科创板,20190722
688568.SH,688568,中科星图,北京,软件服务,科创板,20200708
688039.SH,688039,当虹科技,浙江,软件服务,科创板,20191211
688011.SH,688011,新光光电,黑龙江,元器件,科创板,20190722
688019.SH,688019,安集科技,上海,半导体,科创板,20190722
688108.SH,688108,赛诺医疗,天津,医疗保健,科创板,20191030
688012.SH,688012,中微公司,上海,半导体,科创板,20190722
688008.SH,688008,澜起科技,上海,半导体,科创板,20190722
688158.SH,688158,优刻得-W,上海,软件服务,科创板,20200120
688097.SH,688097,博众精工,江苏,专用机械,科创板,20210512
688123.SH,688123,聚辰股份,上海,半导体,科创板,20191223
688139.SH,688139,海尔生物,山东,医疗保健,科创板,20191025
688003.SH,688003,天准科技,江苏,专用机械,科创板,20190722
688018.SH,688018,乐鑫科技,上海,半导体,科创板,20190722
688078.SH,688078,龙软科技,北京,软件服务,科创板,20191230
688513.SH,688513,苑东生物,四川,化学制药,科创板,20200902
603565.SH,603565,中谷物流,上海,水运,主板,20200925
605008.SH,605008,长鸿高科,浙江,橡胶,主板,20200821
002986.SZ,002986,宇新股份,广东,化工原料,主板,20200602
603095.SH,603095,越剑智能,浙江,纺织机械,主板,20200415
300846.SZ,300846,首都在线,北京,软件服务,创业板,20200701
688068.SH,688068,热景生物,北京,医疗保健,科创板,20190930
688022.SH,688022,ST瀚川,江苏,专用机械,科创板,20190722
688100.SH,688100,威胜信息,湖南,通信设备,科创板,20200121
688168.SH,688168,安博通,北京,软件服务,科创板,20190906
688333.SH,688333,铂力特,陕西,机械基件,科创板,20190722
688166.SH,688166,博瑞医药,江苏,化学制药,科创板,20191108
688030.SH,688030,山石网科,江苏,软件服务,科创板,20190930
688023.SH,688023,安恒信息,浙江,软件服务,科创板,20191105
688787.SH,688787,海天瑞声,北京,软件服务,科创板,20210813
688169.SH,688169,石头科技,北京,家用电器,科创板,20200221
688363.SH,688363,华熙生物,山东,医疗保健,科创板,20191106
688188.SH,688188,柏楚电子,上海,专用机械,科创板,20190808
688258.SH,688258,卓易信息,江苏,软件服务,科创板,20191209
688186.SH,688186,广大特材,江苏,特种钢,科创板,20200211
688133.SH,688133,泰坦科技,上海,化工原料,科创板,20201030
688016.SH,688016,心脉医疗,上海,医疗保健,科创板,20190722
605001.SH,605001,威奥股份,山东,运输设备,主板,20200522
605100.SH,605100,华丰股份,山东,机械基件,主板,20200811
688066.SH,688066,*ST航图,北京,软件服务,科创板,20190722
688033.SH,688033,*ST天宜,北京,电气设备,科创板,20190722
688268.SH,688268,华特气体,广东,化工原料,科创板,20191226
688028.SH,688028,沃尔德,北京,机械基件,科创板,20190722
002988.SZ,002988,豪美新材,广东,铝,主板,20200518
002991.SZ,002991,甘源食品,江西,食品,主板,20200731
605188.SH,605188,国光连锁,江西,超市连锁,主板,20200728
688057.SH,688057,金达莱,江西,环境保护,科创板,20201111
688388.SH,688388,嘉元科技,广东,电气设备,科创板,20190722
688198.SH,688198,佰仁医疗,北京,医疗保健,科创板,20191209
688122.SH,688122,西部超导,陕西,小金属,科创板,20190722
688389.SH,688389,普门科技,深圳,医疗保健,科创板,20191105
688009.SH,688009,中国通号,北京,运输设备,科创板,20190722
688080.SH,688080,映翰通,北京,通信设备,科创板,20200212
689009.SH,689009,九号公司-WD,北京,摩托车,科创板,20201029
688366.SH,688366,昊海生科,上海,医疗保健,科创板,20191030
688199.SH,688199,久日新材,天津,化工原料,科创板,20191105
688178.SH,688178,万德斯,江苏,环境保护,科创板,20200114
688006.SH,688006,杭可科技,浙江,电气设备,科创板,20190722
688588.SH,688588,凌志软件,江苏,软件服务,科创板,20200511
688300.SH,688300,联瑞新材,江苏,矿物制品,科创板,20191115
688020.SH,688020,方邦股份,广东,元器件,科创板,20190722
688058.SH,688058,宝兰德,北京,软件服务,科创板,20191101
688025.SH,688025,杰普特,深圳,专用机械,科创板,20191031
688029.SH,688029,南微医学,江苏,医疗保健,科创板,20190722
688202.SH,688202,美迪西,上海,医疗保健,科创板,20191105
688098.SH,688098,申联生物,上海,农业综合,科创板,20191028
688368.SH,688368,晶丰明源,上海,半导体,科创板,20191014
300862.SZ,300862,蓝盾光电,安徽,电器仪表,创业板,20200824
688101.SH,688101,三达膜,陕西,环境保护,科创板,20191115
688299.SH,688299,长阳科技,浙江,元器件,科创板,20191106
688656.SH,688656,浩欧博,江苏,医疗保健,科创板,20210113
688369.SH,688369,致远互联,北京,软件服务,科创板,20191031
688233.SH,688233,神工股份,辽宁,半导体,科创板,20200221
688399.SH,688399,硕世生物,江苏,医疗保健,科创板,20191205
300850.SZ,300850,新强联,河南,机械基件,创业板,20200713
605166.SH,605166,聚合顺,浙江,化纤,主板,20200618
605050.SH,605050,福然德,上海,仓储物流,主板,20200924
605168.SH,605168,三人行,陕西,互联网,主板,20200528
605389.SH,605389,长龄液压,江苏,机械基件,主板,20210322
003009.SZ,003009,中天火箭,陕西,航空,主板,20200925
605366.SH,605366,宏柏新材,江西,化工原料,主板,20200812
688196.SH,688196,卓越新能,福建,环境保护,科创板,20191121
688089.SH,688089,嘉必优,湖北,食品,科创板,20191219
688021.SH,688021,奥福科技,山东,汽车配件,科创板,20191106
688357.SH,688357,建龙微纳,河南,化工原料,科创板,20191204
688126.SH,688126,沪硅产业,上海,半导体,科创板,20200420
688358.SH,688358,祥生医疗,江苏,医疗保健,科创板,20191203
301372.SZ,301372,科净源,北京,环境保护,创业板,20230811
301237.SZ,301237,和顺科技,浙江,塑料,创业板,20220323
688128.SH,688128,中国电研,广东,专用机械,科创板,20191105
688181.SH,688181,八亿时空,北京,元器件,科创板,20200106
688159.SH,688159,有方科技,深圳,通信设备,科创板,20200123
688111.SH,688111,金山办公,北京,软件服务,科创板,20191118
688163.SH,688163,赛伦生物,上海,生物制药,科创板,20220311
688051.SH,688051,佳华科技,北京,软件服务,科创板,20200320
688298.SH,688298,东方生物,浙江,医疗保健,科创板,20200205
688310.SH,688310,迈得医疗,浙江,医疗保健,科创板,20191203
002990.SZ,002990,盛视科技,深圳,软件服务,主板,20200525
605118.SH,605118,力鼎光电,福建,元器件,主板,20200730
003032.SZ,003032,*ST传智,江苏,文教休闲,主板,20210112
300910.SZ,300910,瑞丰新材,河南,化工原料,创业板,20201127
300866.SZ,300866,安克创新,湖南,元器件,创业板,20200824
300852.SZ,300852,四会富仕,广东,元器件,创业板,20200713
300863.SZ,300863,卡倍亿,浙江,汽车配件,创业板,20200824
003027.SZ,003027,同兴科技,安徽,环境保护,主板,20201218
605099.SH,605099,共创草坪,江苏,文教休闲,主板,20200930
300871.SZ,300871,回盛生物,湖北,农业综合,创业板,20200824
002998.SZ,002998,优彩资源,江苏,化纤,主板,20200925
300855.SZ,300855,图南股份,江苏,小金属,创业板,20200723
300856.SZ,300856,科思股份,江苏,日用化工,创业板,20200722
688505.SH,688505,复旦张江,上海,化学制药,科创板,20200619
688599.SH,688599,天合光能,江苏,电气设备,科创板,20200610
301073.SZ,301073,君亭酒店,浙江,酒店餐饮,创业板,20210930
300885.SZ,300885,海昌新材,江苏,机械基件,创业板,20200910
002997.SZ,002997,瑞鹄模具,安徽,汽车配件,主板,20200903
003021.SZ,003021,兆威机电,深圳,元器件,主板,20201204
688138.SH,688138,清溢光电,深圳,半导体,科创板,20191120
003001.SZ,003001,中岩大地,北京,建筑工程,主板,20201013
605228.SH,605228,神通科技,浙江,汽车配件,主板,20210120
300857.SZ,300857,协创数据,深圳,IT设备,创业板,20200727
605388.SH,605388,均瑶健康,湖北,乳制品,主板,20200818
605066.SH,605066,天正电气,浙江,电气设备,主板,20200807
300978.SZ,300978,东箭科技,广东,汽车配件,创业板,20210426
605180.SH,605180,华生科技,浙江,纺织,主板,20210430
605222.SH,605222,起帆电缆,上海,电气设备,主板,20200731
603408.SH,603408,建霖家居,福建,家居用品,主板,20200730
688466.SH,688466,金科环境,北京,环境保护,科创板,20200508
300889.SZ,300889,爱克股份,深圳,电气设备,创业板,20200916
300875.SZ,300875,捷强装备,天津,专用机械,创业板,20200824
301172.SZ,301172,君逸数码,四川,软件服务,创业板,20230726
605009.SH,605009,豪悦护理,浙江,造纸,主板,20200911
605169.SH,605169,洪通燃气,新疆,供气供热,主板,20201030
605398.SH,605398,新炬网络,上海,软件服务,主板,20210121
300880.SZ,300880,迦南智能,浙江,电器仪表,创业板,20200901
605116.SH,605116,奥锐特,浙江,化学制药,主板,20200921
605318.SH,605318,法狮龙,浙江,其他建材,主板,20200803
688069.SH,688069,德林海,江苏,环境保护,科创板,20200722
688026.SH,688026,洁特生物,广东,医疗保健,科创板,20200122
688118.SH,688118,普元信息,上海,软件服务,科创板,20191204
688090.SH,688090,瑞松科技,广东,专用机械,科创板,20200217
688528.SH,688528,秦川物联,四川,电器仪表,科创板,20200701
605123.SH,605123,派克新材,江苏,航空,主板,20200825
605399.SH,605399,晨光新材,江西,化工原料,主板,20200804
605003.SH,605003,众望布艺,浙江,纺织,主板,20200908
605369.SH,605369,拱东医疗,浙江,医疗保健,主板,20200916
003013.SZ,003013,地铁设计,广东,建筑工程,主板,20201022
601665.SH,601665,齐鲁银行,山东,银行,主板,20210618
003019.SZ,003019,宸展光电,福建,元器件,主板,20201117
301395.SZ,301395,仁信新材,广东,化工原料,创业板,20230703
301418.SZ,301418,协昌科技,江苏,电气设备,创业板,20230821
300873.SZ,300873,海晨股份,江苏,仓储物流,创业板,20200824
300901.SZ,300901,中胤时尚,浙江,服饰,创业板,20201029
300870.SZ,300870,欧陆通,深圳,电气设备,创业板,20200824
003022.SZ,003022,联泓新科,山东,化工原料,主板,20201208
605377.SH,605377,华旺科技,浙江,造纸,主板,20201228
605500.SH,605500,森林包装,浙江,造纸,主板,20201222
605218.SH,605218,伟时电子,江苏,元器件,主板,20200928
605199.SH,605199,ST葫芦娃,海南,中成药,主板,20200710
688266.SH,688266,泽璟制药-U,江苏,生物制药,科创板,20200123
688365.SH,688365,光云科技,浙江,软件服务,科创板,20200429
300922.SZ,300922,天秦装备,河北,专用机械,创业板,20201225
300927.SZ,300927,江天化学,江苏,化工原料,创业板,20210107
605177.SH,605177,东亚药业,浙江,化学制药,主板,20201125
301220.SZ,301220,亚香股份,江苏,化工原料,创业板,20220622
603102.SH,603102,百合股份,山东,医疗保健,主板,20220125
605133.SH,605133,嵘泰股份,江苏,汽车配件,主板,20210224
300939.SZ,300939,秋田微,深圳,元器件,创业板,20210128
605255.SH,605255,天普股份,浙江,汽车配件,主板,20200825
300864.SZ,300864,南大环境,江苏,环境保护,创业板,20200824
300952.SZ,300952,恒辉安防,江苏,纺织,创业板,20210311
003000.SZ,003000,劲仔食品,湖南,食品,主板,20200914
301199.SZ,301199,迈赫股份,山东,专用机械,创业板,20211207
688228.SH,688228,开普云,广东,软件服务,科创板,20200327
301007.SZ,301007,德迈仕,辽宁,汽车配件,创业板,20210616
300876.SZ,300876,蒙泰高新,广东,化纤,创业板,20200824
301051.SZ,301051,信濠光电,深圳,元器件,创业板,20210827
601568.SH,601568,北元集团,陕西,化工原料,主板,20201020
003011.SZ,003011,海象新材,浙江,家居用品,主板,20200930
300941.SZ,300941,创识科技,福建,IT设备,创业板,20210209
300982.SZ,300982,苏文电能,江苏,建筑工程,创业板,20210427
300933.SZ,300933,中辰股份,江苏,电气设备,创业板,20210122
605007.SH,605007,五洲特纸,浙江,造纸,主板,20201110
300931.SZ,300931,通用电梯,江苏,运输设备,创业板,20210121
003005.SZ,003005,竞业达,北京,软件服务,主板,20200922
605077.SH,605077,华康股份,浙江,食品,主板,20210209
605055.SH,605055,迎丰股份,浙江,纺织,主板,20210129
003023.SZ,003023,彩虹集团,四川,家用电器,主板,20201211
003007.SZ,003007,直真科技,北京,软件服务,主板,20200923
605186.SH,605186,健麾信息,上海,专用机械,主板,20201222
003026.SZ,003026,中晶科技,浙江,半导体,主板,20201218
603112.SH,603112,华翔股份,山西,机械基件,主板,20200917
605122.SH,605122,四方新材,重庆,水泥,主板,20210310
300891.SZ,300891,惠云钛业,广东,化工原料,创业板,20200917
605338.SH,605338,巴比食品,上海,食品,主板,20201012
300900.SZ,300900,广联航空,黑龙江,航空,创业板,20201029
605336.SH,605336,*ST帅电,浙江,家用电器,主板,20201019
300909.SZ,300909,汇创达,深圳,元器件,创业板,20201118
605081.SH,605081,*ST太和,上海,环境保护,主板,20210209
300882.SZ,300882,万胜智能,浙江,电器仪表,创业板,20200910
003028.SZ,003028,振邦智能,深圳,元器件,主板,20201228
605268.SH,605268,王力安防,浙江,家居用品,主板,20210224
300893.SZ,300893,松原安全,浙江,汽车配件,创业板,20200924
300881.SZ,300881,盛德鑫泰,江苏,钢加工,创业板,20200901
605179.SH,605179,一鸣食品,浙江,乳制品,主板,20201228
300879.SZ,300879,大叶股份,浙江,农用机械,创业板,20200901
601279.SH,601279,英利汽车,吉林,汽车配件,主板,20210415
605337.SH,605337,李子园,浙江,乳制品,主板,20210208
688566.SH,688566,吉贝尔,江苏,化学制药,科创板,20200518
688189.SH,688189,南新制药,湖南,化学制药,科创板,20200326
688165.SH,688165,埃夫特-U,安徽,专用机械,科创板,20200715
688085.SH,688085,三友医疗,上海,医疗保健,科创板,20200409
688396.SH,688396,华润微,江苏,半导体,科创板,20200227
688622.SH,688622,*ST禾信,广东,电器仪表,科创板,20210913
688360.SH,688360,德马科技,浙江,机械基件,科创板,20200602
688579.SH,688579,地纬智能,山东,软件服务,科创板,20200717
688518.SH,688518,联赢激光,深圳,专用机械,科创板,20200622
688208.SH,688208,道通科技,深圳,IT设备,科创板,20200213
688516.SH,688516,奥特维,江苏,专用机械,科创板,20200521
688500.SH,688500,慧辰股份,北京,互联网,科创板,20200716
688081.SH,688081,兴图新科,湖北,软件服务,科创板,20200106
300942.SZ,300942,易瑞生物,深圳,医疗保健,创业板,20210209
603759.SH,603759,海天股份,四川,水务,主板,20210326
300932.SZ,300932,三友联众,广东,电气设备,创业板,20210122
300614.SZ,300614,百川畅银,河南,环境保护,创业板,20210525
301025.SZ,301025,读客文化,上海,出版业,创业板,20210719
603155.SH,603155,新亚强,江苏,化工原料,主板,20200901
003015.SZ,003015,日久光电,江苏,元器件,主板,20201021
605069.SH,605069,正和生态,北京,环境保护,主板,20210816
300923.SZ,300923,研奥股份,吉林,运输设备,创业板,20201224
003029.SZ,003029,吉大正元,吉林,软件服务,主板,20201224
605155.SH,605155,西大门,浙江,家居用品,主板,20201231
605005.SH,605005,合兴股份,浙江,汽车配件,主板,20210119
003017.SZ,003017,大洋生物,浙江,化工原料,主板,20201026
601658.SH,601658,邮储银行,北京,银行,主板,20191210
301006.SZ,301006,迈拓股份,江苏,电器仪表,创业板,20210607
605258.SH,605258,协和电子,江苏,元器件,主板,20201203
300930.SZ,300930,屹通新材,浙江,小金属,创业板,20210121
605060.SH,605060,联德股份,浙江,机械基件,主板,20210301
003018.SZ,003018,金富科技,广东,塑料,主板,20201106
605117.SH,605117,德业股份,浙江,电气设备,主板,20210420
300906.SZ,300906,日月明,江西,运输设备,创业板,20201105
605068.SH,605068,明新旭腾,浙江,汽车配件,主板,20201123
605018.SH,605018,长华集团,浙江,汽车配件,主板,20200929
605058.SH,605058,澳弘电子,江苏,元器件,主板,20201021
300907.SZ,300907,康平科技,江苏,电气设备,创业板,20201118
300872.SZ,300872,天阳科技,西藏,软件服务,创业板,20200824
603261.SH,603261,*ST立航,四川,航空,主板,20220315
301068.SZ,301068,大地海洋,浙江,环境保护,创业板,20210928
605277.SH,605277,新亚电子,浙江,元器件,主板,20210106
300917.SZ,300917,特发服务,深圳,房产服务,创业板,20201221
300905.SZ,300905,宝丽迪,江苏,染料涂料,创业板,20201105
605298.SH,605298,必得科技,江苏,运输设备,主板,20210301
605196.SH,605196,华通线缆,河北,电气设备,主板,20210511
603931.SH,603931,格林达,浙江,化工原料,主板,20200819
605011.SH,605011,杭州热电,浙江,供气供热,主板,20210630
301587.SZ,301587,中瑞股份,江苏,电气设备,创业板,20240408
605378.SH,605378,野马电池,浙江,电气设备,主板,20210412
605376.SH,605376,博迁新材,江苏,小金属,主板,20201208
600916.SH,600916,中国黄金,北京,服饰,主板,20210205
300926.SZ,300926,博俊科技,江苏,汽车配件,创业板,20210107
301021.SZ,301021,英诺激光,深圳,专用机械,创业板,20210706
601686.SH,601686,友发集团,天津,钢加工,主板,20201204
301010.SZ,301010,晶雪节能,江苏,其他建材,创业板,20210618
300937.SZ,300937,药易购,四川,医药商业,创业板,20210127
688096.SH,688096,京源环保,江苏,环境保护,科创板,20200409
605319.SH,605319,无锡振华,江苏,汽车配件,主板,20210607
605208.SH,605208,永茂泰,上海,铝,主板,20210308
601156.SH,601156,东航物流,上海,仓储物流,主板,20210609
300774.SZ,300774,倍杰特,北京,环境保护,创业板,20210804
605162.SH,605162,新中港,浙江,供气供热,主板,20210707
601825.SH,601825,沪农商行,上海,银行,主板,20210819
003030.SZ,003030,祖名股份,浙江,食品,主板,20210106
688339.SH,688339,亿华通-U,北京,汽车配件,科创板,20200810
688177.SH,688177,百奥泰,广东,生物制药,科创板,20200221
688222.SH,688222,成都先导,四川,化学制药,科创板,20200416
688318.SH,688318,财富趋势,深圳,软件服务,科创板,20200427
688037.SH,688037,芯源微,辽宁,半导体,科创板,20191216
300999.SZ,300999,金龙鱼,上海,食品,创业板,20201015
688398.SH,688398,赛特新材,福建,矿物制品,科创板,20200211
688277.SH,688277,天智航-U,北京,医疗保健,科创板,20200707
688200.SH,688200,华峰测控,北京,半导体,科创板,20200218
688221.SH,688221,前沿生物-U,江苏,生物制药,科创板,20201028
605305.SH,605305,中际联合,北京,工程机械,主板,20210506
605286.SH,605286,同力天启,江苏,运输设备,主板,20210322
688567.SH,688567,孚能科技,江西,电气设备,科创板,20200717
688520.SH,688520,神州细胞,北京,生物制药,科创板,20200622
688521.SH,688521,芯原股份,上海,半导体,科创板,20200818
003031.SZ,003031,中瓷电子,河北,元器件,主板,20210104
688180.SH,688180,君实生物-U,上海,生物制药,科创板,20200715
688312.SH,688312,燕麦科技,深圳,专用机械,科创板,20200608
605300.SH,605300,佳禾食品,江苏,乳制品,主板,20210430
603171.SH,603171,税友股份,浙江,软件服务,主板,20210630
688377.SH,688377,迪威尔,江苏,专用机械,科创板,20200708
688488.SH,688488,艾迪药业,江苏,生物制药,科创板,20200720
003039.SZ,003039,顺控发展,广东,水务,主板,20210308
300913.SZ,300913,兆龙互连,浙江,通信设备,创业板,20201207
300884.SZ,300884,狄耐克,福建,IT设备,创业板,20201112
688598.SH,688598,金博股份,湖南,矿物制品,科创板,20200518
688157.SH,688157,松井股份,湖南,染料涂料,科创板,20200609
300986.SZ,300986,志特新材,江西,建筑工程,创业板,20210430
603324.SH,603324,盛剑科技,上海,环境保护,主板,20210407
688309.SH,688309,恒誉环保,山东,环境保护,科创板,20200714
601816.SH,601816,京沪高铁,北京,铁路,主板,20200116
688156.SH,688156,路德科技,湖北,饲料,科创板,20200922
688336.SH,688336,三生国健,上海,生物制药,科创板,20200722
688286.SH,688286,敏芯股份,江苏,半导体,科创板,20200810
688356.SH,688356,键凯科技,北京,化学制药,科创板,20200826
301299.SZ,301299,卓创资讯,山东,互联网,创业板,20221019
300921.SZ,300921,南凌科技,深圳,互联网,创业板,20201222
688004.SH,688004,博汇科技,北京,软件服务,科创板,20200612
688558.SH,688558,国盛智科,江苏,机床制造,科创板,20200630
688418.SH,688418,震有科技,深圳,通信设备,科创板,20200722
688589.SH,688589,力合微,深圳,半导体,科创板,20200722
300911.SZ,300911,亿田智能,浙江,家用电器,创业板,20201203
300918.SZ,300918,南山智尚,山东,纺织,创业板,20201222
300940.SZ,300940,南极光,深圳,元器件,创业板,20210203
688569.SH,688569,铁科轨道,北京,运输设备,科创板,20200831
688586.SH,688586,XD江航装,安徽,航空,科创板,20200731
001299.SZ,001299,美能能源,陕西,供气供热,主板,20221031
605086.SH,605086,龙高股份,福建,矿物制品,主板,20210416
605287.SH,605287,德才股份,山东,装修装饰,主板,20210706
688077.SH,688077,大地熊,安徽,矿物制品,科创板,20200722
688229.SH,688229,博睿数据,北京,软件服务,科创板,20200817
688065.SH,688065,凯赛生物,上海,化工原料,科创板,20200812
688050.SH,688050,爱博医疗,北京,医疗保健,科创板,20200729
605016.SH,605016,百龙创园,山东,食品,主板,20210421
300925.SZ,300925,法本信息,深圳,软件服务,创业板,20201230
300920.SZ,300920,润阳科技,浙江,塑料,创业板,20201225
688106.SH,688106,金宏气体,江苏,化工原料,科创板,20200616
300903.SZ,300903,科翔股份,广东,元器件,创业板,20201105
688379.SH,688379,华光新材,浙江,机械基件,科创板,20200819
688580.SH,688580,伟思医疗,江苏,医疗保健,科创板,20200721
688060.SH,688060,云涌科技,江苏,IT设备,科创板,20200710
300977.SZ,300977,深圳瑞捷,深圳,建筑工程,创业板,20210420
600906.SH,600906,财达证券,河北,证券,主板,20210507
300950.SZ,300950,德固特,山东,专用机械,创业板,20210303
688508.SH,688508,芯朋微,江苏,半导体,科创板,20200722
688600.SH,688600,皖仪科技,安徽,电器仪表,科创板,20200703
688602.SH,688602,康鹏科技,上海,化工原料,科创板,20230720
688311.SH,688311,盟升电子,四川,元器件,科创板,20200731
688390.SH,688390,固德威,江苏,电气设备,科创板,20200904
688155.SH,688155,先惠技术,上海,电气设备,科创板,20200811
688577.SH,688577,浙海德曼,浙江,机床制造,科创板,20200916
688556.SH,688556,高测股份,山东,专用机械,科创板,20200807
688585.SH,688585,上纬新材,上海,化工原料,科创板,20200928
688338.SH,688338,赛科希德,北京,医疗保健,科创板,20200806
688590.SH,688590,新致软件,上海,软件服务,科创板,20201207
688393.SH,688393,安必平,广东,医疗保健,科创板,20200820
300948.SZ,300948,冠中生态,山东,环境保护,创业板,20210225
605080.SH,605080,浙江自然,浙江,文教休闲,主板,20210506
300916.SZ,300916,朗特智能,深圳,元器件,创业板,20201202
003037.SZ,003037,三和管桩,广东,水泥,主板,20210204
605028.SH,605028,世茂能源,浙江,供气供热,主板,20210712
300998.SZ,300998,宁波方正,浙江,专用机械,创业板,20210602
300895.SZ,300895,铜牛信息,北京,软件服务,创业板,20200924
688056.SH,688056,莱伯泰科,北京,电器仪表,科创板,20200902
688819.SH,688819,天能股份,浙江,电气设备,科创板,20210118
688559.SH,688559,海目星,深圳,专用机械,科创板,20200909
605589.SH,605589,圣泉集团,山东,化工原料,主板,20210810
301081.SZ,301081,严牌股份,浙江,环境保护,创业板,20211020
301024.SZ,301024,霍普股份,上海,建筑工程,创业板,20210728
300961.SZ,300961,深水海纳,深圳,环境保护,创业板,20210330
301116.SZ,301116,益客食品,江苏,食品,创业板,20220118
605089.SH,605089,味知香,江苏,食品,主板,20210427
600032.SH,600032,浙江新能,浙江,新型电力,主板,20210525
300965.SZ,300965,恒宇信通,北京,航空,创业板,20210402
688055.SH,688055,龙腾光电,江苏,元器件,科创板,20200817
688215.SH,688215,瑞晟智能,浙江,专用机械,科创板,20200828
688335.SH,688335,复洁科技,上海,环境保护,科创板,20200817
688185.SH,688185,康希诺,天津,生物制药,科创板,20200813
300947.SZ,300947,德必集团,上海,房产服务,创业板,20210210
688289.SH,688289,圣湘生物,湖南,医疗保健,科创板,20200828
688519.SH,688519,XD南亚新,上海,元器件,科创板,20200818
688550.SH,688550,瑞联新材,陕西,化工原料,科创板,20200902
688301.SH,688301,奕瑞科技,上海,医疗保健,科创板,20200918
688095.SH,688095,福昕软件,福建,软件服务,科创板,20200908
688330.SH,688330,宏力达,上海,电气设备,科创板,20201015
688313.SH,688313,仕佳光子,河南,通信设备,科创板,20200812
688777.SH,688777,中控技术,浙江,专用机械,科创板,20201124
688256.SH,688256,寒武纪,北京,半导体,科创板,20200720
688127.SH,688127,蓝特光学,浙江,元器件,科创板,20200921
300972.SZ,300972,万辰集团,福建,食品,创业板,20210419
003035.SZ,003035,南网能源,广东,新型电力,主板,20210119
301030.SZ,301030,*ST仕净,江苏,环境保护,创业板,20210722
688595.SH,688595,芯海科技,深圳,半导体,科创板,20200928
688551.SH,688551,科威尔,安徽,专用机械,科创板,20200910
688383.SH,688383,新益昌,深圳,专用机械,科创板,20210428
688093.SH,688093,世华科技,江苏,化工原料,科创板,20200930
600905.SH,600905,三峡能源,北京,新型电力,主板,20210610
600935.SH,600935,华塑股份,安徽,化工原料,主板,20211126
300946.SZ,300946,恒而达,福建,机械基件,创业板,20210208
688386.SH,688386,泛亚微透,江苏,化工原料,科创板,20201016
688408.SH,688408,中信博,江苏,电气设备,科创板,20200828
688316.SH,688316,青云科技-U,北京,软件服务,科创板,20210316
688596.SH,688596,正帆科技,上海,专用机械,科创板,20200820
688378.SH,688378,奥来德,吉林,专用机械,科创板,20200903
688659.SH,688659,元琛科技,安徽,环境保护,科创板,20210331
688083.SH,688083,中望软件,广东,软件服务,科创板,20210311
688129.SH,688129,东来技术,上海,染料涂料,科创板,20201023
688017.SH,688017,绿的谐波,江苏,机械基件,科创板,20200828
688581.SH,688581,安杰思,浙江,医疗保健,科创板,20230519
688529.SH,688529,豪森智能,辽宁,专用机械,科创板,20201109
688578.SH,688578,艾力斯,上海,化学制药,科创板,20201202
688308.SH,688308,欧科亿,湖南,机械基件,科创板,20201210
688013.SH,688013,天臣医疗,江苏,医疗保健,科创板,20200928
688135.SH,688135,利扬芯片,广东,半导体,科创板,20201111
300964.SZ,300964,本川智能,江苏,元器件,创业板,20210805
301002.SZ,301002,崧盛股份,深圳,电气设备,创业板,20210607
301171.SZ,301171,易点天下,陕西,互联网,创业板,20220819
301023.SZ,301023,奕帆传动,江苏,电气设备,创业板,20210707
301036.SZ,301036,双乐股份,江苏,染料涂料,创业板,20210729
301011.SZ,301011,华立科技,广东,文教休闲,创业板,20210617
301029.SZ,301029,怡合达,广东,专用机械,创业板,20210723
300967.SZ,300967,晓鸣股份,宁夏,农业综合,创业板,20210413
688536.SH,688536,思瑞浦,江苏,半导体,科创板,20200921
688160.SH,688160,步科股份,上海,电器仪表,科创板,20201112
688070.SH,688070,纵横股份,四川,航空,科创板,20210210
688608.SH,688608,恒玄科技,上海,半导体,科创板,20201216
688617.SH,688617,惠泰医疗,深圳,医疗保健,科创板,20210107
688575.SH,688575,亚辉龙,深圳,医疗保健,科创板,20210517
688557.SH,688557,兰剑智能,山东,专用机械,科创板,20201202
605499.SH,605499,东鹏饮料,深圳,软饮料,主板,20210527
300993.SZ,300993,玉马科技,山东,家居用品,创业板,20210524
300956.SZ,300956,英力股份,安徽,元器件,创业板,20210326
300997.SZ,300997,欢乐家,广东,软饮料,创业板,20210602
605189.SH,605189,富春染织,安徽,纺织,主板,20210528
300951.SZ,300951,博硕科技,深圳,元器件,创业板,20210226
688328.SH,688328,深科达,深圳,专用机械,科创板,20210309
688219.SH,688219,会通股份,安徽,塑料,科创板,20201118
688677.SH,688677,海泰新光,山东,医疗保健,科创板,20210226
688092.SH,688092,爱科科技,浙江,专用机械,科创板,20210319
688699.SH,688699,明微电子,深圳,半导体,科创板,20201218
688179.SH,688179,阿拉丁,上海,化学制药,科创板,20201026
688195.SH,688195,腾景科技,福建,元器件,科创板,20210326
688668.SH,688668,鼎通科技,广东,通信设备,科创板,20201221
688658.SH,688658,悦康药业,北京,化学制药,科创板,20201224
688665.SH,688665,四方光电,湖北,电器仪表,科创板,20210209
688698.SH,688698,伟创电气,江苏,电气设备,科创板,20201229
300919.SZ,300919,中伟新材,贵州,电气设备,创业板,20201223
301000.SZ,301000,肇民科技,上海,汽车配件,创业板,20210528
301190.SZ,301190,善水科技,江西,染料涂料,创业板,20211224
301182.SZ,301182,凯旺科技,河南,元器件,创业板,20211223
300975.SZ,300975,商络电子,江苏,元器件,创业板,20210421
300973.SZ,300973,立高食品,广东,食品,创业板,20210415
300955.SZ,300955,嘉亨家化,福建,日用化工,创业板,20210324
300966.SZ,300966,共同药业,湖北,化学制药,创业板,20210409
688510.SH,688510,航亚科技,江苏,航空,科创板,20201216
688779.SH,688779,五矿新能,湖南,电气设备,科创板,20210811
688739.SH,688739,成大生物,辽宁,生物制药,科创板,20211028
688669.SH,688669,聚石化学,广东,化工原料,科创板,20210125
688696.SH,688696,极米科技,四川,家用电器,科创板,20210303
688788.SH,688788,科思科技,深圳,通信设备,科创板,20201022
003040.SZ,003040,楚天龙,广东,通信设备,主板,20210322
300959.SZ,300959,线上线下,江苏,电信运营,创业板,20210322
688571.SH,688571,杭华股份,浙江,染料涂料,科创板,20201211
688561.SH,688561,奇安信-U,北京,软件服务,科创板,20200722
688560.SH,688560,明冠新材,江西,电气设备,科创板,20201224
688136.SH,688136,科兴制药,山东,生物制药,科创板,20201214
688191.SH,688191,智洋创新,山东,软件服务,科创板,20210408
688676.SH,688676,金盘科技,海南,电气设备,科创板,20210309
688109.SH,688109,品茗科技,浙江,软件服务,科创板,20210330
688079.SH,688079,美迪凯,浙江,元器件,科创板,20210302
688607.SH,688607,康众医疗,江苏,医疗保健,科创板,20210201
688630.SH,688630,芯碁微装,安徽,专用机械,科创板,20210401
688350.SH,688350,富淼科技,江苏,化工原料,科创板,20210128
688619.SH,688619,罗普特,福建,软件服务,科创板,20210223
688680.SH,688680,海优新材,上海,塑料,科创板,20210122
688679.SH,688679,通源环境,安徽,环境保护,科创板,20201225
601995.SH,601995,中金公司,北京,证券,主板,20201102
688686.SH,688686,奥普特,广东,电器仪表,科创板,20201231
688678.SH,688678,福立旺,江苏,元器件,科创板,20201223
688616.SH,688616,西力科技,浙江,电器仪表,科创板,20210318
003038.SZ,003038,鑫铂股份,安徽,铝,主板,20210210
001206.SZ,001206,依依股份,天津,造纸,主板,20210518
605507.SH,605507,国邦医药,浙江,化学制药,主板,20210802
605056.SH,605056,咸亨国际,浙江,电器仪表,主板,20210720
688618.SH,688618,三旺通信,深圳,通信设备,科创板,20201230
688628.SH,688628,优利德,广东,电器仪表,科创板,20210201
688689.SH,688689,银河微电,江苏,半导体,科创板,20210127
688067.SH,688067,爱威科技,湖南,医疗保健,科创板,20210616
688131.SH,688131,皓元医药,上海,化学制药,科创板,20210608
688687.SH,688687,凯因科技,北京,生物制药,科创板,20210208
688063.SH,688063,派能科技,上海,电气设备,科创板,20201230
688305.SH,688305,科德数控,辽宁,机床制造,科创板,20210709
688183.SH,688183,生益电子,广东,元器件,科创板,20210225
688606.SH,688606,奥泰生物,浙江,医疗保健,科创板,20210325
601399.SH,601399,国机重装,四川,工程机械,主板,20200608
688082.SH,688082,盛美上海,上海,半导体,科创板,20211118
688171.SH,688171,纬德信息,广东,软件服务,科创板,20220127
688317.SH,688317,之江生物,上海,医疗保健,科创板,20210118
688633.SH,688633,星球石墨,江苏,专用机械,科创板,20210324
688626.SH,688626,翔宇医疗,河南,医疗保健,科创板,20210331
688981.SH,688981,中芯国际,上海,半导体,科创板,20200716
688636.SH,688636,智明达,四川,元器件,科创板,20210408
688329.SH,688329,艾隆科技,江苏,专用机械,科创板,20210329
688661.SH,688661,和林微纳,江苏,元器件,科创板,20210329
688075.SH,688075,安旭生物,浙江,医疗保健,科创板,20211118
688609.SH,688609,九联科技,广东,家用电器,科创板,20210323
688315.SH,688315,诺禾致源,北京,医疗保健,科创板,20210413
688667.SH,688667,菱电电控,湖北,汽车配件,科创板,20210312
605020.SH,605020,永和股份,浙江,化工原料,主板,20210709
688625.SH,688625,呈和科技,广东,化工原料,科创板,20210607
688468.SH,688468,科美诊断,北京,医疗保健,科创板,20210409
688345.SH,688345,XD博力威,广东,电气设备,科创板,20210611
688314.SH,688314,康拓医疗,陕西,医疗保健,科创板,20210518
688733.SH,688733,壹石通,安徽,矿物制品,科创板,20210817
688639.SH,688639,华恒生物,安徽,化学制药,科创板,20210422
688565.SH,688565,力源科技,浙江,环境保护,科创板,20210513
688662.SH,688662,富信科技,广东,元器件,科创板,20210401
688226.SH,688226,威腾电气,江苏,电气设备,科创板,20210707
688260.SH,688260,昀冢科技,江苏,元器件,科创板,20210406
688161.SH,688161,威高骨科,山东,医疗保健,科创板,20210630
003042.SZ,003042,中农联合,山东,农药化肥,主板,20210406
605566.SH,605566,福莱蒽特,浙江,染料涂料,主板,20211025
603216.SH,603216,梦天家居,浙江,家居用品,主板,20211215
688789.SH,688789,宏华数科,浙江,专用机械,科创板,20210708
688425.SH,688425,铁建重工,湖南,工程机械,科创板,20210622
688683.SH,688683,莱尔科技,广东,元器件,科创板,20210412
688533.SH,688533,上声电子,江苏,汽车配件,科创板,20210419
688076.SH,688076,ST诺泰,江苏,生物制药,科创板,20210520
688682.SH,688682,霍莱沃,上海,软件服务,科创板,20210420
688690.SH,688690,纳微科技,江苏,化工原料,科创板,20210623
688148.SH,688148,芳源股份,广东,电气设备,科创板,20210806
688517.SH,688517,金冠电气,河南,电气设备,科创板,20210618
688132.SH,688132,邦彦技术,深圳,通信设备,科创板,20220923
688269.SH,688269,凯立新材,陕西,化工原料,科创板,20210609
688456.SH,688456,有研粉材,北京,铜,科创板,20210317
688660.SH,688660,电气风电,上海,电气设备,科创板,20210519
688611.SH,688611,杭州柯林,浙江,电气设备,科创板,20210412
688613.SH,688613,奥精医疗,北京,医疗保健,科创板,20210521
688584.SH,688584,上海合晶,上海,半导体,科创板,20240208
605365.SH,605365,立达信,福建,家用电器,主板,20210720
001215.SZ,001215,千味央厨,河南,食品,主板,20210906
605488.SH,605488,福莱新材,浙江,塑料,主板,20210513
301181.SZ,301181,标榜股份,江苏,汽车配件,创业板,20220221
001207.SZ,001207,联科科技,山东,化工原料,主板,20210623
605167.SH,605167,利柏特,江苏,建筑工程,主板,20210726
601921.SH,601921,浙版传媒,浙江,出版业,主板,20210723
001202.SZ,001202,炬申股份,广东,仓储物流,主板,20210429
688501.SH,688501,青达环保,山东,环境保护,科创板,20210716
688147.SH,688147,微导纳米,江苏,专用机械,科创板,20221223
688280.SH,688280,精进电动-W,北京,汽车配件,科创板,20211027
688663.SH,688663,新风光,山东,电气设备,科创板,20210413
688217.SH,688217,睿昂基因,上海,医疗保健,科创板,20210517
688395.SH,688395,正弦电气,深圳,机械基件,科创板,20210429
688112.SH,688112,鼎阳科技,深圳,电器仪表,科创板,20211201
688319.SH,688319,欧林生物,四川,生物制药,科创板,20210608
688059.SH,688059,华锐精密,湖南,机械基件,科创板,20210208
688117.SH,688117,圣诺生物,四川,生物制药,科创板,20210603
688239.SH,688239,航宇科技,贵州,航空,科创板,20210705
688793.SH,688793,倍轻松,深圳,家用电器,科创板,20210715
688799.SH,688799,华纳药厂,湖南,化学制药,科创板,20210713
688216.SH,688216,气派科技,深圳,半导体,科创板,20210623
688323.SH,688323,瑞华泰,深圳,塑料,科创板,20210428
603511.SH,603511,爱慕股份,北京,服饰,主板,20210531
605259.SH,605259,绿田机械,浙江,农用机械,主板,20210615
001269.SZ,001269,欧晶科技,内蒙,矿物制品,主板,20220930
688681.SH,688681,科汇股份,山东,电气设备,科创板,20210616
688201.SH,688201,ST信安,北京,软件服务,科创板,20210421
688113.SH,688113,联测科技,江苏,专用机械,科创板,20210506
688700.SH,688700,东威科技,江苏,专用机械,科创板,20210615
688509.SH,688509,正元地信,北京,软件服务,科创板,20210730
688786.SH,688786,悦安新材,江西,小金属,科创板,20210826
688685.SH,688685,迈信林,江苏,航空,科创板,20210513
688227.SH,688227,品高股份,广东,软件服务,科创板,20211230
688182.SH,688182,灿勤科技,江苏,通信设备,科创板,20211116
688355.SH,688355,明志科技,江苏,机械基件,科创板,20210512
300983.SZ,300983,尤安设计,上海,建筑工程,创业板,20210420
301022.SZ,301022,海泰科,山东,专用机械,创业板,20210702
301037.SZ,301037,保立佳,上海,染料涂料,创业板,20210730
300985.SZ,300985,致远新能,吉林,汽车配件,创业板,20210429
301052.SZ,301052,果麦文化,浙江,出版业,创业板,20210830
301016.SZ,301016,雷尔伟,江苏,运输设备,创业板,20210630
300995.SZ,300995,奇德新材,广东,塑料,创业板,20210526
300984.SZ,300984,金沃股份,浙江,机械基件,创业板,20210618
001205.SZ,001205,盛航股份,江苏,水运,主板,20210513
001213.SZ,001213,中铁特货,北京,铁路,主板,20210908
001219.SZ,001219,青岛食品,山东,食品,主板,20211021
001212.SZ,001212,中旗新材,广东,其他建材,主板,20210823
600955.SH,600955,维远股份,山东,化工原料,主板,20210915
603107.SH,603107,上海汽配,上海,汽车配件,主板,20231101
001217.SZ,001217,华尔泰,安徽,化工原料,主板,20210929
605588.SH,605588,冠石科技,江苏,元器件,主板,20210812
605555.SH,605555,德昌股份,浙江,家用电器,主板,20211021
605598.SH,605598,上海港湾,上海,建筑工程,主板,20210917
001211.SZ,001211,双枪科技,浙江,家居用品,主板,20210805
605138.SH,605138,盛泰集团,浙江,服饰,主板,20211027
001288.SZ,001288,运机集团,四川,专用机械,主板,20211101
001208.SZ,001208,华菱线缆,湖南,电气设备,主板,20210624
603836.SH,603836,海程邦达,山东,仓储物流,主板,20210526
001209.SZ,001209,洪兴股份,广东,服饰,主板,20210723
605580.SH,605580,恒盛能源,浙江,供气供热,主板,20210819
300969.SZ,300969,恒帅股份,浙江,汽车配件,创业板,20210412
301069.SZ,301069,凯盛新材,山东,化工原料,创业板,20210927
301033.SZ,301033,迈普医学,广东,医疗保健,创业板,20210726
301169.SZ,301169,零点有数,北京,文教休闲,创业板,20211103
300976.SZ,300976,达瑞电子,广东,元器件,创业板,20210419
301099.SZ,301099,雅创电子,上海,元器件,创业板,20211122
301093.SZ,301093,华兰股份,江苏,医疗保健,创业板,20211101
300979.SZ,300979,华利集团,广东,服饰,创业板,20210426
301027.SZ,301027,华蓝集团,广西,建筑工程,创业板,20210715
301009.SZ,301009,可靠股份,浙江,造纸,创业板,20210617
301043.SZ,301043,绿岛风,广东,机械基件,创业板,20210811
300990.SZ,300990,同飞股份,河北,专用机械,创业板,20210512
301059.SZ,301059,金三江,广东,化工原料,创业板,20210913
301013.SZ,301013,利和兴,深圳,专用机械,创业板,20210629
300957.SZ,300957,贝泰妮,云南,日用化工,创业板,20210325
301001.SZ,301001,凯淳股份,上海,互联网,创业板,20210528
300989.SZ,300989,蕾奥规划,深圳,建筑工程,创业板,20210507
301066.SZ,301066,万事利,浙江,纺织,创业板,20210922
301004.SZ,301004,嘉益股份,浙江,家居用品,创业板,20210625
300854.SZ,300854,中兰环保,深圳,环境保护,创业板,20210916
301198.SZ,301198,喜悦智行,浙江,塑料,创业板,20211202
300992.SZ,300992,泰福泵业,浙江,机械基件,创业板,20210525
301077.SZ,301077,星华新材,浙江,化工原料,创业板,20210930
300980.SZ,300980,祥源新材,湖北,塑料,创业板,20210421
300844.SZ,300844,山水比德,广东,建筑工程,创业板,20210813
301065.SZ,301065,本立科技,浙江,化学制药,创业板,20210914
301082.SZ,301082,久盛电气,浙江,电气设备,创业板,20211027
301055.SZ,301055,张小泉,浙江,家居用品,创业板,20210906
301040.SZ,301040,中环海陆,江苏,机械基件,创业板,20210803
301019.SZ,301019,宁波色母,浙江,塑料,创业板,20210628
301067.SZ,301067,显盈科技,深圳,元器件,创业板,20210922
301070.SZ,301070,开勒股份,上海,机械基件,创业板,20210923
301061.SZ,301061,匠心家居,江苏,家居用品,创业板,20210913
688728.SH,688728,格科微,上海,半导体,科创板,20210818
301336.SZ,301336,趣睡科技,四川,家居用品,创业板,20220812
301003.SZ,301003,江苏博云,江苏,塑料,创业板,20210601
301152.SZ,301152,天力锂能,河南,小金属,创业板,20220829
301060.SZ,301060,兰卫医学,上海,医疗保健,创业板,20210913
300991.SZ,300991,创益通,深圳,元器件,创业板,20210520
300814.SZ,300814,中富电路,深圳,元器件,创业板,20210812
301185.SZ,301185,鸥玛软件,山东,软件服务,创业板,20211119
301120.SZ,301120,新特电气,北京,电气设备,创业板,20220419
301108.SZ,301108,洁雅股份,安徽,日用化工,创业板,20211203
301159.SZ,301159,三维天地,北京,软件服务,创业板,20220107
300988.SZ,300988,津荣天宇,天津,机械基件,创业板,20210512
301118.SZ,301118,恒光股份,湖南,化工原料,创业板,20211118
300971.SZ,300971,博亚精工,湖北,机械基件,创业板,20210415
301031.SZ,301031,中熔电气,陕西,电气设备,创业板,20210715
301049.SZ,301049,超越科技,安徽,环境保护,创业板,20210824
301072.SZ,301072,中捷精工,江苏,汽车配件,创业板,20210929
301089.SZ,301089,拓新药业,河南,化学制药,创业板,20211027
301085.SZ,301085,亚康股份,北京,软件服务,创业板,20211018
301078.SZ,301078,孩子王,江苏,其他商业,创业板,20211014
301129.SZ,301129,瑞纳智能,安徽,电器仪表,创业板,20211102
688071.SH,688071,华依科技,上海,专用机械,科创板,20210729
301231.SZ,301231,荣信文化,陕西,出版业,创业板,20220908
301012.SZ,301012,扬电科技,江苏,电气设备,创业板,20210622
301149.SZ,301149,隆华新材,山东,化工原料,创业板,20211110
301057.SZ,301057,汇隆新材,浙江,化纤,创业板,20210909
301005.SZ,301005,超捷股份,上海,汽车配件,创业板,20210601
301053.SZ,301053,远信工业,浙江,专用机械,创业板,20210901
301133.SZ,301133,金钟股份,广东,汽车配件,创业板,20211126
301128.SZ,301128,强瑞技术,深圳,专用机械,创业板,20211110
301008.SZ,301008,宏昌科技,浙江,家用电器,创业板,20210611
301041.SZ,301041,金百泽,深圳,元器件,创业板,20210811
301119.SZ,301119,正强股份,浙江,汽车配件,创业板,20211122
301056.SZ,301056,森赫股份,浙江,运输设备,创业板,20210907
301087.SZ,301087,可孚医疗,湖南,医疗保健,创业板,20211025
301126.SZ,301126,达嘉维康,湖南,医药商业,创业板,20211207
301188.SZ,301188,力诺药包,山东,玻璃,创业板,20211111
301193.SZ,301193,家联科技,浙江,家居用品,创业板,20211209
301038.SZ,301038,深水规院,深圳,建筑工程,创业板,20210804
301362.SZ,301362,民爆光电,深圳,电气设备,创业板,20230804
688601.SH,688601,力芯微,江苏,半导体,科创板,20210628
301101.SZ,301101,明月镜片,江苏,文教休闲,创业板,20211216
688087.SH,688087,英科再生,山东,环境保护,科创板,20210709
301071.SZ,301071,力量钻石,河南,矿物制品,创业板,20210924
301345.SZ,301345,涛涛车业,浙江,摩托车,创业板,20230321
301058.SZ,301058,中粮科工,江苏,建筑工程,创业板,20210909
301259.SZ,301259,艾布鲁,湖南,环境保护,创业板,20220426
301083.SZ,301083,百胜智能,江西,专用机械,创业板,20211021
301166.SZ,301166,优宁维,上海,医药商业,创业板,20211228
301050.SZ,301050,雷电微力,四川,航空,创业板,20210824
301234.SZ,301234,五洲医疗,安徽,医疗保健,创业板,20220705
301398.SZ,301398,星源卓镁,浙江,汽车配件,创业板,20221215
301370.SZ,301370,国科恒泰,北京,医药商业,创业板,20230712
301298.SZ,301298,东利机械,河北,汽车配件,创业板,20220606
301032.SZ,301032,新柴股份,浙江,工程机械,创业板,20210722
301103.SZ,301103,何氏眼科,辽宁,医疗保健,创业板,20220322
301100.SZ,301100,风光股份,辽宁,化工原料,创业板,20211217
301112.SZ,301112,信邦智能,广东,专用机械,创业板,20220629
688655.SH,688655,迅捷兴,深圳,元器件,科创板,20210511
688232.SH,688232,新点软件,江苏,软件服务,科创板,20211117
301090.SZ,301090,华润材料,江苏,化工原料,创业板,20211026
301186.SZ,301186,超达装备,江苏,专用机械,创业板,20211223
301180.SZ,301180,万祥科技,江苏,元器件,创业板,20211116
301091.SZ,301091,深城交,深圳,建筑工程,创业板,20211029
301039.SZ,301039,中集车辆,深圳,汽车整车,创业板,20210708
301239.SZ,301239,普瑞眼科,四川,医疗保健,创业板,20220705
301138.SZ,301138,华研精机,广东,专用机械,创业板,20211215
301079.SZ,301079,邵阳液压,湖南,机械基件,创业板,20211019
300994.SZ,300994,久祺股份,浙江,文教休闲,创业板,20210812
301178.SZ,301178,天亿马,广东,软件服务,创业板,20211112
301088.SZ,301088,戎美股份,江苏,服饰,创业板,20211028
301267.SZ,301267,华厦眼科,福建,医疗保健,创业板,20221107
301111.SZ,301111,粤万年青,广东,中成药,创业板,20211207
301045.SZ,301045,天禄科技,江苏,元器件,创业板,20210813
688766.SH,688766,普冉股份,上海,半导体,科创板,20210823
688778.SH,688778,厦钨新能,福建,电气设备,科创板,20210805
688502.SH,688502,茂莱光学,江苏,元器件,科创板,20230309
688597.SH,688597,煜邦电力,北京,电器仪表,科创板,20210617
688091.SH,688091,上海谊众,上海,化学制药,科创板,20210909
301046.SZ,301046,能辉科技,上海,建筑工程,创业板,20210817
301092.SZ,301092,争光股份,浙江,化工原料,创业板,20211102
688359.SH,688359,三孚新科,广东,化工原料,科创板,20210521
688276.SH,688276,百克生物,吉林,生物制药,科创板,20210625
301148.SZ,301148,嘉戎技术,福建,环境保护,创业板,20220421
688538.SH,688538,和辉光电-U,上海,半导体,科创板,20210528
301047.SZ,301047,义翘神州,北京,生物制药,创业板,20210816
688621.SH,688621,阳光诺和,北京,医疗保健,科创板,20210621
688246.SH,688246,嘉和美康,北京,软件服务,科创板,20211214
688367.SH,688367,工大高科,安徽,运输设备,科创板,20210628
605599.SH,605599,菜百股份,北京,服饰,主板,20210909
688038.SH,688038,中科通达,湖北,软件服务,科创板,20210713
688303.SH,688303,大全能源,新疆,电气设备,科创板,20210722
301665.SZ,301665,泰禾股份,江苏,农药化肥,创业板,20250411
688306.SH,688306,均普智能,浙江,专用机械,科创板,20220322
301131.SZ,301131,聚赛龙,广东,塑料,创业板,20220314
688718.SH,688718,唯赛勃,上海,塑料,科创板,20210728
688110.SH,688110,东芯股份,上海,半导体,科创板,20211210
301296.SZ,301296,新巨丰,山东,广告包装,创业板,20220902
688376.SH,688376,美埃科技,江苏,专用机械,科创板,20221118
301121.SZ,301121,紫建电子,重庆,电气设备,创业板,20220808
301063.SZ,301063,海锅股份,江苏,电气设备,创业板,20210924
688701.SH,688701,卓锦股份,浙江,环境保护,科创板,20210916
301228.SZ,301228,实朴检测,上海,电器仪表,创业板,20220128
688716.SH,688716,中研股份,吉林,化工原料,科创板,20230920
688798.SH,688798,艾为电子,上海,半导体,科创板,20210816
688385.SH,688385,复旦微电,上海,半导体,科创板,20210804
301331.SZ,301331,恩威医药,西藏,中成药,创业板,20220921
301160.SZ,301160,翔楼新材,江苏,机械基件,创业板,20220606
301219.SZ,301219,腾远钴业,江西,小金属,创业板,20220317
301102.SZ,301102,兆讯传媒,天津,广告包装,创业板,20220328
301075.SZ,301075,多瑞医药,西藏,化学制药,创业板,20210929
301213.SZ,301213,观想科技,四川,软件服务,创业板,20211206
301187.SZ,301187,欧圣电气,江苏,家用电器,创业板,20220422
301232.SZ,301232,飞沃科技,湖南,机械基件,创业板,20230615
603213.SH,603213,镇洋发展,浙江,化工原料,主板,20211111
688296.SH,688296,和达科技,浙江,软件服务,科创板,20210727
301080.SZ,301080,百普赛斯,北京,生物制药,创业板,20211018
301123.SZ,301123,奕东电子,广东,元器件,创业板,20220125
301048.SZ,301048,金鹰重工,湖北,运输设备,创业板,20210818
688722.SH,688722,同益中,北京,化纤,科创板,20211019
688767.SH,688767,博拓生物,浙江,医疗保健,科创板,20210908
301222.SZ,301222,浙江恒威,浙江,电气设备,创业板,20220309
301177.SZ,301177,迪阿股份,深圳,服饰,创业板,20211215
301139.SZ,301139,*ST元道,新疆,通信设备,创业板,20220708
688776.SH,688776,国光电气,四川,元器件,科创板,20210831
688511.SH,688511,天微电子,四川,元器件,科创板,20210730
301201.SZ,301201,诚达药业,浙江,生物制药,创业板,20220120
301211.SZ,301211,亨迪药业,湖北,化学制药,创业板,20211222
301086.SZ,301086,鸿富瀚,深圳,元器件,创业板,20211020
301257.SZ,301257,普蕊斯,上海,医疗保健,创业板,20220517
688120.SH,688120,华海清科,天津,半导体,科创板,20220608
301167.SZ,301167,建研设计,安徽,建筑工程,创业板,20211206
301179.SZ,301179,泽宇智能,江苏,软件服务,创业板,20211208
688768.SH,688768,容知日新,安徽,电器仪表,科创板,20210726
688486.SH,688486,龙迅股份,安徽,半导体,科创板,20230221
688670.SH,688670,金迪克,江苏,生物制药,科创板,20210802
605577.SH,605577,龙版传媒,黑龙江,出版业,主板,20210824
688775.SH,688775,影石创新,深圳,IT设备,科创板,20250611
301382.SZ,301382,蜂助手,广东,互联网,创业板,20230517
688257.SH,688257,新锐股份,江苏,机械基件,科创板,20211027
301110.SZ,301110,青木科技,广东,互联网,创业板,20220311
688772.SH,688772,珠海冠宇,广东,电气设备,科创板,20211015
301158.SZ,301158,德石股份,山东,专用机械,创业板,20220117
300834.SZ,300834,星辉环材,广东,化工原料,创业板,20220113
301113.SZ,301113,雅艺科技,浙江,家居用品,创业板,20211222
301265.SZ,301265,华新科技,北京,环境保护,创业板,20221216
301150.SZ,301150,中一科技,湖北,电气设备,创业板,20220421
301096.SZ,301096,百诚医药,浙江,医疗保健,创业板,20211220
301127.SZ,301127,武汉天源,湖北,环境保护,创业板,20211230
301136.SZ,301136,招标股份,福建,建筑工程,创业板,20220111
605033.SH,605033,美邦股份,陕西,农药化肥,主板,20210916
301339.SZ,301339,通行宝,江苏,IT设备,创业板,20220909
301196.SZ,301196,唯科科技,福建,专用机械,创业板,20220111
301162.SZ,301162,国能日新,北京,软件服务,创业板,20220429
688211.SH,688211,中科微至,江苏,专用机械,科创板,20211026
301338.SZ,301338,凯格精机,广东,专用机械,创业板,20220816
301155.SZ,301155,海力风电,江苏,电气设备,创业板,20211124
301117.SZ,301117,佳缘科技,四川,软件服务,创业板,20220117
688259.SH,688259,创耀科技,江苏,半导体,科创板,20220112
301189.SZ,301189,奥尼电子,深圳,IT设备,创业板,20211228
301217.SZ,301217,铜冠铜箔,安徽,元器件,创业板,20220127
688255.SH,688255,凯尔达,浙江,机械基件,科创板,20211025
688553.SH,688553,汇宇制药-W,四川,化学制药,科创板,20211026
688327.SH,688327,云从科技-UW,广东,软件服务,科创板,20220527
301248.SZ,301248,杰创智能,广东,软件服务,创业板,20220420
301207.SZ,301207,华兰疫苗,河南,生物制药,创业板,20220218
301135.SZ,301135,瑞德智能,广东,元器件,创业板,20220412
605567.SH,605567,春雪食品,山东,食品,主板,20211013
688114.SH,688114,华大智造,深圳,医疗保健,科创板,20220909
301233.SZ,301233,盛帮股份,四川,汽车配件,创业板,20220706
301439.SZ,301439,泓淋电力,山东,电气设备,创业板,20230317
688343.SH,688343,云天励飞-U,深圳,软件服务,科创板,20230404
001317.SZ,001317,三羊马,重庆,铁路,主板,20211130
001234.SZ,001234,泰慕士,江苏,服饰,主板,20220111
603280.SH,603280,南方路机,福建,工程机械,主板,20221108
301109.SZ,301109,军信股份,湖南,环境保护,创业板,20220413
603071.SH,603071,物产环能,浙江,批发业,主板,20211216
301212.SZ,301212,联盛化学,浙江,化工原料,创业板,20220419
688220.SH,688220,翱捷科技-U,上海,半导体,科创板,20220114
301282.SZ,301282,金禄电子,广东,元器件,创业板,20220826
301330.SZ,301330,熵基科技,广东,IT设备,创业板,20220817
688103.SH,688103,国力电子,江苏,元器件,科创板,20210910
688282.SH,688282,理工导航,北京,通信设备,科创板,20220318
688062.SH,688062,迈威生物-U,上海,生物制药,科创板,20220118
301500.SZ,301500,飞南资源,广东,环境保护,创业板,20230921
688265.SH,688265,南模生物,上海,医疗保健,科创板,20211228
688800.SH,688800,瑞可达,江苏,元器件,科创板,20210722
301165.SZ,301165,锐捷网络,福建,通信设备,创业板,20221121
301216.SZ,301216,万凯新材,浙江,化工原料,创业板,20220329
301381.SZ,301381,赛维时代,深圳,互联网,创业板,20230712
301163.SZ,301163,宏德股份,江苏,电气设备,创业板,20220419
601956.SH,601956,东贝集团,湖北,家用电器,主板,20201225
688119.SH,688119,中钢洛耐,河南,其他建材,科创板,20220606
688285.SH,688285,高铁电气,陕西,运输设备,科创板,20211020
301206.SZ,301206,三元生物,山东,食品,创业板,20220210
688711.SH,688711,宏微科技,江苏,半导体,科创板,20210901
688236.SH,688236,春立医疗,北京,医疗保健,科创板,20211230
301122.SZ,301122,采纳股份,江苏,医疗保健,创业板,20220126
688102.SH,688102,斯瑞新材,陕西,铜,科创板,20220316
688105.SH,688105,诺唯赞,江苏,生物制药,科创板,20211115
301256.SZ,301256,华融化学,四川,化工原料,创业板,20220322
301313.SZ,301313,凡拓数创,广东,文教休闲,创业板,20220930
688212.SH,688212,澳华内镜,上海,医疗保健,科创板,20211115
688151.SH,688151,华强科技,湖北,医疗保健,科创板,20211206
301229.SZ,301229,纽泰格,江苏,汽车配件,创业板,20220222
301373.SZ,301373,凌玮科技,广东,化工原料,创业板,20230208
688162.SH,688162,巨一科技,安徽,专用机械,科创板,20211110
301268.SZ,301268,铭利达,深圳,机械基件,创业板,20220407
688210.SH,688210,统联精密,深圳,元器件,科创板,20211227
603402.SH,603402,陕西旅游,陕西,旅游景点,主板,20260106
301218.SZ,301218,华是科技,浙江,软件服务,创业板,20220307
301279.SZ,301279,金道科技,浙江,工程机械,创业板,20220413
301238.SZ,301238,瑞泰新材,江苏,化工原料,创业板,20220617
301137.SZ,301137,哈焊华通,江苏,机械基件,创业板,20220322
301227.SZ,301227,森鹰窗业,黑龙江,家居用品,创业板,20220926
301125.SZ,301125,腾亚精工,江苏,机械基件,创业板,20220608
301175.SZ,301175,中科环保,北京,环境保护,创业板,20220708
688032.SH,688032,禾迈股份,浙江,电气设备,科创板,20211220
688187.SH,688187,时代电气,湖南,运输设备,科创板,20210907
688262.SH,688262,国芯科技,江苏,半导体,科创板,20220106
688737.SH,688737,中自科技,四川,汽车配件,科创板,20211022
301106.SZ,301106,骏成科技,江苏,元器件,创业板,20220128
301293.SZ,301293,三博脑科,北京,医疗保健,创业板,20230505
301215.SZ,301215,中汽股份,江苏,汽车服务,创业板,20220308
301366.SZ,301366,一博科技,深圳,元器件,创业板,20220926
301235.SZ,301235,华康洁净,湖北,医疗保健,创业板,20220128
301349.SZ,301349,信德新材,辽宁,化工原料,创业板,20220909
688049.SH,688049,炬芯科技,广东,半导体,科创板,20211129
603122.SH,603122,合富中国,上海,医药商业,主板,20220216
688697.SH,688697,纽威数控,江苏,机床制造,科创板,20210917
301276.SZ,301276,嘉曼服饰,北京,服饰,创业板,20220909
301221.SZ,301221,光庭信息,湖北,软件服务,创业板,20211222
301367.SZ,301367,瑞迈特,北京,医疗保健,创业板,20221101
301270.SZ,301270,汉仪股份,北京,软件服务,创业板,20220831
301161.SZ,301161,唯万密封,上海,工程机械,创业板,20220914
301262.SZ,301262,海看股份,山东,影视音像,创业板,20230620
688707.SH,688707,振华新材,贵州,电气设备,科创板,20210914
688272.SH,688272,富吉瑞,北京,元器件,科创板,20211018
688121.SH,688121,卓然股份,上海,专用机械,科创板,20210906
688235.SH,688235,百济神州,北京,生物制药,科创板,20211215
003041.SZ,003041,真爱美家,浙江,纺织,主板,20210406
603230.SH,603230,内蒙新华,内蒙,出版业,主板,20211224
301107.SZ,301107,瑜欣电子,重庆,机械基件,创业板,20220524
688167.SH,688167,炬光科技,陕西,元器件,科创板,20211224
301236.SZ,301236,软通动力,北京,软件服务,创业板,20220315
600927.SH,600927,永安期货,浙江,多元金融,主板,20211223
603176.SH,603176,汇通集团,河北,建筑工程,主板,20211231
603048.SH,603048,浙江黎明,浙江,汽车配件,主板,20211116
301319.SZ,301319,唯特偶,深圳,元器件,创业板,20220929
301300.SZ,301300,远翔新材,福建,化工原料,创业板,20220819
301230.SZ,301230,泓博医药,上海,生物制药,创业板,20221101
688192.SH,688192,迪哲医药-U,江苏,生物制药,科创板,20211210
301183.SZ,301183,东田微,湖北,元器件,创业板,20220524
688225.SH,688225,亚信安全,江苏,软件服务,科创板,20220209
301318.SZ,301318,维海德,深圳,IT设备,创业板,20220810
688197.SH,688197,首药控股-U,北京,化学制药,科创板,20220323
301223.SZ,301223,中荣股份,广东,广告包装,创业板,20221026
688349.SH,688349,三一重能,北京,电气设备,科创板,20220622
301468.SZ,301468,博盈特焊,广东,专用机械,创业板,20230724
688230.SH,688230,芯导科技,上海,半导体,科创板,20211201
688190.SH,688190,云路股份,山东,矿物制品,科创板,20211126
688382.SH,688382,益方生物-U,上海,生物制药,科创板,20220725
301363.SZ,301363,美好医疗,深圳,医疗保健,创业板,20221012
301097.SZ,301097,天益医疗,浙江,医疗保健,创业板,20220407
688281.SH,688281,华秦科技,陕西,航空,科创板,20220307
301283.SZ,301283,聚胶股份,广东,日用化工,创业板,20220902
601059.SH,601059,信达证券,北京,证券,主板,20230201
601728.SH,601728,中国电信,北京,电信运营,主板,20210820
603215.SH,603215,比依股份,浙江,家用电器,主板,20220218
688045.SH,688045,必易微,深圳,半导体,科创板,20220526
688107.SH,688107,安路科技,上海,半导体,科创板,20211112
603209.SH,603209,兴通股份,福建,水运,主板,20220324
301312.SZ,301312,智立方,深圳,专用机械,创业板,20220711
301408.SZ,301408,华人健康,安徽,医药商业,创业板,20230301
301288.SZ,301288,*ST清研,深圳,环境保护,创业板,20220422
688332.SH,688332,中科蓝讯,深圳,半导体,科创板,20220715
301156.SZ,301156,美农生物,上海,饲料,创业板,20220617
688249.SH,688249,晶合集成,安徽,半导体,科创板,20230505
301326.SZ,301326,捷邦科技,广东,元器件,创业板,20220921
301314.SZ,301314,科瑞思,广东,元器件,创业板,20230328
688175.SH,688175,高凌信息,广东,通信设备,科创板,20220315
688237.SH,688237,超卓航科,湖北,航空,科创板,20220701
603219.SH,603219,富佳股份,浙江,家用电器,主板,20211122
603132.SH,603132,金徽股份,甘肃,铅锌,主板,20220222
688247.SH,688247,宣泰医药,上海,化学制药,科创板,20220825
688302.SH,688302,海创药业-U,四川,生物制药,科创板,20220412
301200.SZ,301200,大族数控,深圳,专用机械,创业板,20220228
301260.SZ,301260,格力博,江苏,专用机械,创业板,20230208
301379.SZ,301379,天山电子,广西,元器件,创业板,20221101
688173.SH,688173,希荻微,广东,半导体,科创板,20220121
301357.SZ,301357,北方长龙,陕西,专用机械,创业板,20230418
688176.SH,688176,亚虹医药-U,江苏,化学制药,科创板,20220107
301157.SZ,301157,华塑科技,浙江,电气设备,创业板,20230309
301132.SZ,301132,满坤科技,江西,元器件,创业板,20220810
688053.SH,688053,ST思科瑞,四川,元器件,科创板,20220708
688052.SH,688052,纳芯微,江苏,半导体,科创板,20220422
603070.SH,603070,万控智造,浙江,电气设备,主板,20220310
603182.SH,603182,嘉华股份,山东,食品,主板,20220909
001268.SZ,001268,联合精密,广东,机械基件,主板,20220630
301399.SZ,301399,英特科技,浙江,机械基件,创业板,20230523
301322.SZ,301322,绿通科技,广东,摩托车,创业板,20230306
301413.SZ,301413,安培龙,深圳,电器仪表,创业板,20231218
301209.SZ,301209,联合化学,山东,染料涂料,创业板,20220825
688234.SH,688234,天岳先进,山东,半导体,科创板,20220112
001258.SZ,001258,立新能源,新疆,新型电力,主板,20220727
603237.SH,603237,五芳斋,浙江,食品,主板,20220831
301317.SZ,301317,鑫磊股份,浙江,机械基件,创业板,20230119
688283.SH,688283,坤恒顺维,四川,电器仪表,科创板,20220215
301308.SZ,301308,江波龙,深圳,半导体,创业板,20220805
300804.SZ,300804,广康生化,广东,农药化肥,创业板,20230627
301486.SZ,301486,致尚科技,深圳,元器件,创业板,20230707
688238.SH,688238,和元生物,上海,医疗保健,科创板,20220322
688248.SH,688248,南网科技,广东,电气设备,科创板,20211222
688209.SH,688209,英集芯,深圳,半导体,科创板,20220419
301359.SZ,301359,东南电子,浙江,元器件,创业板,20221109
301355.SZ,301355,南王科技,福建,广告包装,创业板,20230612
301320.SZ,301320,豪江智能,山东,电气设备,创业板,20230609
688337.SH,688337,普源精电,江苏,电器仪表,科创板,20220408
301289.SZ,301289,国缆检测,上海,电器仪表,创业板,20220622
301365.SZ,301365,矩阵股份,深圳,建筑工程,创业板,20221122
301328.SZ,301328,维峰电子,广东,元器件,创业板,20220908
688150.SH,688150,莱特光电,陕西,元器件,科创板,20220318
688253.SH,688253,英诺特,北京,医疗保健,科创板,20220728
688267.SH,688267,中触媒,辽宁,化工原料,科创板,20220216
301195.SZ,301195,北路智控,江苏,软件服务,创业板,20220801
301429.SZ,301429,森泰股份,安徽,其他建材,创业板,20230417
688193.SH,688193,仁度生物,上海,医疗保健,科创板,20220330
301311.SZ,301311,昆船智能,云南,机械基件,创业板,20221130
688261.SH,688261,东微半导,江苏,半导体,科创板,20220210
301567.SZ,301567,贝隆精密,浙江,元器件,创业板,20240116
301387.SZ,301387,光大同创,深圳,元器件,创业板,20230418
301205.SZ,301205,联特科技,湖北,通信设备,创业板,20220913
688153.SH,688153,唯捷创芯,天津,半导体,科创板,20220412
688401.SH,688401,路维光电,深圳,半导体,科创板,20220817
688331.SH,688331,荣昌生物,山东,生物制药,科创板,20220331
688292.SH,688292,浩瀚深度,北京,通信设备,科创板,20220818
301309.SZ,301309,万得凯,浙江,机械基件,创业板,20220919
301269.SZ,301269,华大九天,北京,半导体,创业板,20220729
301551.SZ,301551,无线传媒,河北,影视音像,创业板,20240926
001311.SZ,001311,多利科技,安徽,汽车配件,主板,20230227
001298.SZ,001298,好上好,深圳,元器件,主板,20221031
603418.SH,603418,友升股份,上海,汽车配件,主板,20250923
603325.SH,603325,博隆技术,上海,化工机械,主板,20240110
001230.SZ,001230,劲旅环境,安徽,环境保护,主板,20220715
001309.SZ,001309,德明利,深圳,半导体,主板,20220701
001318.SZ,001318,阳光乳业,江西,乳制品,主板,20220520
688207.SH,688207,格灵深瞳,北京,软件服务,科创板,20220317
688279.SH,688279,峰岹科技,深圳,半导体,科创板,20220420
301332.SZ,301332,德尔玛,广东,家用电器,创业板,20230518
603051.SH,603051,鹿山新材,广东,塑料,主板,20220325
001323.SZ,001323,慕思股份,广东,家居用品,主板,20220623
001259.SZ,001259,利仁科技,北京,家用电器,主板,20220831
001228.SZ,001228,永泰运,浙江,仓储物流,主板,20220429
001283.SZ,001283,豪鹏科技,深圳,电气设备,主板,20220905
001308.SZ,001308,康冠科技,深圳,元器件,主板,20220318
001266.SZ,001266,宏英智能,上海,电器仪表,主板,20220228
688400.SH,688400,凌云光,北京,专用机械,科创板,20220706
688362.SH,688362,甬矽电子,浙江,半导体,科创板,20221116
688320.SH,688320,禾川科技,浙江,电器仪表,科创板,20220428
688295.SH,688295,中复神鹰,江苏,化纤,科创板,20220406
688048.SH,688048,长光华芯,江苏,半导体,科创板,20220401
301519.SZ,301519,舜禹股份,安徽,专用机械,创业板,20230727
301327.SZ,301327,华宝新能,深圳,电气设备,创业板,20220919
301281.SZ,301281,科源制药,山东,化学制药,创业板,20230404
301361.SZ,301361,众智科技,河南,电气设备,创业板,20221116
688380.SH,688380,中微半导,深圳,半导体,科创板,20220805
688325.SH,688325,赛微微电,广东,半导体,科创板,20220422
688206.SH,688206,概伦电子,上海,半导体,科创板,20211228
688729.SH,688729,屹唐股份,北京,半导体,科创板,20250708
688522.SH,688522,纳睿雷达,广东,通信设备,科创板,20230301
688170.SH,688170,德龙激光,江苏,专用机械,科创板,20220429
301115.SZ,301115,联检科技,江苏,建筑工程,创业板,20220831
301105.SZ,301105,鸿铭股份,广东,专用机械,创业板,20221230
001338.SZ,001338,永顺泰,广东,啤酒,主板,20221116
001222.SZ,001222,源飞宠物,浙江,文教休闲,主板,20220818
001336.SZ,001336,楚环科技,浙江,专用机械,主板,20220725
001226.SZ,001226,拓山重工,安徽,工程机械,主板,20220622
001231.SZ,001231,农心科技,陕西,农药化肥,主板,20220819
603272.SH,603272,*ST联翔,浙江,家居用品,主板,20220520
603097.SH,603097,江苏华辰,江苏,电气设备,主板,20220512
603173.SH,603173,福斯达,浙江,机械基件,主板,20230130
603061.SH,603061,金海通,天津,半导体,主板,20230303
688213.SH,688213,思特威-W,上海,半导体,科创板,20220520
688223.SH,688223,晶科能源,江西,电气设备,科创板,20220126
688273.SH,688273,麦澜德,江苏,医疗保健,科创板,20220811
688472.SH,688472,阿特斯,江苏,电气设备,科创板,20230609
688047.SH,688047,龙芯中科,北京,半导体,科创板,20220624
688231.SH,688231,隆达股份,江苏,航空,科创板,20220722
688479.SH,688479,友车科技,上海,软件服务,科创板,20230511
688485.SH,688485,九州一轨,北京,运输设备,科创板,20230118
688420.SH,688420,美腾科技,天津,专用机械,科创板,20221209
301337.SZ,301337,亚华电子,山东,软件服务,创业板,20230526
301303.SZ,301303,真兰仪表,上海,电器仪表,创业板,20230220
301566.SZ,301566,达利凯普,辽宁,元器件,创业板,20231229
301315.SZ,301315,威士顿,上海,软件服务,创业板,20230621
301323.SZ,301323,新莱福,广东,橡胶,创业板,20230606
301396.SZ,301396,宏景科技,广东,软件服务,创业板,20221111
301277.SZ,301277,新天地,河南,化学制药,创业板,20221116
688322.SH,688322,奥比中光-W,深圳,元器件,科创板,20220707
688270.SH,688270,ST臻镭,浙江,半导体,科创板,20220127
688251.SH,688251,井松智能,安徽,专用机械,科创板,20220606
688348.SH,688348,昱能科技,浙江,电气设备,科创板,20220608
688370.SH,688370,丛麟科技,上海,环境保护,科创板,20220825
688252.SH,688252,天德钰,深圳,半导体,科创板,20220927
688503.SH,688503,聚和材料,江苏,电气设备,科创板,20221209
688125.SH,688125,安达智能,广东,专用机械,科创板,20220415
688326.SH,688326,经纬恒润-W,北京,汽车配件,科创板,20220419
301376.SZ,301376,致欧科技,河南,家居用品,创业板,20230621
301377.SZ,301377,鼎泰高科,广东,机械基件,创业板,20221122
301297.SZ,301297,富乐德,安徽,半导体,创业板,20221230
688244.SH,688244,永信至诚,北京,软件服务,科创板,20221019
688351.SH,688351,微电生理,上海,医疗保健,科创板,20220831
688115.SH,688115,思林杰,广东,电器仪表,科创板,20220314
688046.SH,688046,药康生物,江苏,生物制药,科创板,20220425
688455.SH,688455,科捷智能,山东,机械基件,科创板,20220915
688290.SH,688290,景业智能,浙江,专用机械,科创板,20220429
688353.SH,688353,华盛锂电,江苏,化工原料,科创板,20220713
301360.SZ,301360,荣旗科技,江苏,专用机械,创业板,20230425
300904.SZ,300904,威力传动,宁夏,电气设备,创业板,20230809
301456.SZ,301456,盘古智能,山东,电气设备,创业板,20230714
301278.SZ,301278,快可电子,江苏,电气设备,创业板,20220804
301489.SZ,301489,思泉新材,广东,元器件,创业板,20231024
301246.SZ,301246,宏源药业,湖北,化学制药,创业板,20230320
301448.SZ,301448,开创电气,浙江,机械基件,创业板,20230619
301151.SZ,301151,冠龙节能,上海,机械基件,创业板,20220411
301488.SZ,301488,豪恩汽电,深圳,汽车配件,创业板,20230704
603191.SH,603191,望变电气,重庆,电气设备,主板,20220428
603235.SH,603235,天新药业,江西,化学制药,主板,20220712
603211.SH,603211,晋拓股份,上海,汽车配件,主板,20220725
603201.SH,603201,常润股份,江苏,汽车配件,主板,20220729
603206.SH,603206,嘉环科技,江苏,通信设备,主板,20220506
601089.SH,601089,福元医药,北京,化学制药,主板,20220630
603057.SH,603057,紫燕食品,上海,食品,主板,20220926
603170.SH,603170,宝立食品,上海,食品,主板,20220715
001322.SZ,001322,箭牌家居,广东,家居用品,主板,20221026
001301.SZ,001301,尚太科技,河北,电气设备,主板,20221228
001339.SZ,001339,智微智能,深圳,IT设备,主板,20220815
001314.SZ,001314,亿道信息,深圳,元器件,主板,20230214
001316.SZ,001316,润贝航科,深圳,批发业,主板,20220624
001270.SZ,001270,*ST铖昌,浙江,半导体,主板,20220606
001238.SZ,001238,浙江正特,浙江,家居用品,主板,20220919
001260.SZ,001260,坤泰股份,山东,汽车配件,主板,20230216
603190.SH,603190,亚通精工,山东,汽车配件,主板,20230217
603291.SH,603291,联合水务,江苏,水务,主板,20230327
603151.SH,603151,邦基科技,山东,饲料,主板,20221019
603163.SH,603163,圣晖集成,江苏,建筑工程,主板,20221013
001300.SZ,001300,三柏硕,山东,文教休闲,主板,20221019
001319.SZ,001319,铭科精技,广东,汽车配件,主板,20220512
001331.SZ,001331,胜通能源,山东,供气供热,主板,20220908
001255.SZ,001255,博菲电气,浙江,电气设备,主板,20220930
001366.SZ,001366,播恩集团,江西,饲料,主板,20230307
001229.SZ,001229,魅视科技,广东,IT设备,主板,20220808
301197.SZ,301197,工大科雅,河北,软件服务,创业板,20220808
301389.SZ,301389,隆扬电子,江苏,元器件,创业板,20221031
301273.SZ,301273,瑞晨环保,上海,机械基件,创业板,20221025
301306.SZ,301306,西测测试,陕西,航空,创业板,20220726
301368.SZ,301368,丰立智能,浙江,机械基件,创业板,20221215
301307.SZ,301307,美利信,重庆,通信设备,创业板,20230424
301356.SZ,301356,天振股份,浙江,家居用品,创业板,20221114
301388.SZ,301388,欣灵电气,浙江,电气设备,创业板,20221109
301397.SZ,301397,溯联股份,重庆,汽车配件,创业板,20230628
301316.SZ,301316,慧博云通,浙江,软件服务,创业板,20221013
301255.SZ,301255,通力科技,浙江,机械基件,创业板,20221227
301280.SZ,301280,珠城科技,浙江,元器件,创业板,20221226
301526.SZ,301526,国际复材,重庆,玻璃,创业板,20231226
301329.SZ,301329,信音电子,江苏,元器件,创业板,20230717
301386.SZ,301386,未来电器,江苏,电气设备,创业板,20230329
301516.SZ,301516,中远通,深圳,电气设备,创业板,20231208
301369.SZ,301369,联动科技,广东,半导体,创业板,20220922
301272.SZ,301272,英华特,江苏,专用机械,创业板,20230713
301095.SZ,301095,广立微,浙江,半导体,创业板,20220805
301170.SZ,301170,锡南科技,江苏,汽车配件,创业板,20230627
301378.SZ,301378,通达海,江苏,软件服务,创业板,20230320
301325.SZ,301325,曼恩斯特,深圳,专用机械,创业板,20230512
301290.SZ,301290,东星医疗,江苏,医疗保健,创业板,20221130
301305.SZ,301305,朗坤科技,深圳,环境保护,创业板,20230523
301285.SZ,301285,鸿日达,江苏,元器件,创业板,20220928
301558.SZ,301558,三态股份,深圳,互联网,创业板,20230928
301292.SZ,301292,海科新源,山东,化工原料,创业板,20230707
301555.SZ,301555,惠柏新材,上海,化工原料,创业板,20231031
688072.SH,688072,拓荆科技,辽宁,半导体,科创板,20220420
603153.SH,603153,上海建科,上海,建筑工程,主板,20230313
603255.SH,603255,鼎际得,辽宁,化工原料,主板,20220818
001216.SZ,001216,华瓷股份,湖南,家居用品,主板,20211019
301391.SZ,301391,卡莱特,深圳,IT设备,创业板,20221201
001400.SZ,001400,江顺科技,江苏,专用机械,主板,20250424
001333.SZ,001333,光华股份,浙江,化工原料,主板,20221208
600941.SH,600941,中国移动,北京,电信运营,主板,20220105
301301.SZ,301301,川宁生物,新疆,化学制药,创业板,20221227
301176.SZ,301176,逸豪新材,江西,元器件,创业板,20220928
301225.SZ,301225,恒勃股份,浙江,汽车配件,创业板,20230616
301371.SZ,301371,敷尔佳,黑龙江,日用化工,创业板,20230801
920964.BJ,920964,润农节水,河北,建筑工程,北交所,20200727
920418.BJ,920418,苏轴股份,江苏,汽车配件,北交所,20200727
920198.BJ,920198,微创光电,湖北,IT设备,北交所,20200727
920149.BJ,920149,旭杰科技,江苏,建筑工程,北交所,20200727
920184.BJ,920184,国源科技,北京,软件服务,北交所,20200727
920185.BJ,920185,贝特瑞,深圳,化工原料,北交所,20200727
920163.BJ,920163,方大新材,河北,塑料,北交所,20200727
920729.BJ,920729,永顺生物,广东,农业综合,北交所,20200727
920640.BJ,920640,富士达,陕西,通信设备,北交所,20200727
920242.BJ,920242,建邦科技,山东,汽车配件,北交所,20200727
920167.BJ,920167,同享科技,江苏,小金属,北交所,20200727
920266.BJ,920266,生物谷,云南,中成药,北交所,20200727
920961.BJ,920961,创远信科,上海,电器仪表,北交所,20200727
920278.BJ,920278,鹿得医疗,江苏,医疗保健,北交所,20200727
920021.BJ,920021,流金科技,北京,影视音像,北交所,20200727
920415.BJ,920415,恒拓开源,河南,软件服务,北交所,20200727
920475.BJ,920475,三友科技,浙江,专用机械,北交所,20200727
920799.BJ,920799,艾融软件,上海,软件服务,北交所,20200727
920489.BJ,920489,佳先股份,安徽,化工原料,北交所,20200727
920946.BJ,920946,森萱医药,江苏,化学制药,北交所,20200727
920370.BJ,920370,新安洁,重庆,环境保护,北交所,20200727
920819.BJ,920819,颖泰生物,北京,农药化肥,北交所,20200727
920077.BJ,920077,吉林碳谷,吉林,化纤,北交所,20210831
920682.BJ,920682,球冠电缆,浙江,电气设备,北交所,20200727
920305.BJ,920305,*ST云创,江苏,软件服务,北交所,20210826
920174.BJ,920174,五新隧装,湖南,工程机械,北交所,20210820
920010.BJ,920010,凯添燃气,宁夏,供气供热,北交所,20200727
920445.BJ,920445,龙竹科技,福建,家居用品,北交所,20200727
920039.BJ,920039,国义招标,广东,建筑工程,北交所,20210818
920368.BJ,920368,连城数控,辽宁,专用机械,北交所,20200727
920642.BJ,920642,通易航天,江苏,航空,北交所,20210816
920508.BJ,920508,殷图网联,北京,电气设备,北交所,20200727
920263.BJ,920263,中航泰达,北京,环境保护,北交所,20200727
920566.BJ,920566,梓橦宫,四川,化学制药,北交所,20210813
920433.BJ,920433,大唐药业,内蒙,中成药,北交所,20200727
920090.BJ,920090,*ST同辉,北京,IT设备,北交所,20210809
920839.BJ,920839,万通液压,山东,工程机械,北交所,20201109
920553.BJ,920553,凯腾精工,北京,专用机械,北交所,20210806
920146.BJ,920146,华阳变速,湖北,汽车配件,北交所,20210720
920885.BJ,920885,星辰科技,广西,电器仪表,北交所,20210708
920765.BJ,920765,美之高,深圳,家居用品,北交所,20210705
920768.BJ,920768,拾比佰,广东,家用电器,北交所,20210628
920212.BJ,920212,智新电子,山东,元器件,北交所,20210608
920726.BJ,920726,朱老六,吉林,食品,北交所,20210527
920523.BJ,920523,德瑞锂电,广东,电气设备,北交所,20210603
920225.BJ,920225,利通科技,河南,橡胶,北交所,20210225
920832.BJ,920832,齐鲁华信,山东,化工原料,北交所,20210223
920599.BJ,920599,同力股份,陕西,工程机械,北交所,20210222
920735.BJ,920735,德源药业,江苏,化学制药,北交所,20210219
920239.BJ,920239,长虹能源,四川,电气设备,北交所,20210209
920427.BJ,920427,华维设计,江西,建筑工程,北交所,20210205
920275.BJ,920275,驱动力,广东,农业综合,北交所,20210125
920826.BJ,920826,盖世食品,辽宁,食品,北交所,20210112
920509.BJ,920509,同惠电子,江苏,电器仪表,北交所,20210111
920344.BJ,920344,三元基因,北京,生物制药,北交所,20210108
920510.BJ,920510,丰光精密,山东,机械基件,北交所,20201228
920675.BJ,920675,秉扬科技,四川,矿物制品,北交所,20201228
920856.BJ,920856,浩淼科技,安徽,专用机械,北交所,20201225
920000.BJ,920000,安徽凤凰,安徽,汽车配件,北交所,20201223
920670.BJ,920670,数字人,山东,软件服务,北交所,20201208
920030.BJ,920030,德众汽车,湖南,汽车服务,北交所,20201127
920047.BJ,920047,诺思兰德,北京,生物制药,北交所,20201124
920396.BJ,920396,常辅股份,江苏,电器仪表,北交所,20201118
688428.SH,688428,诺诚健华,北京,生物制药,科创板,20220921
001376.SZ,001376,百通能源,江西,供气供热,主板,20231103
603052.SH,603052,可川科技,江苏,元器件,主板,20221011
301353.SZ,301353,普莱得,浙江,专用机械,创业板,20230530
601022.SH,601022,宁波远洋,浙江,水运,主板,20221208
603065.SH,603065,宿迁联盛,江苏,化工原料,主板,20230321
301141.SZ,301141,中科磁业,浙江,矿物制品,创业板,20230403
688297.SH,688297,中无人机,四川,航空,科创板,20220629
688375.SH,688375,国博电子,江苏,元器件,科创板,20220722
688203.SH,688203,海正生材,浙江,塑料,科创板,20220816
601868.SH,601868,中国能建,北京,建筑工程,主板,20210928
688615.SH,688615,合合信息,上海,软件服务,科创板,20240926
601136.SH,601136,首创证券,北京,证券,主板,20221222
603130.SH,603130,云中马,浙江,纺织,主板,20221118
603072.SH,603072,天和磁材,内蒙,矿物制品,主板,20250103
001223.SZ,001223,欧克科技,江西,专用机械,主板,20221212
001256.SZ,001256,炜冈科技,浙江,轻工机械,主板,20221205
301210.SZ,301210,金杨精密,江苏,电气设备,创业板,20230630
301358.SZ,301358,湖南裕能,湖南,电气设备,创业板,20230209
920089.BJ,920089,禾昌聚合,江苏,塑料,北交所,20211109
920092.BJ,920092,汉鑫科技,山东,软件服务,北交所,20211115
920924.BJ,920924,广脉科技,浙江,通信设备,北交所,20211103
920405.BJ,920405,海希通讯,上海,电器仪表,北交所,20211105
920145.BJ,920145,恒合股份,北京,环境保护,北交所,20211115
920892.BJ,920892,广咨国际,广东,建筑工程,北交所,20211028
920925.BJ,920925,锦好医疗,广东,医疗保健,北交所,20211025
688371.SH,688371,菲沃泰,江苏,元器件,科创板,20220802
688426.SH,688426,康为世纪,江苏,生物制药,科创板,20221025
301520.SZ,301520,万邦医药,安徽,生物制药,创业板,20230925
301202.SZ,301202,朗威股份,江苏,机械基件,创业板,20230705
603281.SH,603281,江瀚新材,湖北,化工原料,主板,20230131
600925.SH,600925,苏能股份,江苏,煤炭开采,主板,20230329
001388.SZ,001388,信通电子,山东,电气设备,主板,20250701
001337.SZ,001337,四川黄金,四川,黄金,主板,20230303
688205.SH,688205,德科立,江苏,通信设备,科创板,20220809
688035.SH,688035,德邦科技,山东,半导体,科创板,20220919
301252.SZ,301252,同星科技,浙江,机械基件,创业板,20230525
688416.SH,688416,恒烁股份,安徽,半导体,科创板,20220829
001225.SZ,001225,和泰机电,浙江,专用机械,主板,20230222
688130.SH,688130,晶华微,浙江,半导体,科创板,20220729
301295.SZ,301295,美硕科技,浙江,电气设备,创业板,20230628
920932.BJ,920932,科达自控,山西,软件服务,北交所,20211115
920171.BJ,920171,志晟信息,河北,软件服务,北交所,20211115
920454.BJ,920454,同心传动,河南,汽车配件,北交所,20211115
920873.BJ,920873,中设咨询,重庆,建筑工程,北交所,20211115
920260.BJ,920260,中寰股份,四川,专用机械,北交所,20211115
920720.BJ,920720,吉冈精密,江苏,机械基件,北交所,20211124
920436.BJ,920436,大地电气,江苏,汽车配件,北交所,20211115
920981.BJ,920981,晶赛科技,安徽,元器件,北交所,20211115
603073.SH,603073,彩蝶实业,浙江,纺织,主板,20230316
603307.SH,603307,扬州金泉,江苏,文教休闲,主板,20230216
688410.SH,688410,山外山,重庆,医疗保健,科创板,20221226
001368.SZ,001368,通达创智,福建,文教休闲,主板,20230313
688403.SH,688403,汇成股份,安徽,半导体,科创板,20220818
688373.SH,688373,盟科药业-U,上海,化学制药,科创板,20220805
688041.SH,688041,海光信息,天津,半导体,科创板,20220812
301321.SZ,301321,翰博高新,安徽,元器件,创业板,20220818
301192.SZ,301192,泰祥股份,湖北,汽车配件,创业板,20220811
688287.SH,688287,*ST观典,北京,航空,科创板,20220525
001267.SZ,001267,汇绿生态,湖北,通信设备,主板,20211117
301287.SZ,301287,康力源,江苏,文教休闲,创业板,20230614
001358.SZ,001358,兴欣新材,浙江,化工原料,主板,20231221
600938.SH,600938,中国海油,北京,石油开采,主板,20220421
688291.SH,688291,金橙子,北京,软件服务,科创板,20221026
920533.BJ,920533,骏创科技,江苏,汽车配件,北交所,20220524
920689.BJ,920689,克莱特,山东,专用机械,北交所,20220321
920419.BJ,920419,路斯股份,山东,饲料,北交所,20220311
920152.BJ,920152,昆工科技,云南,小金属,北交所,20220901
920299.BJ,920299,灿能电力,江苏,电气设备,北交所,20220610
920245.BJ,920245,威博液压,江苏,机械基件,北交所,20220106
920564.BJ,920564,天润科技,陕西,软件服务,北交所,20220617
920857.BJ,920857,泓禧科技,重庆,元器件,北交所,20220228
920821.BJ,920821,则成电子,深圳,元器件,北交所,20220706
920580.BJ,920580,科创新材,河南,其他建材,北交所,20220513
920346.BJ,920346,威贸电子,上海,元器件,北交所,20220223
920204.BJ,920204,沪江材料,江苏,塑料,北交所,20220118
920834.BJ,920834,三维装备,江苏,塑料,北交所,20220822
920970.BJ,920970,大禹生物,山西,饲料,北交所,20220518
688506.SH,688506,百利天恒,四川,化学制药,科创板,20230106
301528.SZ,301528,多浦乐,广东,电器仪表,创业板,20230828
920046.BJ,920046,亿能电力,江苏,电气设备,北交所,20221013
920169.BJ,920169,七丰精工,浙江,机械基件,北交所,20220415
920943.BJ,920943,优机股份,四川,机械基件,北交所,20220624
920223.BJ,920223,荣亿精密,浙江,机械基件,北交所,20220609
920062.BJ,920062,科润智控,浙江,电气设备,北交所,20220713
920179.BJ,920179,凯德石英,北京,矿物制品,北交所,20220304
301310.SZ,301310,鑫宏业,江苏,汽车配件,创业板,20230602
688293.SH,688293,奥浦迈,上海,生物制药,科创板,20220902
301261.SZ,301261,恒工精密,河北,机械基件,创业板,20230710
688381.SH,688381,帝奥微,江苏,半导体,科创板,20220823
688439.SH,688439,振华风光,贵州,元器件,科创板,20220826
688657.SH,688657,浩辰软件,江苏,软件服务,科创板,20231010
688073.SH,688073,毕得医药,上海,化学制药,科创板,20221011
688031.SH,688031,星环科技-U,上海,软件服务,科创板,20221018
301348.SZ,301348,蓝箭电子,广东,半导体,创业板,20230810
688419.SH,688419,耐科装备,安徽,半导体,科创板,20221107
301390.SZ,301390,经纬股份,浙江,建筑工程,创业板,20230508
301525.SZ,301525,儒竞科技,上海,家用电器,创业板,20230830
688409.SH,688409,富创精密,辽宁,半导体,科创板,20221010
301511.SZ,301511,德福科技,江西,电气设备,创业板,20230817
601061.SH,601061,中信金属,北京,商贸代理,主板,20230410
001287.SZ,001287,中电港,深圳,元器件,主板,20230410
688391.SH,688391,钜泉科技,上海,半导体,科创板,20220913
688475.SH,688475,萤石网络,浙江,IT设备,科创板,20221228
301512.SZ,301512,智信精密,深圳,专用机械,创业板,20230720
603282.SH,603282,亚光股份,浙江,专用机械,主板,20230315
603373.SH,603373,安邦护卫,浙江,仓储物流,主板,20231220
001286.SZ,001286,陕西能源,陕西,火力发电,主板,20230410
301517.SZ,301517,陕西华达,陕西,元器件,创业板,20231017
920879.BJ,920879,基康技术,北京,电器仪表,北交所,20221220
301510.SZ,301510,固高科技,深圳,电器仪表,创业板,20230815
301393.SZ,301393,昊帆生物,江苏,化工原料,创业板,20230712
301383.SZ,301383,天键股份,江西,元器件,创业板,20230609
688184.SH,688184,ST帕瓦,浙江,电气设备,科创板,20220919
920378.BJ,920378,泰德股份,山东,汽车配件,北交所,20220620
301515.SZ,301515,港通医疗,四川,医疗保健,创业板,20230725
688489.SH,688489,三未信安,北京,IT设备,科创板,20221202
688496.SH,688496,ST清越,江苏,元器件,科创板,20221228
301459.SZ,301459,丰茂股份,浙江,汽车配件,创业板,20231213
001367.SZ,001367,海森药业,浙江,化学制药,主板,20230410
688061.SH,688061,灿瑞科技,上海,半导体,科创板,20221018
688361.SH,688361,中科飞测,深圳,半导体,科创板,20230519
688143.SH,688143,长盈通,湖北,通信设备,科创板,20221212
688152.SH,688152,麒麟信安,湖南,软件服务,科创板,20221028
301509.SZ,301509,金凯生科,辽宁,化学制药,创业板,20230803
688387.SH,688387,信科移动-U,湖北,通信设备,科创板,20220926
920870.BJ,920870,恒进感应,湖北,机床制造,北交所,20220705
688459.SH,688459,哈铁科技,黑龙江,运输设备,科创板,20221012
688448.SH,688448,磁谷科技,江苏,专用机械,科创板,20220921
301589.SZ,301589,诺瓦星云,陕西,IT设备,创业板,20240208
688702.SH,688702,盛科通信-U,江苏,半导体,科创板,20230914
688432.SH,688432,有研硅,北京,半导体,科创板,20221110
603135.SH,603135,中重科技,天津,专用机械,主板,20230410
601065.SH,601065,江盐集团,江西,化工原料,主板,20230410
603125.SH,603125,常青科技,江苏,化工原料,主板,20230410
301548.SZ,301548,崇德科技,湖南,机械基件,创业板,20230920
301392.SZ,301392,汇成真空,广东,专用机械,创业板,20240605
301487.SZ,301487,盟固利,天津,化工原料,创业板,20230809
688137.SH,688137,近岸蛋白,江苏,生物制药,科创板,20220929
688435.SH,688435,英方软件,上海,软件服务,科创板,20230119
688372.SH,688372,伟测科技,上海,半导体,科创板,20221026
920402.BJ,920402,硅烷科技,河南,化工原料,北交所,20220928
301421.SZ,301421,波长光电,江苏,元器件,创业板,20230823
301563.SZ,301563,云汉芯城,上海,元器件,创业板,20250930
301498.SZ,301498,乖宝宠物,山东,饲料,创业板,20230816
920491.BJ,920491,奥迪威,广东,元器件,北交所,20220614
920639.BJ,920639,晨光电缆,浙江,电气设备,北交所,20220712
688392.SH,688392,骄成超声,上海,专用机械,科创板,20220927
301632.SZ,301632,广东建科,广东,建筑工程,创业板,20250812
301559.SZ,301559,中集环科,江苏,专用机械,创业板,20231011
301577.SZ,301577,美信科技,广东,元器件,创业板,20240124
301203.SZ,301203,国泰环保,浙江,环境保护,创业板,20230404
920871.BJ,920871,派特尔,广东,塑料,北交所,20220722
920130.BJ,920130,立方控股,浙江,软件服务,北交所,20231102
920271.BJ,920271,邦德股份,山东,汽车配件,北交所,20220602
920790.BJ,920790,联迪信息,江苏,软件服务,北交所,20220902
920395.BJ,920395,朗鸿科技,浙江,IT设备,北交所,20220901
688480.SH,688480,赛恩斯,湖南,环境保护,科创板,20221125
688271.SH,688271,联影医疗,上海,医疗保健,科创板,20220822
688084.SH,688084,晶品特装,北京,专用机械,科创板,20221208
301291.SZ,301291,明阳电气,广东,电气设备,创业板,20230630
301578.SZ,301578,辰奕智能,广东,IT设备,创业板,20231228
301550.SZ,301550,斯菱智驱,浙江,汽车配件,创业板,20230915
301507.SZ,301507,民生健康,浙江,化学制药,创业板,20230905
301499.SZ,301499,维科精密,上海,汽车配件,创业板,20230721
301533.SZ,301533,威马农机,重庆,农用机械,创业板,20230818
920267.BJ,920267,鑫汇科,深圳,元器件,北交所,20220527
001324.SZ,001324,长青科技,江苏,运输设备,主板,20230522
001278.SZ,001278,一彬科技,浙江,汽车配件,主板,20230308
603137.SH,603137,恒尚节能,江苏,装修装饰,主板,20230419
601133.SH,601133,柏诚股份,江苏,建筑工程,主板,20230410
688275.SH,688275,万润新能,湖北,电气设备,科创板,20220929
688549.SH,688549,中巨芯-U,浙江,元器件,科创板,20230908
688498.SH,688498,源杰科技,陕西,半导体,科创板,20221221
001289.SZ,001289,龙源电力,北京,新型电力,主板,20220124
001373.SZ,001373,翔腾新材,江苏,元器件,主板,20230601
301529.SZ,301529,福赛科技,安徽,汽车配件,创业板,20230911
920985.BJ,920985,海泰新能,河北,电气设备,北交所,20220808
301518.SZ,301518,长华化学,江苏,化工原料,创业板,20230803
920725.BJ,920725,惠丰钻石,河南,矿物制品,北交所,20220718
001306.SZ,001306,夏厦精密,浙江,机械基件,主板,20231116
001378.SZ,001378,德冠新材,广东,塑料,主板,20231030
688709.SH,688709,成都华微,四川,半导体,科创板,20240207
920575.BJ,920575,*ST康乐,北京,生物制药,北交所,20230315
688141.SH,688141,杰华特,浙江,半导体,科创板,20221223
688525.SH,688525,佰维存储,深圳,半导体,科创板,20221230
920270.BJ,920270,天铭科技,浙江,汽车配件,北交所,20220902
920122.BJ,920122,中纺标,北京,综合类,北交所,20220927
301588.SZ,301588,美新科技,广东,家居用品,创业板,20240313
301580.SZ,301580,爱迪特,河北,医疗保健,创业板,20240626
001380.SZ,001380,华纬科技,浙江,汽车配件,主板,20230516
688172.SH,688172,燕东微,北京,半导体,科创板,20221216
301535.SZ,301535,浙江华远,浙江,汽车配件,创业板,20250327
603172.SH,603172,万丰股份,浙江,染料涂料,主板,20230510
301598.SZ,301598,博科测试,北京,专用机械,创业板,20241220
301539.SZ,301539,宏鑫科技,浙江,汽车配件,创业板,20240415
920230.BJ,920230,欧康医药,四川,生物制药,北交所,20221209
688478.SH,688478,晶升股份,江苏,半导体,科创板,20230424
603276.SH,603276,恒兴新材,江苏,化工原料,主板,20230925
920866.BJ,920866,绿亨科技,广东,农药化肥,北交所,20221209
920429.BJ,920429,康比特,北京,食品,北交所,20221215
920261.BJ,920261,一诺威,山东,化工原料,北交所,20230403
301568.SZ,301568,思泰克,福建,专用机械,创业板,20231128
920367.BJ,920367,新赣江,江西,化学制药,北交所,20230209
920207.BJ,920207,众诚科技,河南,软件服务,北交所,20220923
001282.SZ,001282,三联锻造,安徽,汽车配件,主板,20230524
688512.SH,688512,慧智微-U,广东,半导体,科创板,20230516
603120.SH,603120,肯特催化,浙江,化工原料,主板,20250416
300784.SZ,300784,利安科技,浙江,塑料,创业板,20240607
920110.BJ,920110,雷特科技,广东,电气设备,北交所,20221206
920718.BJ,920718,合肥高科,安徽,家用电器,北交所,20221222
920273.BJ,920273,一致魔芋,湖北,食品,北交所,20230221
301508.SZ,301508,中机认检,北京,电器仪表,创业板,20231201
603193.SH,603193,润本股份,广东,日用化工,主板,20231017
001360.SZ,001360,南矿集团,江西,工程机械,主板,20230410
001386.SZ,001386,马可波罗,广东,家居用品,主板,20251022
688352.SH,688352,颀中科技,安徽,半导体,科创板,20230420
301608.SZ,301608,博实结,深圳,通信设备,创业板,20240801
301501.SZ,301501,恒鑫生活,安徽,造纸,创业板,20250319
688307.SH,688307,中润光学,浙江,元器件,科创板,20230216
920753.BJ,920753,天纺标,天津,纺织,北交所,20221031
301565.SZ,301565,中仑新材,福建,塑料,创业板,20240620
920627.BJ,920627,力王股份,广东,电气设备,北交所,20230907
920608.BJ,920608,丰安股份,浙江,机械基件,北交所,20221216
920058.BJ,920058,华洋赛车,浙江,摩托车,北交所,20230810
301538.SZ,301538,骏鼎达,深圳,塑料,创业板,20240320
301552.SZ,301552,科力装备,河北,汽车配件,创业板,20240722
301616.SZ,301616,浙江华业,浙江,机械基件,创业板,20250327
301586.SZ,301586,佳力奇,安徽,航空,创业板,20240828
920476.BJ,920476,海能技术,山东,电器仪表,北交所,20221014
301629.SZ,301629,矽电股份,深圳,半导体,创业板,20250324
920571.BJ,920571,国航远洋,福建,水运,北交所,20221215
688458.SH,688458,美芯晟,北京,半导体,科创板,20230522
688562.SH,688562,航天软件,北京,软件服务,科创板,20230524
301606.SZ,301606,绿联科技,深圳,元器件,创业板,20240726
001328.SZ,001328,登康口腔,重庆,日用化工,主板,20230410
001326.SZ,001326,联域股份,深圳,电气设备,主板,20231109
603119.SH,603119,浙江荣泰,浙江,汽车配件,主板,20230801
603004.SH,603004,鼎龙科技,浙江,化工原料,主板,20231227
603162.SH,603162,海通发展,福建,水运,主板,20230329
920982.BJ,920982,锦波生物,山西,医疗保健,北交所,20230720
920971.BJ,920971,天马新材,河南,化工原料,北交所,20220927
920974.BJ,920974,凯大催化,浙江,化工原料,北交所,20230308
688627.SH,688627,精智达,深圳,专用机械,科创板,20230718
688671.SH,688671,碧兴物联,深圳,环境保护,科创板,20230809
688620.SH,688620,安凯微,广东,半导体,科创板,20230627
920556.BJ,920556,雅达股份,广东,电器仪表,北交所,20230317
920662.BJ,920662,方盛股份,江苏,机械基件,北交所,20221128
301571.SZ,301571,国科天成,北京,元器件,创业板,20240821
301596.SZ,301596,瑞迪智驱,四川,机械基件,创业板,20240513
688535.SH,688535,华海诚科,江苏,半导体,科创板,20230404
688693.SH,688693,锴威特,江苏,半导体,科创板,20230818
920247.BJ,920247,华密新材,河北,橡胶,北交所,20221223
920876.BJ,920876,慧为智能,深圳,元器件,北交所,20221109
920914.BJ,920914,远航精密,江苏,小金属,北交所,20221111
920685.BJ,920685,新芝生物,浙江,电器仪表,北交所,20221010
920023.BJ,920023,*ST田野,广西,食品,北交所,20230202
301602.SZ,301602,超研股份,广东,医疗保健,创业板,20250122
920895.BJ,920895,花溪科技,河南,农用机械,北交所,20230406
920017.BJ,920017,星昊医药,北京,化学制药,北交所,20230531
301607.SZ,301607,富特科技,浙江,汽车配件,创业板,20240904
301658.SZ,301658,首航新能,深圳,电气设备,创业板,20250402
301626.SZ,301626,苏州天脉,江苏,元器件,创业板,20241024
301601.SZ,301601,惠通科技,江苏,专用机械,创业板,20250115
301617.SZ,301617,博苑股份,山东,化工原料,创业板,20241211
688708.SH,688708,佳驰科技,四川,化工原料,科创板,20241205
920237.BJ,920237,力佳科技,湖北,电气设备,北交所,20221125
688443.SH,688443,智翔金泰-U,重庆,生物制药,科创板,20230620
301502.SZ,301502,华阳智能,江苏,电气设备,创业板,20240202
301575.SZ,301575,艾芬达,江西,家居用品,创业板,20250910
301631.SZ,301631,壹连科技,深圳,元器件,创业板,20241122
920374.BJ,920374,云里物里,深圳,通信设备,北交所,20221129
688484.SH,688484,南芯科技,上海,半导体,科创板,20230407
688531.SH,688531,日联科技,江苏,专用机械,科创板,20230331
301251.SZ,301251,威尔高,江西,元器件,创业板,20230906
301678.SZ,301678,新恒汇,山东,半导体,创业板,20250620
301628.SZ,301628,强达电路,深圳,元器件,创业板,20241031
301603.SZ,301603,乔锋智能,广东,机床制造,创业板,20240710
920422.BJ,920422,润普食品,江苏,食品,北交所,20230301
920855.BJ,920855,浙江大农,浙江,机床制造,北交所,20221229
920087.BJ,920087,秋乐种业,河南,种植业,北交所,20221207
920808.BJ,920808,曙光数创,北京,IT设备,北交所,20221118
920139.BJ,920139,华岭股份,上海,半导体,北交所,20221028
688570.SH,688570,天玛智控,北京,专用机械,科创板,20230605
688623.SH,688623,双元科技,浙江,专用机械,科创板,20230608
688610.SH,688610,埃科光电,安徽,电器仪表,科创板,20230719
688523.SH,688523,航天环宇,湖南,航空,科创板,20230602
688631.SH,688631,莱斯信息,江苏,软件服务,科创板,20230628
301662.SZ,301662,宏工科技,广东,专用机械,创业板,20250417
920252.BJ,920252,天宏锂电,浙江,电气设备,北交所,20230119
920641.BJ,920641,格利尔,江苏,矿物制品,北交所,20221202
920942.BJ,920942,恒立钻具,湖北,机械基件,北交所,20221208
920802.BJ,920802,保丽洁,江苏,环境保护,北交所,20230206
688146.SH,688146,中船特气,河北,半导体,科创板,20230421
688612.SH,688612,威迈斯,深圳,汽车配件,科创板,20230726
688576.SH,688576,西山科技,重庆,医疗保健,科创板,20230606
688429.SH,688429,时创能源,江苏,电气设备,科创板,20230629
688563.SH,688563,航材股份,北京,航空,科创板,20230719
301536.SZ,301536,星宸科技,福建,半导体,创业板,20240328
688543.SH,688543,国科军工,江西,专用机械,科创板,20230621
688646.SH,688646,ST逸飞,湖北,专用机械,科创板,20230728
688582.SH,688582,芯动联科,安徽,元器件,科创板,20230630
920957.BJ,920957,汉维科技,广东,化工原料,北交所,20221214
920527.BJ,920527,夜光明,浙江,化工原料,北交所,20221027
301556.SZ,301556,托普云农,浙江,软件服务,创业板,20241017
001395.SZ,001395,亚联机械,吉林,专用机械,主板,20250127
001279.SZ,001279,强邦新材,安徽,广告包装,主板,20241011
603275.SH,603275,众辰科技,上海,电器仪表,主板,20230823
603205.SH,603205,健尔康,江苏,医疗保健,主板,20241107
603075.SH,603075,热威股份,浙江,家用电器,主板,20230911
601096.SH,601096,宏盛华源,山东,钢加工,主板,20231222
603350.SH,603350,安乃达,上海,电气设备,主板,20240703
603273.SH,603273,天元智能,江苏,专用机械,主板,20231023
603310.SH,603310,巍华新材,浙江,化工原料,主板,20240814
920906.BJ,920906,舜宇精工,浙江,汽车配件,北交所,20230222
920199.BJ,920199,倍益康,四川,家用电器,北交所,20221201
920195.BJ,920195,三祥科技,山东,汽车配件,北交所,20221230
920392.BJ,920392,佳合科技,江苏,广告包装,北交所,20221230
688433.SH,688433,华曙高科,湖南,专用机械,科创板,20230417
301557.SZ,301557,常友科技,江苏,电气设备,创业板,20250304
920950.BJ,920950,迅安科技,江苏,元器件,北交所,20230111
920478.BJ,920478,峆一药业,安徽,化学制药,北交所,20230223
920810.BJ,920810,春光智能,辽宁,专用机械,北交所,20221216
920190.BJ,920190,雷神科技,山东,IT设备,北交所,20221223
920781.BJ,920781,瑞奇智造,四川,专用机械,北交所,20221226
920014.BJ,920014,特瑞斯,江苏,专用机械,北交所,20221213
920351.BJ,920351,华光源海,湖南,仓储物流,北交所,20221229
920493.BJ,920493,并行科技,北京,软件服务,北交所,20231101
920634.BJ,920634,新威凌,湖南,铅锌,北交所,20221124
920748.BJ,920748,路桥信息,福建,软件服务,北交所,20230816
920579.BJ,920579,机科股份,北京,机械基件,北交所,20231130
688593.SH,688593,新相微,上海,半导体,科创板,20230601
688651.SH,688651,盛邦安全,北京,软件服务,科创板,20230726
301630.SZ,301630,同宇新材,广东,化工原料,创业板,20250710
301618.SZ,301618,长联科技,广东,染料涂料,创业板,20240930
301592.SZ,301592,六九一二,四川,软件服务,创业板,20241024
920414.BJ,920414,欧普泰,上海,电器仪表,北交所,20221212
920992.BJ,920992,中科美菱,安徽,医疗保健,北交所,20221018
920526.BJ,920526,凯华材料,天津,化工原料,北交所,20221222
920663.BJ,920663,明阳科技,江苏,汽车配件,北交所,20230315
920339.BJ,920339,恒太照明,江苏,家用电器,北交所,20221117
920033.BJ,920033,康普化学,重庆,化工原料,北交所,20221221
920541.BJ,920541,铁大科技,上海,运输设备,北交所,20230310
920075.BJ,920075,柏星龙,深圳,广告包装,北交所,20221214
688573.SH,688573,信宇人,深圳,专用机械,科创板,20230817
920208.BJ,920208,青矩技术,北京,建筑工程,北交所,20230629
920770.BJ,920770,艾能聚,浙江,电气设备,北交所,20230228
920057.BJ,920057,百甲科技,江苏,钢加工,北交所,20230314
688507.SH,688507,索辰科技,上海,软件服务,科创板,20230418
688515.SH,688515,裕太微-U,江苏,半导体,科创板,20230210
688692.SH,688692,达梦数据,湖北,软件服务,科创板,20240612
688695.SH,688695,中创股份,山东,软件服务,科创板,20240313
688759.SH,688759,必贝特-U,广东,生物制药,科创板,20251028
688638.SH,688638,誉辰智能,深圳,专用机械,科创板,20230712
688592.SH,688592,司南导航,上海,通信设备,科创板,20230816
688629.SH,688629,华丰科技,四川,元器件,科创板,20230627
688552.SH,688552,航天南湖,湖北,通信设备,科创板,20230518
301522.SZ,301522,上大股份,河北,小金属,创业板,20241016
301584.SZ,301584,建发致新,上海,医药商业,创业板,20250925
301446.SZ,301446,福事特,江西,机械基件,创业板,20230725
301611.SZ,301611,珂玛科技,江苏,半导体,创业板,20240816
920227.BJ,920227,美登科技,浙江,软件服务,北交所,20221228
920371.BJ,920371,欧福蛋业,江苏,食品,北交所,20230118
920792.BJ,920792,东和新材,辽宁,其他建材,北交所,20230330
920262.BJ,920262,太湖雪,江苏,纺织,北交所,20221230
920300.BJ,920300,辰光医疗,上海,医疗保健,北交所,20221207
920249.BJ,920249,利尔达,浙江,元器件,北交所,20230217
920425.BJ,920425,乐创技术,四川,专用机械,北交所,20230130
920807.BJ,920807,奔朗新材,广东,机械基件,北交所,20221220
920357.BJ,920357,雅葆轩,安徽,元器件,北交所,20221118
920407.BJ,920407,驰诚股份,河南,电器仪表,北交所,20230216
920786.BJ,920786,骑士乳业,内蒙,乳制品,北交所,20231013
920592.BJ,920592,华信永道,北京,软件服务,北交所,20230710
688648.SH,688648,中邮科技,上海,机床制造,科创板,20231113
688539.SH,688539,高华科技,江苏,电器仪表,科创板,20230418
688334.SH,688334,西高院,陕西,电气设备,科创板,20230619
688450.SH,688450,光格科技,江苏,电器仪表,科创板,20230724
688717.SH,688717,艾罗能源,浙江,电气设备,科创板,20240103
920505.BJ,920505,九菱科技,湖北,机械基件,北交所,20221221
688469.SH,688469,芯联集成-U,浙江,半导体,科创板,20230510
688591.SH,688591,泰凌微,上海,半导体,科创板,20230825
301560.SZ,301560,众捷汽车,江苏,汽车配件,创业板,20250425
603194.SH,603194,中力股份,浙江,工程机械,主板,20241224
603207.SH,603207,小方制药,上海,化学制药,主板,20240826
603270.SH,603270,金帝股份,山东,机械基件,主板,20230901
603231.SH,603231,索宝蛋白,浙江,食品,主板,20231215
603124.SH,603124,江南新材,江西,铜,主板,20250320
600930.SH,600930,华电新能,福建,新型电力,主板,20250716
603082.SH,603082,北自科技,北京,运输设备,主板,20240130
603344.SH,603344,星德胜,江苏,电气设备,主板,20240320
001239.SZ,001239,永达股份,湖南,工程机械,主板,20231212
001379.SZ,001379,腾达科技,山东,机械基件,主板,20240119
001369.SZ,001369,双欣材料,内蒙,化纤,主板,20251230
001359.SZ,001359,平安电工,湖北,矿物制品,主板,20240328
001221.SZ,001221,悍高集团,广东,家居用品,主板,20250730
001389.SZ,001389,广合科技,广东,元器件,主板,20240402
001356.SZ,001356,富岭股份,浙江,塑料,主板,20250123
001390.SZ,001390,古麒绒材,安徽,纺织,主板,20250529
603395.SH,603395,红四方,安徽,农药化肥,主板,20241126
603257.SH,603257,中国瑞林,江西,建筑工程,主板,20250408
603391.SH,603391,力聚热能,浙江,专用机械,主板,20240731
603271.SH,603271,永杰新材,浙江,铝,主板,20250311
603285.SH,603285,键邦股份,山东,化工原料,主板,20240705
603296.SH,603296,华勤技术,上海,元器件,主板,20230808
301600.SZ,301600,慧翰股份,福建,通信设备,创业板,20240911
001277.SZ,001277,速达股份,河南,专用机械,主板,20240903
920001.BJ,920001,纬达光电,广东,元器件,北交所,20221227
603375.SH,603375,盛景微,江苏,半导体,主板,20240124
920694.BJ,920694,中裕科技,江苏,塑料,北交所,20230424
920471.BJ,920471,美邦科技,河北,化工原料,北交所,20230525
920221.BJ,920221,易实精密,江苏,汽车配件,北交所,20230608
920455.BJ,920455,汇隆活塞,辽宁,专用机械,北交所,20230621
301622.SZ,301622,英思特,内蒙,矿物制品,创业板,20241204
688603.SH,688603,天承科技,上海,化工原料,科创板,20230710
920394.BJ,920394,民士达,山东,造纸,北交所,20230425
920779.BJ,920779,武汉蓝电,湖北,电器仪表,北交所,20230601
920837.BJ,920837,华原股份,广西,汽车配件,北交所,20230515
920896.BJ,920896,旺成科技,重庆,汽车配件,北交所,20230419
920699.BJ,920699,海达尔,江苏,家用电器,北交所,20230509
301458.SZ,301458,钧崴电子,广东,元器件,创业板,20250110
920717.BJ,920717,瑞星股份,河北,专用机械,北交所,20230703
920953.BJ,920953,国子软件,山东,软件服务,北交所,20230823
920593.BJ,920593,鼎智科技,江苏,机械基件,北交所,20230413
920578.BJ,920578,巨能股份,宁夏,专用机械,北交所,20230512
301585.SZ,301585,蓝宇股份,浙江,染料涂料,创业板,20241220
603091.SH,603091,众鑫股份,浙江,家居用品,主板,20240920
603062.SH,603062,麦加芯彩,上海,染料涂料,主板,20231107
601033.SH,601033,永兴股份,广东,环境保护,主板,20240118
001335.SZ,001335,信凯科技,浙江,化工原料,主板,20250415
001387.SZ,001387,雪祺电气,安徽,家用电器,主板,20240111
688720.SH,688720,艾森股份,江苏,半导体,科创板,20231206
920809.BJ,920809,安达科技,贵州,电气设备,北交所,20230323
920304.BJ,920304,迪尔化工,山东,化工原料,北交所,20230418
920719.BJ,920719,宁新新材,江西,化工原料,北交所,20230526
920274.BJ,920274,宏裕包材,湖北,广告包装,北交所,20230818
001396.SZ,001396,誉帆科技,上海,建筑工程,主板,20251230
920438.BJ,920438,戈碧迦,湖北,元器件,北交所,20240325
920375.BJ,920375,派诺科技,广东,电气设备,北交所,20231214
688347.SH,688347,华虹公司,上海,半导体,科创板,20230807
920006.BJ,920006,晟楠科技,江苏,航空,北交所,20230518
688652.SH,688652,京仪装备,北京,半导体,科创板,20231129
920701.BJ,920701,豪声电子,浙江,元器件,北交所,20230719
688719.SH,688719,爱科赛博,陕西,电气设备,科创板,20230928
301590.SZ,301590,优优绿能,深圳,电气设备,创业板,20250605
688691.SH,688691,灿芯股份,上海,半导体,科创板,20240411
920519.BJ,920519,万德股份,陕西,化工原料,北交所,20230915
688653.SH,688653,康希通信,上海,半导体,科创板,20231117
688548.SH,688548,广钢气体,广东,化工原料,科创板,20230815
920175.BJ,920175,东方碳素,河南,化工原料,北交所,20230630
920469.BJ,920469,富恒新材,深圳,塑料,北交所,20230918
301595.SZ,301595,太力科技,广东,橡胶,创业板,20250519
688449.SH,688449,联芸科技,浙江,半导体,科创板,20241129
920978.BJ,920978,开特股份,湖北,汽车配件,北交所,20230928
920751.BJ,920751,惠同新材,湖南,小金属,北交所,20230717
920926.BJ,920926,鸿智科技,广东,家用电器,北交所,20230808
301613.SZ,301613,新铝时代,重庆,汽车配件,创业板,20241025
920576.BJ,920576,天力复合,陕西,小金属,北交所,20230712
920016.BJ,920016,中草香料,安徽,日用化工,北交所,20240913
920976.BJ,920976,视声智能,广东,通信设备,北交所,20230901
920504.BJ,920504,博迅生物,上海,医疗保健,北交所,20230817
920651.BJ,920651,天罡股份,山东,电器仪表,北交所,20230627
688710.SH,688710,益诺思,上海,生物制药,科创板,20240903
688530.SH,688530,欧莱新材,广东,半导体,科创板,20240509
688765.SH,688765,禾元生物-U,湖北,生物制药,科创板,20251028
920284.BJ,920284,灵鸽科技,江苏,专用机械,北交所,20231219
688758.SH,688758,赛分科技,江苏,化工原料,科创板,20250110
920496.BJ,920496,许昌智能,河南,电气设备,北交所,20240126
001391.SZ,001391,国货航,北京,仓储物流,主板,20241230
603049.SH,603049,中策橡胶,浙江,汽车配件,主板,20250605
603341.SH,603341,龙旗科技,上海,通信设备,主板,20240301
601083.SH,601083,锦江航运,上海,水运,主板,20231205
603409.SH,603409,汇通控股,安徽,汽车配件,主板,20250304
603376.SH,603376,大明电子,浙江,汽车配件,主板,20251106
603312.SH,603312,西典新能,江苏,电气设备,主板,20240111
603400.SH,603400,华之杰,江苏,机械基件,主板,20250620
603262.SH,603262,技源集团,江苏,食品,主板,20250723
603370.SH,603370,华新精科,江苏,电气设备,主板,20250905
920547.BJ,920547,无锡晶海,江苏,化学制药,北交所,20231212
920665.BJ,920665,科强股份,江苏,橡胶,北交所,20230926
920099.BJ,920099,瑞华技术,江苏,石油加工,北交所,20240925
001382.SZ,001382,新亚电缆,广东,电气设备,主板,20250321
603381.SH,603381,永臻股份,江苏,电气设备,主板,20240626
920656.BJ,920656,海昇药业,浙江,化学制药,北交所,20240202
920403.BJ,920403,康农种业,湖北,种植业,北交所,20240118
920132.BJ,920132,泰鹏智能,山东,家居用品,北交所,20231116
301581.SZ,301581,黄山谷捷,安徽,半导体,创业板,20250103
920522.BJ,920522,纳科诺尔,河北,专用机械,北交所,20231116
688545.SH,688545,兴福电子,湖北,元器件,科创板,20250122
920061.BJ,920061,西磁科技,浙江,专用机械,北交所,20231221
603210.SH,603210,泰鸿万立,浙江,汽车配件,主板,20250409
603248.SH,603248,锡华科技,江苏,机械基件,主板,20251223
688757.SH,688757,胜科纳米,江苏,电器仪表,科创板,20250325
920703.BJ,920703,广厦环能,北京,专用机械,北交所,20231205
920679.BJ,920679,前进科技,浙江,机械基件,北交所,20231110
688721.SH,688721,龙图光罩,深圳,半导体,科创板,20240806
920570.BJ,920570,坤博精工,浙江,机械基件,北交所,20231123
301636.SZ,301636,泽润新能,江苏,电气设备,创业板,20250516
603334.SH,603334,丰倍生物,江苏,化工原料,主板,20251105
688605.SH,688605,先锋精科,江苏,半导体,科创板,20241212
603406.SH,603406,天富龙,江苏,化纤,主板,20250808
001233.SZ,001233,海安集团,福建,汽车配件,主板,20251125
920060.BJ,920060,万源通,江苏,元器件,北交所,20241119
688583.SH,688583,思看科技,浙江,电器仪表,科创板,20250115
688726.SH,688726,拉普拉斯,深圳,专用机械,科创板,20241029
601026.SH,601026,道生天合,上海,电气设备,主板,20251017
688796.SH,688796,百奥赛图,北京,生物制药,科创板,20251210
688411.SH,688411,海博思创,北京,电气设备,科创板,20250127
301633.SZ,301633,港迪技术,湖北,专用机械,创业板,20241107
301479.SZ,301479,弘景光电,广东,元器件,创业板,20250318
001325.SZ,001325,元创股份,浙江,橡胶,主板,20251218
920690.BJ,920690,捷众科技,浙江,汽车配件,北交所,20240105
920693.BJ,920693,阿为特,上海,机械基件,北交所,20231027
920363.BJ,920363,莱赛激光,江苏,电器仪表,北交所,20231228
301668.SZ,301668,昊创瑞通,北京,电气设备,创业板,20250926
301173.SZ,301173,毓恬冠佳,上海,汽车配件,创业板,20250303
920026.BJ,920026,卓兆点胶,江苏,机械基件,北交所,20231019
301275.SZ,301275,汉朔科技,浙江,元器件,创业板,20250311
301609.SZ,301609,山大电力,山东,电气设备,创业板,20250723
920019.BJ,920019,铜冠矿建,安徽,建筑工程,北交所,20241011
688750.SH,688750,金天钛业,湖南,小金属,科创板,20241120
301449.SZ,301449,天溯计量,深圳,电器仪表,创业板,20251223
301687.SZ,301687,新广益,江苏,化工原料,创业板,20251231
920706.BJ,920706,铁拓机械,福建,工程机械,北交所,20240308
920931.BJ,920931,无锡鼎邦,江苏,化工机械,北交所,20240408
920833.BJ,920833,美心翼申,重庆,汽车配件,北交所,20231108
920123.BJ,920123,芭薇股份,广东,日用化工,北交所,20240329
603202.SH,603202,天有为,黑龙江,汽车配件,主板,20250424
603382.SH,603382,海阳科技,江苏,化纤,主板,20250612
301491.SZ,301491,汉桑科技,江苏,IT设备,创业板,20250806
920806.BJ,920806,云星宇,北京,软件服务,北交所,20240111
920008.BJ,920008,成电光信,四川,通信设备,北交所,20240829
301667.SZ,301667,纳百川,浙江,汽车配件,创业板,20251223
920088.BJ,920088,科力股份,新疆,石油开采,北交所,20241029
920098.BJ,920098,科隆新材,陕西,橡胶,北交所,20241205
920002.BJ,920002,万达轴承,江苏,工程机械,北交所,20240530
920091.BJ,920091,大鹏工业,黑龙江,专用机械,北交所,20251121
920118.BJ,920118,太湖远大,浙江,塑料,北交所,20240822
920029.BJ,920029,开发科技,四川,电器仪表,北交所,20250328
920116.BJ,920116,星图测控,安徽,软件服务,北交所,20250102
920111.BJ,920111,聚星科技,浙江,电气设备,北交所,20241111
920082.BJ,920082,方正阀门,浙江,机械基件,北交所,20241226
920128.BJ,920128,胜业电气,广东,元器件,北交所,20241129
001285.SZ,001285,瑞立科密,广东,汽车配件,主板,20250930
920003.BJ,920003,中诚咨询,江苏,建筑工程,北交所,20251107
920108.BJ,920108,宏海科技,湖北,家用电器,北交所,20250206
920068.BJ,920068,天工股份,江苏,小金属,北交所,20250513
920009.BJ,920009,丹娜生物,天津,医疗保健,北交所,20251103
920066.BJ,920066,科拜尔,安徽,塑料,北交所,20241031
688755.SH,688755,汉邦科技,江苏,专用机械,科创板,20250516
920100.BJ,920100,三协电机,江苏,电气设备,北交所,20250908
603014.SH,603014,威高血净,山东,医疗保健,主板,20250519
603175.SH,603175,超颖电子,湖北,元器件,主板,20251024
001280.SZ,001280,中国铀业,北京,小金属,主板,20251203
920080.BJ,920080,奥美森,广东,专用机械,北交所,20251010
920015.BJ,920015,锦华新材,浙江,化工原料,北交所,20250925
920007.BJ,920007,酉立智能,江苏,电气设备,北交所,20250808
920035.BJ,920035,精创电气,江苏,专用机械,北交所,20251202
920056.BJ,920056,能之光,浙江,塑料,北交所,20250822
920027.BJ,920027,交大铁发,四川,运输设备,北交所,20250610
920022.BJ,920022,世昌股份,河北,汽车配件,北交所,20250919
920018.BJ,920018,宏远股份,辽宁,电气设备,北交所,20250820
920101.BJ,920101,志高机械,浙江,专用机械,北交所,20250814
920037.BJ,920037,广信科技,湖南,电气设备,北交所,20250626
920106.BJ,920106,林泰新材,江苏,汽车配件,北交所,20241218
920005.BJ,920005,鼎佳精密,江苏,元器件,北交所,20250731
920112.BJ,920112,巴兰仕,上海,专用机械,北交所,20250828
688783.SH,688783,西安奕材-U,陕西,半导体,科创板,20251028
920020.BJ,920020,泰凯英,山东,汽车配件,北交所,20251028
688727.SH,688727,恒坤新材,福建,半导体,科创板,20251118
920160.BJ,920160,北矿检测,北京,电器仪表,北交所,20251118
920121.BJ,920121,江天科技,江苏,广告包装,北交所,20251225
920045.BJ,920045,蘅东光,深圳,通信设备,北交所,20251231
920158.BJ,920158,长江能科,江苏,专用机械,北交所,20251016
920124.BJ,920124,南特科技,广东,机械基件,北交所,20251127
688809.SH,688809,强一股份,江苏,半导体,科创板,20251230
301656.SZ,301656,联合动力,江苏,汽车配件,创业板,20250925
603092.SH,603092,德力佳,江苏,机械基件,主板,20251107
688790.SH,688790,昂瑞微-UW,北京,半导体,科创板,20251216
688805.SH,688805,健信超导,浙江,医疗保健,科创板,20251224
688807.SH,688807,优迅股份,福建,半导体,科创板,20251219
301638.SZ,301638,南网数字,广东,软件服务,创业板,20251118
688802.SH,688802,沐曦股份-U,上海,半导体,科创板,20251217
688795.SH,688795,摩尔线程-U,北京,半导体,科创板,20251205
920050.BJ,920050,爱舍伦,江苏,医疗保健,北交所,20260121
920076.BJ,920076,国亮新材,河北,其他建材,北交所,20260122
920086.BJ,920086,科马材料,浙江,汽车配件,北交所,20260116
603352.SH,603352,至信股份,重庆,汽车配件,主板,20260115
920159.BJ,920159,农大科技,山东,农药化肥,北交所,20260128
688785.SH,688785,恒运昌,深圳,半导体,科创板,20260128
920119.BJ,920119,美德乐,辽宁,专用机械,北交所,20260130
601112.SH,601112,振石股份,浙江,玻璃,主板,20260129
001220.SZ,001220,世盟股份,北京,仓储物流,主板,20260203
688712.SH,688712,北芯生命,深圳,医疗保健,科创板,20260205
920180.BJ,920180,爱得科技,江苏,医疗保健,北交所,20260210
603284.SH,603284,林平发展,安徽,造纸,主板,20260210
688818.SH,688818,电科蓝天,天津,航空,科创板,20260210
688816.SH,688816,易思维,浙江,专用机械,科创板,20260211
920166.BJ,920166,海圣医疗,浙江,医疗保健,北交所,20260212
920168.BJ,920168,通宝光电,江苏,汽车配件,北交所,20260226
920183.BJ,920183,海菲曼,江苏,IT设备,北交所,20260304
920187.BJ,920187,通领科技,上海,汽车配件,北交所,20260305
301680.SZ,301680,固德电材,江苏,汽车配件,创业板,20260306
920036.BJ,920036,觅睿科技,浙江,IT设备,北交所,20260309
920078.BJ,920078,族兴新材,湖南,小金属,北交所,20260318
920028.BJ,920028,新恒泰,浙江,塑料,北交所,20260320
301682.SZ,301682,宏明电子,四川,元器件,创业板,20260325
688781.SH,688781,视涯科技-UW,安徽,元器件,科创板,20260325
920069.BJ,920069,普昂医疗,浙江,医疗保健,北交所,20260327
920188.BJ,920188,悦龙科技,山东,橡胶,北交所,20260330
920055.BJ,920055,隆源股份,浙江,汽车配件,北交所,20260331
688813.SH,688813,泰金新能,陕西,专用机械,科创板,20260331
001257.SZ,001257,盛龙股份,河南,小金属,主板,20260331
301683.SZ,301683,慧谷新材,广东,染料涂料,创业板,20260401
920011.BJ,920011,晨光电机,浙江,电气设备,北交所,20260408
603459.SH,603459,红板科技,江西,元器件,主板,20260408
301696.SZ,301696,三瑞智能,江西,电气设备,创业板,20260410
920181.BJ,920181,赛英电子,江苏,元器件,北交所,20260410
688811.SH,688811,有研复材,北京,小金属,科创板,20260410
920012.BJ,920012,创达新材,江苏,元器件,北交所,20260413
920177.BJ,920177,恒道科技,浙江,专用机械,北交所,20260416
603293.SH,603293,埃泰克,安徽,汽车配件,主板,20260416
301666.SZ,301666,大普微-UW,深圳,IT设备,创业板,20260416
301513.SZ,301513,尚水智能,深圳,专用机械,创业板,20260417
920191.BJ,920191,瑞尔竞达,安徽,其他建材,北交所,20260420
001312.SZ,001312,福恩股份,浙江,纺织,主板,20260421
688820.SH,688820,盛合晶微,江苏,半导体,科创板,20260421
920125.BJ,920125,鸿仕达,江苏,专用机械,北交所,20260424
688808.SH,688808,联讯仪器,江苏,电器仪表,科创板,20260424
920156.BJ,920156,海昌智能,河南,专用机械,北交所,20260427
920186.BJ,920186,中科仪,辽宁,机械基件,北交所,20260429
301599.SZ,301599,理奇智能,江苏,专用机械,创业板,20260430
920200.BJ,920200,振宏股份,江苏,电气设备,北交所,20260507
603407.SH,603407,N长裕,山东,化工原料,主板,20260511
301531.SZ,301531,C春光集,山东,矿物制品,创业板,20260511
