ts_code,trade_date,open,high,low,close,vol,amount
000001.SZ,20260806,11.22,11.28,11.12,11.27,1046342.57,1171011.83024
000002.SZ,20260806,3.27,3.29,3.2,3.26,1312119.91,425181.47508
000006.SZ,20260806,6.78,6.85,6.62,6.83,204918.0,138271.825
000007.SZ,20260806,9.51,9.83,9.4,9.82,83283.45,80146.1023
000008.SZ,20260806,2.42,2.45,2.38,2.44,359440.26,86921.96892
000009.SZ,20260806,7.65,7.72,7.4,7.5,490059.35,368687.80186
000010.SZ,20260806,1.57,1.59,1.54,1.57,217902.0,34092.354
000011.SZ,20260806,8.09,8.24,7.97,8.1,97259.0,78539.297
000012.SZ,20260806,3.93,3.94,3.85,3.89,286350.54,111183.89387
000014.SZ,20260806,10.05,10.17,9.96,10.1,50926.2,51307.0492
000016.SZ,20260806,2.6,2.66,2.55,2.59,170897.02,44542.83526
000017.SZ,20260806,6.29,6.38,6.07,6.17,101535.56,62747.52596
000019.SZ,20260806,6.11,6.31,6.01,6.29,215110.22,132763.19683
000020.SZ,20260806,10.88,11.08,10.77,11.06,33663.0,36799.63
000021.SZ,20260806,37.56,40.78,37.56,39.91,1671003.8,6575241.56981
000025.SZ,20260806,15.51,15.6,15.08,15.15,96648.59,147571.46938
000026.SZ,20260806,16.99,17.57,16.8,17.09,120157.0,205729.976
000027.SZ,20260806,6.44,6.45,6.32,6.37,215171.14,136995.45152
000028.SZ,20260806,20.6,20.66,20.26,20.4,30709.48,62687.38215
000029.SZ,20260806,22.04,22.57,21.95,22.39,47261.01,105219.2392
000030.SZ,20260806,4.27,4.3,4.2,4.24,90002.37,38114.08476
000031.SZ,20260806,2.23,2.25,2.18,2.24,289341.0,64182.608
000032.SZ,20260806,14.27,14.74,14.17,14.58,436722.96,632479.17174
000034.SZ,20260806,25.5,26.14,25.18,25.57,424627.31,1088937.73034
000035.SZ,20260806,5.24,5.26,4.91,4.96,653780.93,327748.92934
000036.SZ,20260806,4.18,4.21,4.09,4.16,210911.85,87397.50985
000037.SZ,20260806,10.01,10.1,9.93,10.07,263241.0,263583.657
000039.SZ,20260806,8.69,8.71,8.41,8.5,373761.75,318458.4459
000042.SZ,20260806,8.26,8.47,8.26,8.41,52879.65,44413.56224
001914.SZ,20260806,8.8,8.81,8.63,8.71,76082.67,66411.14324
000045.SZ,20260806,9.95,10.14,9.9,10.13,82467.89,82675.97348
000048.SZ,20260806,21.25,21.96,21.0,21.6,191569.45,411271.36173
000049.SZ,20260806,25.05,25.07,24.52,24.7,78081.06,193328.45346
000050.SZ,20260806,6.66,6.72,6.56,6.71,358570.71,238114.29202
000055.SZ,20260806,3.42,3.45,3.39,3.45,67061.4,22957.6302
000056.SZ,20260806,2.15,2.16,2.05,2.06,374326.0,78845.827
000058.SZ,20260806,6.91,6.94,6.76,6.81,78149.33,53297.97595
000059.SZ,20260806,4.52,4.6,4.51,4.58,200907.12,91605.03072
000060.SZ,20260806,6.77,6.78,6.48,6.59,2187384.2,1455532.54578
000061.SZ,20260806,5.93,5.98,5.8,5.87,225568.68,132615.49721
000062.SZ,20260806,23.0,23.29,22.72,22.99,274718.93,631503.94564
000063.SZ,20260806,34.2,34.98,33.95,34.7,1501507.74,5160714.13729
000065.SZ,20260806,9.22,9.5,9.07,9.2,236305.67,218271.88164
000066.SZ,20260806,14.72,15.1,14.54,14.73,1440052.39,2131996.62312
000068.SZ,20260806,2.89,2.93,2.84,2.91,150785.0,43551.11
000069.SZ,20260806,1.82,1.98,1.8,1.93,1582737.45,301289.54862
000070.SZ,20260806,13.95,14.53,13.89,14.26,640410.69,908394.61273
000078.SZ,20260806,1.67,1.69,1.64,1.66,787348.5,130703.395
000088.SZ,20260806,4.51,4.52,4.43,4.47,195941.46,87652.74844
000089.SZ,20260806,6.63,6.68,6.55,6.59,141194.0,93277.444
000090.SZ,20260806,3.36,3.43,3.3,3.42,213740.33,71865.91442
000096.SZ,20260806,7.71,7.8,7.62,7.76,58908.0,45488.697
000099.SZ,20260806,14.52,14.6,14.28,14.36,78540.45,113159.3953
000100.SZ,20260806,4.78,4.86,4.75,4.82,5318959.59,2550948.19809
000151.SZ,20260806,9.96,10.22,9.92,10.09,67313.99,67902.21308
000153.SZ,20260806,5.51,5.56,5.45,5.56,68118.78,37442.45072
000155.SZ,20260806,12.11,12.3,11.86,11.97,436338.24,525144.21735
000156.SZ,20260806,7.05,7.1,6.88,6.91,93455.0,65006.602
000157.SZ,20260806,7.3,7.37,7.22,7.27,465939.74,338813.8568
000158.SZ,20260806,13.85,14.1,13.66,13.8,394367.48,546851.159
000159.SZ,20260806,5.73,5.79,5.64,5.77,89371.16,51116.25156
000166.SZ,20260806,4.63,4.64,4.5,4.54,1092680.39,497518.68342
000301.SZ,20260806,12.6,12.91,12.5,12.9,293894.88,375673.50381
000333.SZ,20260806,85.5,86.0,84.8,85.32,208696.34,1780112.92408
000338.SZ,20260806,29.8,30.3,29.07,29.38,732711.96,2166182.69311
000400.SZ,20260806,23.25,23.26,22.65,22.86,262067.13,599393.36884
000401.SZ,20260806,3.62,3.65,3.58,3.63,94641.16,34207.50208
000402.SZ,20260806,2.48,2.51,2.45,2.51,428329.61,106434.75518
000403.SZ,20260806,10.5,10.56,10.32,10.5,104427.9,108994.8272
000404.SZ,20260806,7.79,7.79,7.55,7.67,125736.97,96288.78515
000407.SZ,20260806,4.05,4.13,4.0,4.07,177278.0,71802.031
000408.SZ,20260806,87.8,89.07,86.0,86.79,185151.28,1617396.07706
000409.SZ,20260806,8.93,9.04,8.83,8.93,62785.96,56046.97058
000410.SZ,20260806,4.88,4.94,4.79,4.88,150524.02,73112.02272
000411.SZ,20260806,9.52,9.64,9.44,9.59,52847.32,50529.19455
000415.SZ,20260806,4.57,4.64,4.49,4.52,472706.0,214958.71
000417.SZ,20260806,6.04,6.08,5.96,6.04,388465.05,234061.4547
000419.SZ,20260806,4.86,4.95,4.83,4.9,57788.5,28194.1425
000420.SZ,20260806,3.84,3.88,3.73,3.78,522082.39,198353.63542
000421.SZ,20260806,5.42,5.44,5.33,5.4,71311.7,38411.927
000422.SZ,20260806,13.4,13.48,13.07,13.31,292630.09,387643.24391
000423.SZ,20260806,54.23,54.84,53.59,53.85,54643.43,295619.38832
000425.SZ,20260806,8.37,8.52,8.34,8.42,896394.65,755572.31472
000426.SZ,20260806,38.11,38.91,36.94,37.58,1299088.05,4927620.26658
000428.SZ,20260806,4.09,4.11,3.94,3.96,614243.35,245810.01421
000429.SZ,20260806,14.18,14.27,14.07,14.19,86375.47,122208.86247
000430.SZ,20260806,6.59,6.62,6.44,6.54,58240.6,38054.7014
000488.SZ,20260806,1.94,1.95,1.89,1.91,172020.66,32881.3764
000498.SZ,20260806,5.08,5.08,4.97,5.02,94368.0,47320.58
000501.SZ,20260806,7.2,7.2,7.06,7.16,66544.48,47398.558
000503.SZ,20260806,7.61,7.79,7.48,7.56,206688.84,157561.17819
000504.SZ,20260806,8.15,8.23,8.06,8.22,63628.0,51801.778
000505.SZ,20260806,5.6,6.1,5.52,5.93,314796.35,182778.76431
000506.SZ,20260806,16.72,16.93,16.0,16.48,1198036.2,1976047.30714
000507.SZ,20260806,4.97,4.99,4.93,4.98,90786.31,44980.35762
000509.SZ,20260806,3.16,3.25,3.12,3.24,326680.16,103943.72168
000510.SZ,20260806,16.17,16.77,15.83,16.11,884916.88,1442022.20414
000513.SZ,20260806,30.45,30.5,29.94,30.13,54978.05,165539.73503
000514.SZ,20260806,3.9,3.95,3.85,3.95,92082.14,35884.9772
000516.SZ,20260806,4.25,4.26,4.14,4.16,239633.0,100155.1895
000517.SZ,20260806,2.12,2.19,2.09,2.12,363737.0,77244.621
000518.SZ,20260806,3.94,3.97,3.88,3.96,423551.0,166645.883
000519.SZ,20260806,14.8,14.83,14.37,14.57,511207.05,745757.76418
000520.SZ,20260806,3.93,4.01,3.87,3.96,160400.5,63067.824
000521.SZ,20260806,4.97,4.99,4.9,4.96,82454.0,40740.371
000523.SZ,20260806,2.9,2.91,2.83,2.89,222095.88,63812.21808
000524.SZ,20260806,9.38,9.44,9.22,9.34,59580.13,55601.419
000525.SZ,20260806,4.57,4.63,4.5,4.56,204760.26,93237.31027
000526.SZ,20260806,35.16,36.17,34.81,35.61,56104.0,198963.21444
000528.SZ,20260806,8.46,8.53,8.34,8.38,296025.25,248897.41635
000529.SZ,20260806,4.74,4.78,4.69,4.77,38959.72,18475.406
000530.SZ,20260806,5.02,5.05,4.93,5.02,113755.0,56845.581
000531.SZ,20260806,5.98,5.99,5.82,5.84,137468.4,80747.6981
000532.SZ,20260806,10.72,10.94,10.66,10.8,54612.99,58932.58927
000533.SZ,20260806,12.69,12.75,11.94,12.12,1301368.13,1581135.53901
000534.SZ,20260806,26.8,27.19,25.95,26.4,93280.66,245826.24332
000536.SZ,20260806,3.3,3.33,3.25,3.32,508607.4,167787.5964
000537.SZ,20260806,7.75,7.75,7.52,7.6,222316.2,168809.87124
000538.SZ,20260806,50.9,50.99,50.32,50.69,87947.2,445014.35962
000539.SZ,20260806,5.98,5.99,5.82,5.92,698248.6,410322.42812
000541.SZ,20260806,5.0,5.01,4.93,4.97,81938.89,40691.90669
000543.SZ,20260806,7.93,7.94,7.72,7.81,375071.86,292587.39211
000544.SZ,20260806,7.44,7.44,7.32,7.37,32150.28,23706.92424
000545.SZ,20260806,2.56,2.57,2.48,2.54,312821.0,78815.001
000546.SZ,20260806,4.77,4.79,4.6,4.67,265960.0,125096.96044
000547.SZ,20260806,15.25,15.77,15.2,15.66,788862.13,1229553.22033
000548.SZ,20260806,4.37,4.39,4.3,4.39,46664.02,20315.22462
000550.SZ,20260806,16.79,16.84,16.31,16.4,38009.51,62522.7061
000551.SZ,20260806,13.39,13.6,13.22,13.5,260354.69,349799.64281
000552.SZ,20260806,2.55,2.61,2.53,2.59,984980.78,253185.22774
000553.SZ,20260806,5.36,5.52,5.29,5.5,99653.13,53990.62323
000554.SZ,20260806,6.4,6.54,6.39,6.53,209371.0,135655.15093
000555.SZ,20260806,10.95,11.44,10.9,11.16,337222.74,376220.1779
000557.SZ,20260806,3.72,3.73,3.64,3.7,73680.0,27129.48
000558.SZ,20260806,3.46,3.49,3.39,3.44,188028.0,64644.3695
000559.SZ,20260806,11.9,12.11,11.73,11.8,470898.14,560782.63756
000560.SZ,20260806,2.22,2.26,2.19,2.23,1113316.0,247298.605
000561.SZ,20260806,7.6,7.73,7.5,7.62,87671.01,66711.69359
000563.SZ,20260806,3.05,3.06,2.98,3.01,527598.08,158912.24639
000564.SZ,20260806,1.45,1.46,1.4,1.42,2150978.74,305969.82646
000565.SZ,20260806,5.86,5.92,5.79,5.9,74348.0,43552.007
000566.SZ,20260806,6.02,6.12,5.8,5.85,2416403.65,1430751.11254
000567.SZ,20260806,6.26,6.33,6.21,6.24,165183.0,103413.194
000568.SZ,20260806,87.41,87.94,86.58,87.01,105000.05,913682.99431
000570.SZ,20260806,4.98,5.02,4.91,5.0,100897.34,50109.22962
000571.SZ,20260806,6.94,7.33,6.94,7.3,498439.5,359449.79443
000572.SZ,20260806,3.91,3.95,3.79,3.85,469902.69,180870.50889
000573.SZ,20260806,3.71,3.75,3.46,3.61,346027.47,125081.42202
000576.SZ,20260806,7.05,7.19,6.99,7.15,87967.02,62543.69422
000581.SZ,20260806,17.6,17.67,17.43,17.53,64782.0,113420.602
000582.SZ,20260806,12.84,12.89,12.5,12.52,423995.77,535280.79359
000586.SZ,20260806,11.49,11.95,11.49,11.92,58045.0,68076.039
000589.SZ,20260806,4.32,4.33,4.25,4.28,217091.48,92941.57668
000590.SZ,20260806,8.6,8.65,8.47,8.63,34481.0,29568.204
000591.SZ,20260806,4.53,4.55,4.44,4.48,461669.0,206583.889
000592.SZ,20260806,6.55,6.7,6.48,6.66,1811939.24,1193733.64464
000593.SZ,20260806,22.52,22.99,21.63,22.72,425278.33,957788.38354
000595.SZ,20260806,6.65,6.75,6.13,6.26,1473304.0,930878.062
000596.SZ,20260806,90.14,90.98,88.5,90.15,74971.47,672509.83937
000597.SZ,20260806,4.61,4.63,4.52,4.58,90052.0,41142.015
000598.SZ,20260806,7.15,7.21,7.09,7.16,214390.96,153199.4482
000599.SZ,20260806,4.94,5.0,4.87,4.99,121203.21,59952.57796
000600.SZ,20260806,8.83,8.84,8.58,8.72,301019.0,261556.268
000601.SZ,20260806,6.7,6.7,6.52,6.64,506408.0,333996.664
000603.SZ,20260806,32.06,32.07,30.3,31.3,1209847.21,3822800.91694
000605.SZ,20260806,5.8,5.85,5.7,5.81,44295.0,25616.003
000607.SZ,20260806,3.66,3.75,3.59,3.64,156260.14,57087.37132
000608.SZ,20260806,6.86,7.3,6.81,7.15,439557.73,313693.84467
000609.SZ,20260806,10.26,10.68,10.16,10.54,81780.0,84689.767
000610.SZ,20260806,5.7,5.72,5.57,5.72,25260.0,14296.837
000612.SZ,20260806,11.56,11.65,11.29,11.42,374025.24,428983.5784
000615.SZ,20260806,3.25,3.4,3.24,3.39,133182.66,44326.76712
000617.SZ,20260806,7.1,7.32,7.1,7.18,1280660.5,923598.99466
000619.SZ,20260806,4.6,4.7,4.59,4.68,67556.05,31350.3606
000620.SZ,20260806,2.75,2.79,2.73,2.78,1696821.69,469097.69311
000623.SZ,20260806,18.28,18.34,17.97,18.08,136938.42,247832.10128
000625.SZ,20260806,7.53,7.55,7.35,7.38,981429.36,728224.38298
000626.SZ,20260806,7.28,7.5,7.27,7.49,110604.0,81877.823
000628.SZ,20260806,39.3,39.8,38.69,39.31,77333.77,303233.92235
000629.SZ,20260806,3.18,3.19,3.1,3.14,1094653.8,344492.81222
000630.SZ,20260806,6.82,6.86,6.48,6.57,4436183.87,2949776.31363
000631.SZ,20260806,2.92,2.93,2.86,2.91,122473.96,35371.31428
000632.SZ,20260806,3.29,3.45,3.26,3.43,99496.26,33527.61814
000633.SZ,20260806,5.11,5.21,5.08,5.2,95253.01,49108.3181
000635.SZ,20260806,6.41,6.51,6.37,6.5,48728.58,31360.36178
000636.SZ,20260806,56.01,59.13,54.8,58.28,2145861.99,12228600.135
000637.SZ,20260806,3.75,3.87,3.7,3.84,115594.0,44082.719
000639.SZ,20260806,1.53,1.63,1.52,1.62,790072.44,125509.53448
000650.SZ,20260806,5.37,5.39,5.28,5.33,150298.41,79996.59471
000651.SZ,20260806,40.22,40.51,40.02,40.25,367554.94,1476771.50049
000652.SZ,20260806,3.53,3.54,3.47,3.51,107709.0,37710.615
000655.SZ,20260806,6.9,6.96,6.79,6.92,66603.0,45813.518
000656.SZ,20260806,1.2,1.21,1.18,1.19,1105897.84,131988.75496
000657.SZ,20260806,61.45,63.17,59.47,62.5,1715015.6,10522454.712
000659.SZ,20260806,2.76,2.8,2.71,2.79,213327.0,58632.5845
000661.SZ,20260806,77.49,78.0,74.79,75.15,88540.39,673090.50484
000663.SZ,20260806,5.33,5.45,5.33,5.45,48077.69,25910.43123
000665.SZ,20260806,3.99,4.05,3.92,3.99,116439.47,46289.39818
000668.SZ,20260806,19.72,20.15,19.31,19.74,20182.1,39825.48025
000669.SZ,20260806,3.6,3.6,3.48,3.53,54122.2,19138.3812
000670.SZ,20260806,6.9,7.01,6.8,6.9,444411.0,306107.05
000672.SZ,20260806,13.71,13.94,13.47,13.87,194140.56,267118.64357
000676.SZ,20260806,7.65,7.75,7.4,7.5,1352489.96,1025467.50794
000677.SZ,20260806,1.7,1.73,1.66,1.69,314572.0,53168.022
000678.SZ,20260806,8.98,9.16,8.81,8.94,115775.46,104004.24778
000679.SZ,20260806,5.83,6.03,5.8,6.02,62377.0,36928.084
000680.SZ,20260806,11.09,11.47,11.03,11.16,176741.28,198521.69346
000681.SZ,20260806,18.62,18.99,18.29,18.49,373248.48,694747.30369
000682.SZ,20260806,12.43,12.44,12.18,12.27,186681.53,229246.97596
000683.SZ,20260806,6.0,6.15,5.95,6.12,980859.48,593625.0278
000685.SZ,20260806,11.13,11.18,10.96,11.01,161413.31,178284.31346
000686.SZ,20260806,8.16,8.18,8.04,8.08,157078.17,127282.87716
000688.SZ,20260806,30.72,31.0,30.0,30.83,278717.46,849959.82325
000690.SZ,20260806,4.88,4.89,4.78,4.83,553480.78,266860.26674
000691.SZ,20260806,9.82,9.9,9.55,9.7,128065.1,124614.6291
000692.SZ,20260806,4.07,4.24,4.0,4.24,117506.03,49224.94869
000695.SZ,20260806,12.8,13.0,12.56,12.75,49443.0,63036.99599
000697.SZ,20260806,8.63,8.85,8.49,8.67,71052.0,61272.777
000698.SZ,20260806,3.33,3.43,3.32,3.38,47921.0,16206.911
000700.SZ,20260806,11.2,11.8,11.05,11.65,586255.61,679215.08322
000701.SZ,20260806,4.91,5.06,4.89,4.99,141580.2,70438.26673
000702.SZ,20260806,5.3,5.36,5.2,5.35,58925.97,31117.56719
000703.SZ,20260806,16.3,17.29,16.24,17.2,947829.29,1607533.00351
000705.SZ,20260806,6.55,6.62,6.47,6.6,58592.19,38434.22164
000707.SZ,20260806,4.5,4.52,4.4,4.51,87152.28,38903.45616
000708.SZ,20260806,14.18,14.38,14.05,14.1,140236.49,198540.8773
000709.SZ,20260806,2.15,2.16,2.11,2.14,830797.16,176896.73342
000710.SZ,20260806,9.18,9.35,8.85,8.91,317487.77,285723.00437
000711.SZ,20260806,5.25,5.29,5.01,5.09,878106.0,452986.098
000712.SZ,20260806,9.63,9.75,9.43,9.51,579301.91,553159.04193
000713.SZ,20260806,5.77,5.93,5.7,5.88,131819.92,77045.85536
000715.SZ,20260806,4.81,4.85,4.76,4.84,53343.3,25664.1893
000716.SZ,20260806,4.74,4.8,4.66,4.78,201384.0,95541.83199
000717.SZ,20260806,2.24,2.28,2.22,2.27,236175.73,53120.47671
000718.SZ,20260806,1.89,1.9,1.86,1.89,190631.95,35860.10443
000719.SZ,20260806,12.51,12.56,12.26,12.38,52879.3,65378.65796
000720.SZ,20260806,3.55,3.93,3.54,3.93,910043.44,348588.08836
000721.SZ,20260806,6.57,6.65,6.49,6.62,176976.4,116343.0922
000722.SZ,20260806,13.36,13.57,13.3,13.48,151940.33,204042.2165
000723.SZ,20260806,3.58,3.62,3.53,3.6,762874.22,273302.4391
000725.SZ,20260806,5.84,6.08,5.78,5.96,18714112.78,11084501.9998
000726.SZ,20260806,5.93,5.96,5.87,5.95,41075.87,24270.6514
000727.SZ,20260806,2.27,2.28,2.22,2.26,781023.0,175577.382
000728.SZ,20260806,7.31,7.31,7.22,7.25,219434.78,159297.50552
000729.SZ,20260806,12.51,12.78,12.51,12.67,242149.78,307254.78381
000731.SZ,20260806,5.75,5.82,5.68,5.81,54978.96,31599.83184
000733.SZ,20260806,41.95,42.17,41.49,41.79,164539.61,687373.89097
000735.SZ,20260806,5.22,5.28,5.1,5.16,352278.02,181721.47556
000736.SZ,20260806,4.44,4.48,4.34,4.47,117395.8,51833.1784
000737.SZ,20260806,14.53,14.55,13.92,14.14,716959.26,1023646.19121
000738.SZ,20260806,18.37,18.45,17.99,18.35,131249.97,239614.39982
000739.SZ,20260806,22.28,22.37,21.16,21.28,268119.97,579071.34301
000750.SZ,20260806,3.86,3.87,3.79,3.81,446267.55,170419.1561
000751.SZ,20260806,5.29,5.44,5.06,5.18,1782704.23,933325.25207
000752.SZ,20260806,8.83,9.35,8.83,8.86,45263.0,41006.338
000753.SZ,20260806,4.79,4.84,4.74,4.8,153467.5,73408.561
000755.SZ,20260806,4.71,4.71,4.62,4.69,33381.0,15550.546
000756.SZ,20260806,13.7,14.29,13.57,14.29,261239.59,367046.42499
000757.SZ,20260806,3.83,3.96,3.81,3.95,143253.59,55930.31069
000758.SZ,20260806,6.29,6.3,6.03,6.1,418050.04,257129.14348
000759.SZ,20260806,6.95,7.07,6.66,6.74,737756.0,500356.507
000761.SZ,20260806,2.35,2.37,2.29,2.34,138251.0,32179.199
000762.SZ,20260806,24.09,24.11,23.37,23.71,167352.67,397197.23415
000766.SZ,20260806,17.28,17.38,16.92,17.09,153020.13,261922.92255
000767.SZ,20260806,3.8,3.81,3.71,3.81,1315826.93,494253.77956
000768.SZ,20260806,20.88,20.95,20.57,20.83,201249.2,417612.28993
000776.SZ,20260806,21.21,21.32,21.07,21.2,445114.23,943178.49091
000777.SZ,20260806,18.36,18.42,17.9,17.97,172584.46,312952.17935
000778.SZ,20260806,3.87,3.87,3.75,3.79,756374.35,286865.00525
000779.SZ,20260806,13.68,14.67,13.68,14.28,585949.33,841023.57366
000782.SZ,20260806,7.47,7.63,7.38,7.56,137071.0,103014.124
000783.SZ,20260806,8.91,9.11,8.86,8.93,979935.34,877299.88076
000785.SZ,20260806,2.29,2.3,2.22,2.26,539325.94,121498.1695
000786.SZ,20260806,18.55,18.89,18.29,18.51,234607.32,433459.69876
000788.SZ,20260806,5.27,5.29,5.16,5.25,117376.0,61304.5
000789.SZ,20260806,4.04,4.13,4.04,4.12,36541.0,14947.838
000790.SZ,20260806,3.82,3.84,3.75,3.82,158939.5,60346.0485
000791.SZ,20260806,7.87,7.89,7.7,7.77,244515.18,189762.03902
000792.SZ,20260806,28.35,28.76,28.04,28.53,556544.93,1578563.08646
000793.SZ,20260806,2.22,2.23,2.19,2.21,159319.97,35179.63143
000795.SZ,20260806,8.64,8.8,8.54,8.64,184203.7,159774.74431
000796.SZ,20260806,3.89,3.94,3.83,3.89,245759.0,95182.53
000797.SZ,20260806,2.38,2.42,2.35,2.4,215477.04,51422.70832
000798.SZ,20260806,7.97,8.16,7.95,8.15,70584.0,57001.24
000799.SZ,20260806,41.45,41.67,40.5,41.07,145283.5,596767.10022
000800.SZ,20260806,6.35,6.37,6.2,6.24,170485.0,106709.756
000801.SZ,20260806,11.58,11.74,11.42,11.48,124001.58,143355.66382
000802.SZ,20260806,4.66,4.71,4.26,4.27,1506180.74,673543.90005
000803.SZ,20260806,7.05,7.35,7.04,7.17,122629.0,87775.742
000807.SZ,20260806,26.88,27.09,26.11,26.66,863334.1,2300277.5619
000809.SZ,20260806,3.28,3.35,3.25,3.35,157526.14,51916.17128
000810.SZ,20260806,9.77,9.9,9.66,9.8,197084.98,192691.68167
000811.SZ,20260806,38.74,40.99,38.3,40.31,540176.53,2151370.47409
000812.SZ,20260806,3.48,3.56,3.47,3.53,187340.3,65743.88757
000813.SZ,20260806,3.34,3.36,3.24,3.29,257249.0,84507.374
000815.SZ,20260806,18.24,19.13,17.86,18.31,1680199.15,3090927.43567
000816.SZ,20260806,2.69,2.71,2.62,2.68,408989.24,108810.89677
000818.SZ,20260806,13.61,13.83,13.4,13.54,238940.98,325294.69363
000819.SZ,20260806,12.04,12.15,11.84,12.02,40254.0,48275.6509
000820.SZ,20260806,3.93,4.02,3.72,3.76,769874.86,294974.37878
000821.SZ,20260806,7.39,7.42,7.23,7.33,87737.0,64293.109
000822.SZ,20260806,4.29,4.34,4.23,4.31,122639.04,52550.99992
000823.SZ,20260806,13.83,14.51,13.81,14.3,641245.5,910204.71774
000825.SZ,20260806,3.64,3.67,3.53,3.57,312367.76,111786.89282
000826.SZ,20260806,1.78,1.79,1.68,1.71,355190.0,61139.00891
000828.SZ,20260806,10.06,10.08,9.89,9.96,61938.57,61689.23674
000829.SZ,20260806,8.48,8.67,8.36,8.49,249319.31,211659.93277
000830.SZ,20260806,12.94,13.08,12.68,12.85,303804.8,390271.89933
000831.SZ,20260806,51.6,53.27,51.07,51.99,401703.39,2097084.81075
000833.SZ,20260806,20.0,20.4,19.91,20.37,222996.71,449666.45708
000837.SZ,20260806,9.89,10.03,9.78,9.96,165249.12,163672.62166
000839.SZ,20260806,2.83,3.14,2.78,3.14,2814156.53,841371.43847
000848.SZ,20260806,8.95,9.03,8.82,8.87,167652.13,149129.87086
000850.SZ,20260806,4.03,4.11,4.02,4.1,79125.87,32167.26489
000852.SZ,20260806,5.35,5.37,5.25,5.31,90513.94,48036.49396
000856.SZ,20260806,7.85,7.9,7.7,7.87,35309.0,27581.8
000858.SZ,20260806,75.51,75.78,74.28,74.48,406081.32,3033081.6919
000859.SZ,20260806,8.5,9.3,8.42,8.91,691667.33,609967.99708
000860.SZ,20260806,10.97,10.98,10.74,10.86,97660.57,105899.46155
000862.SZ,20260806,5.63,5.67,5.48,5.65,315634.01,175896.49457
000863.SZ,20260806,3.93,4.0,3.88,3.98,133236.59,52344.76337
000868.SZ,20260806,3.64,3.65,3.54,3.6,96192.01,34500.19161
000869.SZ,20260806,17.48,17.58,17.18,17.34,11641.37,20190.00658
000875.SZ,20260806,5.32,5.35,5.18,5.24,485810.98,254278.0622
000876.SZ,20260806,6.98,7.01,6.86,6.95,269155.89,186224.77109
000877.SZ,20260806,3.8,3.88,3.77,3.84,187849.0,72121.048
000878.SZ,20260806,17.02,17.12,16.39,16.6,643274.31,1078541.71739
000880.SZ,20260806,22.81,22.97,22.5,22.89,91869.22,209170.97212
000881.SZ,20260806,6.54,6.55,6.41,6.46,82867.06,53612.11127
000882.SZ,20260806,1.43,1.45,1.41,1.43,431433.2,61589.5484
000883.SZ,20260806,4.69,4.69,4.6,4.66,233044.67,108076.23564
000885.SZ,20260806,12.91,12.93,12.72,12.85,43741.0,56050.171
000886.SZ,20260806,4.62,4.66,4.54,4.58,129863.01,59519.75057
000887.SZ,20260806,18.51,19.08,18.4,18.84,337975.33,636008.22319
000888.SZ,20260806,9.7,9.77,9.58,9.69,61836.0,59767.423
000889.SZ,20260806,3.88,4.31,3.85,4.12,1422719.54,587151.60862
000890.SZ,20260806,7.48,7.55,7.34,7.48,191311.0,142478.153
000892.SZ,20260806,4.1,4.16,3.96,4.04,840581.01,340853.05804
000893.SZ,20260806,49.0,49.44,47.4,48.18,169999.77,818350.08757
000895.SZ,20260806,25.33,25.51,25.21,25.38,86323.45,218927.88518
000897.SZ,20260806,1.76,1.77,1.72,1.75,273816.4,47698.707
000898.SZ,20260806,2.07,2.08,2.02,2.05,356318.1,72852.28041
000899.SZ,20260806,11.03,11.06,10.75,10.94,176636.89,191891.04244
000900.SZ,20260806,3.72,3.74,3.66,3.71,121135.5,44707.1465
000901.SZ,20260806,14.88,15.13,14.62,14.9,202185.77,301432.32219
000902.SZ,20260806,13.73,13.8,13.48,13.5,158631.32,215591.83363
000903.SZ,20260806,1.87,1.94,1.85,1.9,293202.22,55243.25358
000905.SZ,20260806,8.68,8.71,8.52,8.61,83938.13,72227.55867
000906.SZ,20260806,5.46,5.5,5.38,5.44,49875.0,27113.098
000908.SZ,20260806,6.3,6.83,6.13,6.83,361627.9,237053.33344
000909.SZ,20260806,4.46,4.73,4.42,4.55,58446.0,26861.19
000910.SZ,20260806,5.23,5.31,5.18,5.29,39304.0,20603.931
000911.SZ,20260806,4.43,4.66,4.36,4.48,71826.08,32249.70784
000912.SZ,20260806,3.64,3.65,3.55,3.64,158629.01,57090.74155
000913.SZ,20260806,11.93,12.0,11.63,11.71,52666.5,61830.7855
000915.SZ,20260806,25.55,25.59,25.11,25.37,26668.0,67363.503
000917.SZ,20260806,7.17,7.26,7.01,7.07,272084.44,193292.63791
000919.SZ,20260806,6.33,6.35,6.25,6.34,89994.0,56721.422
000920.SZ,20260806,11.32,11.55,11.31,11.55,114618.0,130997.351
000921.SZ,20260806,27.1,27.4,26.72,26.86,58817.01,158418.7331
000922.SZ,20260806,11.6,11.76,11.5,11.59,110204.88,127908.60624
000923.SZ,20260806,15.19,15.28,14.57,14.71,195412.46,289291.90288
000925.SZ,20260806,7.52,7.67,7.42,7.56,207145.4,156419.82175
000926.SZ,20260806,2.16,2.21,2.13,2.19,427408.6,93002.3262
000927.SZ,20260806,2.5,2.5,2.43,2.47,492507.83,121077.28497
000928.SZ,20260806,5.17,5.18,5.06,5.11,144012.36,73708.37168
000929.SZ,20260806,8.94,8.94,8.65,8.9,33037.31,29128.98299
000930.SZ,20260806,4.75,4.8,4.65,4.74,196885.69,93116.00137
000931.SZ,20260806,4.07,4.12,4.01,4.09,56193.0,22817.835
000932.SZ,20260806,3.83,3.87,3.7,3.75,1332172.77,501077.11925
000933.SZ,20260806,26.41,26.5,25.76,26.34,701207.89,1833986.01555
000935.SZ,20260806,22.55,22.95,22.34,22.6,51760.07,116874.0037
000936.SZ,20260806,5.26,5.3,5.19,5.24,122859.71,64341.01521
000937.SZ,20260806,4.59,4.74,4.59,4.74,302967.53,141822.72958
000938.SZ,20260806,36.01,38.47,35.88,37.94,3939138.5,14668206.6334
000948.SZ,20260806,15.5,15.5,14.82,15.01,226922.44,342429.23834
000949.SZ,20260806,6.45,6.53,6.34,6.48,382128.99,246327.99034
000950.SZ,20260806,5.35,5.37,5.22,5.34,352775.06,186668.30952
000951.SZ,20260806,21.81,22.13,21.6,22.04,91137.32,199380.3659
000952.SZ,20260806,5.92,5.92,5.77,5.88,53496.6,31246.9644
000953.SZ,20260806,5.6,5.65,5.53,5.62,48057.0,26876.19
000955.SZ,20260806,4.14,4.24,4.09,4.21,102821.0,42915.738
000957.SZ,20260806,10.27,10.29,10.01,10.2,92341.72,93642.6169
000958.SZ,20260806,5.48,5.53,5.44,5.53,240737.0,132019.987
000959.SZ,20260806,3.8,3.84,3.7,3.77,303094.72,113924.2746
000960.SZ,20260806,39.3,40.3,38.11,39.25,919387.48,3603896.91929
000962.SZ,20260806,53.4,55.7,51.85,53.86,511397.18,2740716.00675
000963.SZ,20260806,28.0,28.07,27.67,27.82,159108.61,442558.33668
000965.SZ,20260806,3.16,3.2,3.12,3.18,125169.61,39513.73432
000966.SZ,20260806,4.27,4.28,4.15,4.21,596925.92,250239.52192
000967.SZ,20260806,9.21,9.48,9.08,9.37,1963418.3,1818574.57939
000968.SZ,20260806,6.9,7.01,6.81,6.96,240168.52,166185.89636
000969.SZ,20260806,17.2,17.4,16.98,17.11,373984.95,643118.37208
000970.SZ,20260806,13.35,13.79,13.14,13.46,834355.49,1125691.39084
000972.SZ,20260806,3.37,3.45,3.31,3.43,106236.78,35969.78693
000973.SZ,20260806,12.45,12.57,12.21,12.43,334723.84,414234.96809
000975.SZ,20260806,25.5,25.79,24.98,25.46,943182.86,2397376.26003
000977.SZ,20260806,75.68,77.99,75.11,76.79,881765.14,6753744.20861
000978.SZ,20260806,6.1,6.12,5.98,6.05,74242.98,44892.30282
000980.SZ,20260806,1.79,1.8,1.7,1.73,1284146.44,222908.82912
000981.SZ,20260806,3.12,3.18,2.97,3.01,9762108.39,2990536.79778
000983.SZ,20260806,6.45,6.75,6.44,6.67,1050443.58,694987.27731
000985.SZ,20260806,14.74,15.05,14.67,15.02,19726.0,29296.53
000987.SZ,20260806,7.83,7.88,7.69,7.74,338405.99,263249.05121
000988.SZ,20260806,97.32,106.27,97.03,103.01,804350.06,8235225.73972
000989.SZ,20260806,9.09,9.17,8.96,9.05,309889.45,280586.87235
000990.SZ,20260806,6.54,6.64,6.44,6.58,494106.23,323389.68612
000993.SZ,20260806,10.25,10.25,10.01,10.15,105929.15,107117.36354
000995.SZ,20260806,10.94,10.99,10.62,10.79,174058.97,187982.83811
000997.SZ,20260806,18.51,19.35,18.46,18.68,274233.99,519317.83521
000998.SZ,20260806,8.29,8.44,8.09,8.25,346911.4,286582.66884
000999.SZ,20260806,25.32,25.47,24.66,24.97,155681.93,388022.88944
001201.SZ,20260806,11.43,11.55,11.31,11.52,33603.03,38432.72706
001202.SZ,20260806,13.01,13.22,12.88,13.2,26637.66,34824.79956
001203.SZ,20260806,28.0,28.5,27.35,27.7,209007.03,581646.11755
001205.SZ,20260806,13.7,13.7,13.42,13.6,15307.0,20768.84
001206.SZ,20260806,16.2,16.63,16.2,16.57,68510.9,112537.51216
001207.SZ,20260806,15.5,15.63,15.29,15.6,31280.6,48358.396
001208.SZ,20260806,15.41,15.56,15.04,15.24,292773.0,447104.808
001209.SZ,20260806,16.54,16.76,16.36,16.64,13246.0,21966.575
001210.SZ,20260806,21.88,22.8,21.1,21.78,187739.17,407473.45847
001211.SZ,20260806,20.71,20.98,20.53,20.81,32962.27,68465.54126
001212.SZ,20260806,34.42,34.95,33.97,34.67,38885.2,134175.4106
001213.SZ,20260806,3.55,3.57,3.51,3.55,70531.0,24962.292
001215.SZ,20260806,32.9,33.32,32.6,33.32,18509.5,60987.566
001216.SZ,20260806,14.09,14.34,13.81,14.01,27438.0,38595.188
001217.SZ,20260806,9.74,9.86,9.61,9.76,36331.0,35429.059
001218.SZ,20260806,23.02,23.69,22.91,23.66,22229.76,52215.85068
001219.SZ,20260806,12.3,12.38,12.16,12.37,18052.91,22148.60558
001220.SZ,20260806,29.96,30.47,29.7,30.06,9023.81,27142.77291
001221.SZ,20260806,40.3,40.5,39.0,39.84,24099.6,95793.981
001222.SZ,20260806,14.12,14.25,13.79,14.0,31723.0,44452.125
001223.SZ,20260806,37.69,37.9,36.62,37.43,36970.56,137420.51567
001225.SZ,20260806,44.32,45.87,43.88,44.66,33616.0,150584.461
001226.SZ,20260806,41.18,41.86,40.08,41.64,4309.0,17791.431
001227.SZ,20260806,2.21,2.22,2.15,2.18,821272.68,178313.66316
001228.SZ,20260806,27.81,27.93,26.93,27.4,8493.0,23261.45
001229.SZ,20260806,44.24,44.24,39.56,40.0,139167.8,582738.89312
001230.SZ,20260806,18.74,19.31,18.59,19.18,48681.32,92807.75676
001231.SZ,20260806,19.05,19.33,19.01,19.33,8433.0,16164.74
001232.SZ,20260806,183.0,190.57,175.18,176.81,207216.56,3785924.52499
001233.SZ,20260806,44.88,44.88,43.69,44.0,13143.1,57986.67526
001234.SZ,20260806,20.2,20.5,20.16,20.42,14601.0,29735.1555
001236.SZ,20260806,7.71,7.77,7.56,7.63,90419.0,69061.828
001237.SZ,20260806,54.76,55.37,54.11,54.74,17272.35,94481.05027
001238.SZ,20260806,25.27,25.6,24.64,25.6,5298.6,13296.161
001239.SZ,20260806,11.7,11.83,11.5,11.74,22781.0,26587.057
001248.SZ,20260806,13.55,13.55,13.2,13.32,1339612.13,1790703.76111
001255.SZ,20260806,24.65,24.97,24.35,24.85,10055.0,24807.719
001256.SZ,20260806,26.41,27.73,26.26,27.24,45970.0,124833.671
001257.SZ,20260806,26.12,26.48,25.24,25.58,235560.82,609278.21495
001258.SZ,20260806,13.53,13.53,12.19,12.19,1479226.67,1882717.38864
001259.SZ,20260806,45.85,46.86,45.2,46.65,9867.0,45576.165
001260.SZ,20260806,16.6,16.88,16.32,16.75,12185.0,20212.305
001266.SZ,20260806,33.5,34.61,33.0,34.25,52771.0,179541.141
001267.SZ,20260806,35.81,38.81,35.35,38.81,742916.2,2778782.03811
001268.SZ,20260806,19.43,19.86,19.08,19.5,29497.2,57375.5706
001269.SZ,20260806,19.25,19.38,19.02,19.29,21896.0,42028.1715
001270.SZ,20260806,112.0,118.86,111.73,116.2,110021.35,1281358.06338
001277.SZ,20260806,27.72,28.15,27.46,28.06,10105.91,28135.08161
001278.SZ,20260806,15.21,15.4,14.98,15.35,15792.07,24029.82019
001279.SZ,20260806,24.91,24.92,24.46,24.71,7043.0,17376.404
001280.SZ,20260806,65.67,66.98,64.3,64.77,99631.25,652582.05132
001282.SZ,20260806,16.85,18.44,16.38,16.44,95663.44,164314.62764
001283.SZ,20260806,41.8,42.54,41.12,41.75,28383.52,118483.36831
001285.SZ,20260806,42.14,42.3,41.42,41.91,10970.77,45968.18386
001286.SZ,20260806,10.27,10.48,10.26,10.43,274305.99,284557.5601
001287.SZ,20260806,22.39,22.98,22.26,22.73,232840.28,526884.36384
001288.SZ,20260806,26.23,28.77,26.2,28.2,94816.23,265291.62261
001289.SZ,20260806,16.3,16.31,15.81,16.05,91013.44,145917.01325
001296.SZ,20260806,17.99,18.14,17.81,18.13,17477.6,31516.585
001298.SZ,20260806,17.05,17.44,17.04,17.26,79930.68,137584.70522
001299.SZ,20260806,9.8,9.98,9.77,9.97,23700.39,23424.9136
001300.SZ,20260806,10.71,10.72,10.35,10.56,35810.0,37731.326
001301.SZ,20260806,53.38,53.6,51.8,52.53,47105.75,247258.5681
001306.SZ,20260806,53.19,53.39,51.51,52.59,6757.0,35432.785
001308.SZ,20260806,18.49,19.92,18.49,19.4,59298.75,115399.84415
001309.SZ,20260806,371.34,397.51,367.0,388.25,227112.46,8679727.79979
001311.SZ,20260806,16.29,16.71,16.04,16.64,48629.6,79552.56582
001312.SZ,20260806,17.8,17.99,17.55,17.8,25309.6,44979.90421
001313.SZ,20260806,7.2,7.25,7.07,7.22,117499.0,84025.108
001314.SZ,20260806,51.8,54.0,51.4,53.3,42653.54,226495.78238
001316.SZ,20260806,26.62,26.94,26.05,26.59,21801.66,57833.10018
001317.SZ,20260806,55.2,55.5,53.49,54.5,58974.0,322641.95814
001318.SZ,20260806,10.95,11.07,10.8,10.93,32918.0,35821.448
001319.SZ,20260806,19.21,19.49,19.03,19.34,16696.0,32238.043
001322.SZ,20260806,6.12,6.22,6.06,6.16,28507.0,17461.695
001323.SZ,20260806,17.31,17.31,16.82,16.95,33558.85,57003.9745
001324.SZ,20260806,18.88,19.25,18.77,19.24,18530.15,35162.59823
001325.SZ,20260806,36.35,37.08,35.72,36.0,14279.88,51942.89059
001326.SZ,20260806,55.01,56.6,53.5,56.6,13830.0,76648.146
001328.SZ,20260806,30.03,30.2,29.39,29.78,20996.0,62362.208
001330.SZ,20260806,5.36,5.42,5.08,5.16,653536.01,340249.28274
001331.SZ,20260806,50.2,53.6,49.5,52.49,109025.15,565090.89599
001332.SZ,20260806,31.03,31.23,30.51,31.14,16568.55,51253.55319
001333.SZ,20260806,19.52,20.0,19.33,19.5,11002.0,21563.667
001335.SZ,20260806,31.74,31.87,30.87,31.43,8551.0,26769.736
001336.SZ,20260806,17.49,17.68,17.22,17.57,12595.2,21993.6747
001337.SZ,20260806,46.0,46.87,43.97,45.01,333040.53,1507054.13194
001338.SZ,20260806,8.8,8.82,8.64,8.77,35512.0,30948.385
001339.SZ,20260806,77.01,83.67,76.18,83.54,178962.6,1453493.28199
001356.SZ,20260806,8.74,8.74,8.51,8.62,35405.0,30439.564
001358.SZ,20260806,25.56,26.45,24.98,25.54,61875.45,158840.60345
001359.SZ,20260806,87.2,89.33,83.33,86.06,74912.18,646643.94128
001360.SZ,20260806,15.39,15.72,14.5,14.88,86966.86,130348.25822
001365.SZ,20260806,37.5,37.64,37.0,37.38,57605.08,215038.59009
001366.SZ,20260806,11.46,11.58,11.34,11.58,23675.9,27142.0265
001367.SZ,20260806,18.29,18.33,17.96,18.23,12577.0,22883.92
001368.SZ,20260806,21.29,21.43,20.98,21.32,10109.19,21429.00932
001369.SZ,20260806,12.95,13.05,12.69,12.82,105498.79,135540.5026
001373.SZ,20260806,26.87,27.22,26.4,27.09,17780.21,47881.45991
001376.SZ,20260806,11.51,11.67,11.13,11.27,175030.0,198976.673
001378.SZ,20260806,17.82,19.59,17.82,19.59,82361.45,157014.2649
001379.SZ,20260806,15.52,15.76,15.34,15.6,13278.0,20657.353
001380.SZ,20260806,16.46,16.56,16.17,16.41,11561.4,18894.8016
001382.SZ,20260806,17.52,17.57,17.08,17.2,36615.0,63089.848
001386.SZ,20260806,15.04,15.24,14.9,15.2,40192.39,60420.54989
001387.SZ,20260806,11.63,11.75,11.5,11.73,24050.9,27964.9934
001388.SZ,20260806,23.26,23.39,22.52,22.78,109386.68,249871.12068
001389.SZ,20260806,156.35,164.5,154.2,160.77,84827.65,1352199.74812
001390.SZ,20260806,17.8,18.09,17.67,17.95,16892.7,30193.4715
001391.SZ,20260806,4.31,4.32,4.21,4.25,263100.11,111908.21279
001393.SZ,20260806,45.88,46.1,44.3,44.91,32528.76,146465.20765
001395.SZ,20260806,29.68,30.07,29.23,29.49,20079.5,59486.7595
001396.SZ,20260806,34.5,35.35,34.16,34.55,9034.84,31395.21682
001399.SZ,20260806,23.52,24.25,23.52,23.87,399607.29,953699.80025
001400.SZ,20260806,73.54,77.73,72.68,76.49,32878.6,248443.2292
001696.SZ,20260806,15.58,15.7,15.14,15.36,478563.05,737338.30587
001872.SZ,20260806,21.9,22.19,21.79,22.05,19079.33,41904.10714
001896.SZ,20260806,13.31,13.38,12.9,13.12,808419.19,1058115.82231
001965.SZ,20260806,9.57,9.59,9.43,9.52,116251.25,110372.49281
001979.SZ,20260806,6.83,7.08,6.76,6.99,885733.05,611986.64963
002001.SZ,20260806,29.78,30.72,29.68,30.45,333743.28,1014776.39407
002003.SZ,20260806,10.47,10.47,10.19,10.41,125398.73,129414.89928
002004.SZ,20260806,4.42,4.43,4.33,4.37,200642.0,87637.814
002005.SZ,20260806,2.34,2.34,2.23,2.3,185171.0,42151.344
002006.SZ,20260806,13.8,14.0,13.69,13.84,70839.92,98087.94028
002007.SZ,20260806,13.39,13.4,13.06,13.12,114505.0,150497.52805
002008.SZ,20260806,92.3,98.03,90.75,95.2,418075.04,3967989.13178
002009.SZ,20260806,18.08,18.14,17.57,17.78,170230.24,304768.98588
002010.SZ,20260806,5.0,5.02,4.83,4.86,247224.74,121000.87501
002011.SZ,20260806,10.53,10.53,10.3,10.41,121064.95,125780.25205
002012.SZ,20260806,6.44,6.58,6.37,6.54,166281.0,108037.284
002014.SZ,20260806,10.95,11.08,10.89,10.97,45448.7,49936.5086
002015.SZ,20260806,15.88,15.99,15.54,15.75,736325.94,1159655.24041
002016.SZ,20260806,4.55,4.6,4.44,4.51,137625.56,62107.69319
002017.SZ,20260806,13.94,14.84,13.88,14.5,323563.1,468980.90628
002019.SZ,20260806,10.23,10.31,10.0,10.04,127179.0,128362.95
002020.SZ,20260806,13.81,13.93,13.57,13.65,156085.62,213434.1742
002021.SZ,20260806,2.73,2.77,2.64,2.71,383299.6,103658.34564
002022.SZ,20260806,5.2,5.24,5.14,5.22,46076.0,23884.583
002023.SZ,20260806,10.3,10.67,10.18,10.42,259090.54,270418.81261
002024.SZ,20260806,1.23,1.26,1.22,1.24,259047.0,32115.611
002025.SZ,20260806,64.0,66.9,63.71,65.51,180358.47,1179899.30011
002026.SZ,20260806,10.29,10.41,10.2,10.36,52524.17,54149.0338
002027.SZ,20260806,5.26,5.29,5.1,5.14,2091539.53,1078370.44564
002028.SZ,20260806,157.34,161.91,157.16,160.56,78132.91,1244070.75706
002029.SZ,20260806,8.79,8.98,8.63,8.92,222368.56,196551.1823
002030.SZ,20260806,5.68,5.77,5.52,5.57,301546.33,169227.02243
002031.SZ,20260806,5.28,5.44,5.21,5.3,885224.73,471114.27806
002032.SZ,20260806,41.6,41.65,40.95,41.33,22220.0,91504.538
002033.SZ,20260806,8.72,8.8,8.62,8.71,111612.01,97019.46118
002034.SZ,20260806,14.33,14.34,13.88,14.09,96483.97,135887.26634
002035.SZ,20260806,4.86,4.87,4.77,4.82,72390.01,34844.00686
002036.SZ,20260806,7.73,7.79,7.33,7.45,1011464.51,761803.27557
002037.SZ,20260806,6.88,7.25,6.82,6.99,171979.47,120545.34014
002038.SZ,20260806,5.74,5.77,5.62,5.69,259228.32,147319.80242
002039.SZ,20260806,19.91,19.91,19.45,19.76,100043.99,196413.90951
002040.SZ,20260806,8.2,8.2,8.03,8.12,55581.87,45017.9615
002041.SZ,20260806,8.72,9.27,8.64,9.14,381875.62,341503.9347
002042.SZ,20260806,3.89,3.9,3.78,3.84,269552.94,103418.77779
002043.SZ,20260806,12.8,12.8,12.27,12.65,198062.69,247057.09001
002044.SZ,20260806,4.9,4.94,4.76,4.79,972961.02,470208.27274
002045.SZ,20260806,8.66,8.76,8.47,8.6,171985.0,148028.16994
002046.SZ,20260806,44.77,47.26,44.17,46.29,128163.13,588828.66682
002047.SZ,20260806,3.35,3.41,3.23,3.32,323956.0,106871.5975
002048.SZ,20260806,19.28,19.55,18.95,19.14,165395.59,317027.38854
002049.SZ,20260806,66.18,67.0,65.71,66.5,240746.55,1597501.1973
002050.SZ,20260806,38.9,39.36,38.43,38.71,660557.1,2566473.32946
002051.SZ,20260806,9.36,9.44,9.12,9.19,383420.66,355518.83881
002052.SZ,20260806,8.89,9.75,8.78,9.75,239506.6,223434.492
002053.SZ,20260806,9.72,9.74,9.49,9.56,71789.0,68792.01086
002054.SZ,20260806,7.15,7.25,7.08,7.21,107815.05,77332.30462
002055.SZ,20260806,5.53,5.65,5.51,5.64,105509.0,58750.005
002056.SZ,20260806,21.93,22.05,21.37,21.68,328368.18,713365.8475
002057.SZ,20260806,8.4,8.62,8.39,8.54,259816.43,221099.74797
002058.SZ,20260806,16.85,16.96,16.21,16.66,52134.32,86332.4842
002059.SZ,20260806,4.5,4.52,4.43,4.5,75872.98,34012.34798
002060.SZ,20260806,3.4,3.44,3.33,3.37,194657.23,65633.93759
002061.SZ,20260806,3.59,3.59,3.51,3.55,201105.1,71291.0525
002062.SZ,20260806,7.96,8.18,7.81,7.95,135636.94,108239.41638
002063.SZ,20260806,5.72,5.86,5.66,5.71,494820.82,284275.57637
002064.SZ,20260806,11.54,11.93,11.4,11.82,623555.35,732616.23812
002065.SZ,20260806,7.55,7.65,7.41,7.45,513641.65,385955.07901
002066.SZ,20260806,20.72,21.06,20.4,20.82,32513.0,67342.714
002067.SZ,20260806,4.51,4.62,4.47,4.5,556540.29,251975.43424
002068.SZ,20260806,8.1,8.16,7.96,8.14,229600.48,185266.36882
002069.SZ,20260806,3.22,3.27,3.19,3.26,100172.0,32446.667
002072.SZ,20260806,7.24,7.38,7.13,7.37,65962.0,48079.9645
002073.SZ,20260806,5.71,5.74,5.6,5.65,146987.06,83163.37072
002074.SZ,20260806,28.07,28.17,27.42,27.65,301343.51,835537.33175
002075.SZ,20260806,4.14,4.15,4.01,4.1,419015.97,170688.44042
002076.SZ,20260806,2.08,2.12,2.03,2.1,432917.0,90028.419
002077.SZ,20260806,12.27,12.7,12.24,12.59,442385.75,553409.07255
002078.SZ,20260806,14.11,14.14,13.67,13.9,273526.02,379117.22428
002079.SZ,20260806,9.44,9.67,9.35,9.57,437158.19,416326.46266
002080.SZ,20260806,48.76,52.11,47.68,51.52,774664.49,3905074.29576
002081.SZ,20260806,3.94,4.03,3.9,4.0,1092543.53,432772.21053
002082.SZ,20260806,10.24,10.25,10.01,10.2,85949.23,86964.84655
002083.SZ,20260806,11.56,11.88,11.5,11.68,731958.02,855828.96421
002084.SZ,20260806,3.51,3.58,3.49,3.54,155011.69,54804.83104
002085.SZ,20260806,10.83,10.93,10.58,10.65,259731.82,278514.65485
002086.SZ,20260806,1.86,1.88,1.83,1.87,310419.0,57609.726
002088.SZ,20260806,7.59,7.64,7.49,7.6,24033.8,18217.071
002090.SZ,20260806,9.52,9.56,9.26,9.43,81067.5,76240.585
002091.SZ,20260806,7.79,7.83,7.66,7.7,93362.01,72040.15709
002092.SZ,20260806,4.43,4.52,4.41,4.49,554939.7,247761.5688
002093.SZ,20260806,7.11,7.21,7.01,7.07,153367.08,108938.43
002094.SZ,20260806,4.82,4.87,4.72,4.8,177468.27,84943.17533
002095.SZ,20260806,14.39,14.78,14.26,14.51,36280.0,52585.029
002096.SZ,20260806,9.48,9.65,9.42,9.53,64061.0,61088.863
002097.SZ,20260806,7.38,7.49,7.27,7.35,217885.02,160696.49884
002098.SZ,20260806,6.68,6.78,6.62,6.77,38968.5,26113.8335
002099.SZ,20260806,5.4,5.43,5.25,5.27,143551.44,76326.71825
002100.SZ,20260806,7.05,7.12,6.89,7.03,242794.0,169399.414
002101.SZ,20260806,8.96,9.0,8.78,8.89,44714.65,39650.44405
002102.SZ,20260806,2.26,2.28,2.24,2.25,107187.0,24171.736
002103.SZ,20260806,6.74,6.79,6.49,6.58,112768.8,74497.0576
002104.SZ,20260806,10.6,11.76,10.58,11.76,283242.63,326119.66643
002105.SZ,20260806,5.4,5.58,5.4,5.52,75339.7,41282.96768
002106.SZ,20260806,10.37,10.52,10.25,10.44,245776.0,255401.537
002107.SZ,20260806,6.14,6.15,6.02,6.08,83221.0,50513.884
002108.SZ,20260806,4.38,4.39,4.28,4.34,246096.87,106654.22347
002109.SZ,20260806,2.58,2.59,2.53,2.57,60882.0,15578.27
002110.SZ,20260806,3.22,3.23,3.12,3.17,205319.41,65102.83678
002111.SZ,20260806,9.57,9.67,9.44,9.55,63804.4,60853.5544
002112.SZ,20260806,16.91,16.99,16.2,16.34,340563.19,559505.00164
002114.SZ,20260806,7.19,7.26,7.03,7.14,117180.73,83783.51876
002115.SZ,20260806,11.75,12.09,11.65,11.79,797742.13,946221.28667
002116.SZ,20260806,7.09,7.11,6.97,7.07,28416.77,19985.1502
002117.SZ,20260806,8.24,8.39,8.16,8.31,89876.0,74475.247
002119.SZ,20260806,22.75,23.34,22.53,23.11,720882.56,1651936.53486
002120.SZ,20260806,6.8,6.82,6.67,6.71,360009.66,242016.37554
002121.SZ,20260806,5.27,5.31,5.15,5.2,234309.99,122401.03728
002122.SZ,20260806,2.46,2.52,2.45,2.51,213605.0,53194.262
002123.SZ,20260806,8.61,9.04,8.55,8.76,360280.28,317062.36784
002124.SZ,20260806,2.25,2.27,2.2,2.24,540303.4,120372.7638
002125.SZ,20260806,12.73,12.78,12.39,12.58,210407.85,264517.04151
002126.SZ,20260806,40.62,41.56,39.8,40.91,188219.76,767989.00992
002127.SZ,20260806,3.14,3.17,3.06,3.1,445679.02,138155.55116
002128.SZ,20260806,27.2,27.95,27.08,27.79,184646.22,508450.69926
002129.SZ,20260806,9.02,9.04,8.81,8.87,1174422.02,1046563.15972
002130.SZ,20260806,17.37,17.61,17.06,17.23,369648.0,639377.50804
002131.SZ,20260806,5.53,5.67,5.33,5.48,10360191.49,5684828.50043
002132.SZ,20260806,4.06,4.15,4.04,4.15,583910.57,239607.25806
002133.SZ,20260806,2.6,2.65,2.56,2.63,134779.4,35102.1732
002134.SZ,20260806,20.41,21.16,20.08,21.03,83910.0,174711.51
002135.SZ,20260806,6.38,6.59,6.32,6.44,97267.0,62723.598
002136.SZ,20260806,12.29,12.39,12.06,12.23,59166.5,72312.65606
002137.SZ,20260806,7.81,7.96,7.72,7.88,298527.87,233985.42885
002138.SZ,20260806,48.52,49.83,47.11,48.48,377518.47,1827010.20516
002139.SZ,20260806,10.33,10.45,10.13,10.2,231014.88,236900.9605
002140.SZ,20260806,9.08,9.32,8.98,9.15,82674.2,75373.273
002141.SZ,20260806,5.51,5.89,5.51,5.73,1978042.41,1125786.8611
002142.SZ,20260806,31.54,31.92,31.32,31.74,302600.46,957050.11008
002144.SZ,20260806,10.39,10.58,10.33,10.58,45842.0,47996.712
002145.SZ,20260806,4.59,4.61,4.5,4.53,562800.54,255812.32932
002146.SZ,20260806,1.13,1.13,1.1,1.13,786387.36,87776.49859
002148.SZ,20260806,6.39,6.52,6.35,6.47,189251.39,121938.5358
002149.SZ,20260806,38.0,39.32,37.71,38.55,463758.22,1786229.19097
002150.SZ,20260806,21.21,21.45,20.93,21.3,51647.51,109613.10548
002151.SZ,20260806,29.5,29.93,29.16,29.51,137444.01,406521.39853
002152.SZ,20260806,10.27,10.61,10.2,10.38,375430.12,391031.98592
002153.SZ,20260806,8.49,8.76,8.46,8.54,322166.85,277034.90906
002154.SZ,20260806,4.06,4.21,4.03,4.19,462932.65,191201.66909
002155.SZ,20260806,25.83,25.9,24.59,25.15,988337.36,2501424.90152
002156.SZ,20260806,56.01,62.81,56.01,60.96,1590682.24,9529120.15906
002157.SZ,20260806,2.95,2.96,2.89,2.91,1073425.0,312767.685
002158.SZ,20260806,27.0,28.41,26.89,28.39,172785.19,481180.52285
002159.SZ,20260806,13.26,13.32,13.0,13.2,25099.0,33042.0
002160.SZ,20260806,3.92,3.95,3.82,3.88,177669.78,68911.04332
002161.SZ,20260806,5.62,5.82,5.57,5.8,197527.41,112136.52907
002162.SZ,20260806,4.01,4.02,3.93,4.02,121445.8,48300.6029
002163.SZ,20260806,8.42,8.45,8.17,8.33,199233.22,165169.67469
002164.SZ,20260806,11.26,11.45,11.22,11.45,103619.5,117613.31996
002165.SZ,20260806,6.67,6.73,6.55,6.7,442845.21,293863.73623
002166.SZ,20260806,6.69,6.72,6.57,6.68,102135.68,67785.53383
002167.SZ,20260806,16.7,17.3,16.32,17.06,1472326.86,2475126.09357
002168.SZ,20260806,3.68,3.74,3.63,3.71,106085.66,39177.05752
002169.SZ,20260806,12.4,12.83,12.3,12.83,276575.76,349474.82499
002170.SZ,20260806,11.62,11.73,11.48,11.53,146285.09,169501.24211
002171.SZ,20260806,10.06,10.07,9.8,9.86,514849.41,511442.89131
002172.SZ,20260806,3.24,3.28,3.2,3.25,121489.0,39351.449
002173.SZ,20260806,21.31,22.1,20.66,21.15,821561.43,1745416.35301
002174.SZ,20260806,12.14,12.26,11.63,11.78,348379.81,414945.73746
002175.SZ,20260806,2.45,2.49,2.44,2.45,157538.6,38722.734
002176.SZ,20260806,9.5,9.65,9.21,9.3,992568.81,931452.50184
002177.SZ,20260806,5.89,6.3,5.87,6.04,737495.75,448501.6533
002178.SZ,20260806,4.58,4.67,4.51,4.58,109760.0,50297.401
002179.SZ,20260806,34.45,34.88,33.9,34.67,312658.5,1076936.76938
002180.SZ,20260806,19.69,19.69,19.69,19.69,112995.76,222488.65144
002181.SZ,20260806,9.57,9.58,9.2,9.37,980107.48,917101.42087
002182.SZ,20260806,13.0,13.15,12.51,12.77,442765.31,567758.08933
002183.SZ,20260806,4.75,4.75,4.62,4.69,471578.01,220647.79572
002184.SZ,20260806,9.8,9.94,9.65,9.85,59700.27,58459.60716
002185.SZ,20260806,16.1,17.66,16.09,17.26,4732223.42,8042750.89463
002186.SZ,20260806,9.21,9.28,9.11,9.26,30901.0,28423.585
002187.SZ,20260806,5.35,5.35,5.22,5.31,93389.5,49418.801
002188.SZ,20260806,5.27,5.3,5.17,5.29,82648.0,43337.302
002189.SZ,20260806,18.67,18.96,18.4,18.77,38022.0,71090.733
002190.SZ,20260806,23.3,23.7,23.1,23.44,51039.17,119312.61774
002191.SZ,20260806,3.73,3.76,3.72,3.74,85176.0,31834.733
002192.SZ,20260806,67.38,68.4,65.91,66.95,151207.93,1013985.88904
002193.SZ,20260806,3.92,4.12,3.9,4.09,47983.0,19455.398
002194.SZ,20260806,9.32,10.09,9.29,10.09,405276.45,400226.90183
002195.SZ,20260806,7.06,7.11,6.84,6.91,2722146.85,1897174.07415
002196.SZ,20260806,11.05,11.37,11.0,11.16,244995.9,273633.0794
002197.SZ,20260806,7.17,7.35,7.09,7.24,548797.47,397038.15634
002198.SZ,20260806,3.4,3.43,3.28,3.37,59512.0,19856.052
002199.SZ,20260806,13.6,14.0,13.18,13.94,201224.58,275803.11844
002200.SZ,20260806,6.88,7.0,6.74,6.84,36815.0,25213.403
002201.SZ,20260806,8.2,8.36,8.13,8.31,200003.37,165213.09356
002202.SZ,20260806,20.1,21.58,20.09,20.76,1757665.48,3662388.84974
002203.SZ,20260806,19.43,19.57,18.87,19.22,300065.36,576370.12659
002204.SZ,20260806,5.4,5.42,5.3,5.34,189491.72,101377.95173
002205.SZ,20260806,10.3,10.45,10.16,10.43,24350.0,25233.871
002206.SZ,20260806,5.34,5.43,5.33,5.42,160364.5,86231.372
002207.SZ,20260806,5.92,6.08,5.85,6.01,88392.2,52734.9502
002208.SZ,20260806,11.18,11.5,11.12,11.39,538613.54,610249.30102
002209.SZ,20260806,10.71,10.93,10.62,10.8,26698.0,28789.517
002210.SZ,20260806,2.32,2.32,2.23,2.27,578909.5,131506.923
002211.SZ,20260806,3.8,4.14,3.8,3.96,164166.03,64730.71446
002212.SZ,20260806,6.67,7.36,6.64,7.36,817357.12,588989.37618
002213.SZ,20260806,28.74,29.88,28.3,29.32,263597.93,768547.77057
002214.SZ,20260806,16.34,16.34,16.34,16.34,14778.0,24147.252
002215.SZ,20260806,9.18,9.22,9.02,9.12,146203.53,133155.89842
002216.SZ,20260806,12.97,13.05,12.72,12.85,65853.5,84529.54596
002217.SZ,20260806,1.55,1.56,1.51,1.52,1359340.03,208438.61116
002218.SZ,20260806,4.18,4.19,4.05,4.14,501239.55,205946.4442
002219.SZ,20260806,2.11,2.12,2.06,2.1,526825.22,109940.6818
002221.SZ,20260806,5.71,5.72,5.58,5.64,164795.04,93075.89636
002222.SZ,20260806,58.21,60.68,57.07,59.55,380521.61,2245019.26941
002223.SZ,20260806,27.65,27.68,26.8,26.99,144044.8,389722.12225
002224.SZ,20260806,3.5,3.53,3.46,3.53,84535.0,29560.306
002225.SZ,20260806,3.74,3.77,3.65,3.74,259956.0,96390.156
002226.SZ,20260806,5.09,5.15,5.01,5.02,184584.3,93554.4405
002227.SZ,20260806,6.22,6.32,6.1,6.25,25725.0,15973.267
002228.SZ,20260806,3.1,3.13,3.07,3.12,150612.0,46703.041
002229.SZ,20260806,10.89,11.05,10.66,10.81,311059.55,337191.37021
002230.SZ,20260806,43.69,44.72,43.41,43.68,593361.09,2607093.74216
002232.SZ,20260806,14.86,15.15,14.68,14.88,53166.64,79274.51008
002233.SZ,20260806,7.38,7.68,7.36,7.62,211301.18,159574.22536
002234.SZ,20260806,7.16,7.27,7.13,7.26,41720.17,30078.15325
002235.SZ,20260806,8.34,8.53,8.23,8.37,252745.0,211721.586
002236.SZ,20260806,17.03,17.23,16.92,17.02,332540.64,567004.71379
002237.SZ,20260806,14.33,14.4,13.77,13.9,471257.54,664898.33342
002238.SZ,20260806,6.16,6.25,6.05,6.14,59176.41,36303.10164
002239.SZ,20260806,2.55,2.56,2.49,2.52,521474.0,131356.54
002240.SZ,20260806,31.01,31.3,30.35,31.12,475143.49,1461699.02449
002241.SZ,20260806,23.4,23.91,23.32,23.44,849705.62,1999118.18211
002242.SZ,20260806,9.14,9.15,8.89,9.0,84674.48,76216.77102
002243.SZ,20260806,7.43,7.48,7.26,7.31,127484.0,93776.91
002244.SZ,20260806,8.57,8.72,8.46,8.56,271425.0,232721.79462
002245.SZ,20260806,16.7,17.32,16.46,16.99,757462.05,1284165.53505
002246.SZ,20260806,20.0,20.33,19.74,19.94,107540.27,215285.73138
002247.SZ,20260806,2.24,2.27,2.21,2.27,309547.5,69471.6105
002248.SZ,20260806,8.92,9.13,8.86,9.12,118405.0,106818.117
002249.SZ,20260806,7.54,7.61,7.39,7.46,435010.52,325577.63225
002250.SZ,20260806,16.25,16.49,15.82,16.02,167922.29,270887.10614
002251.SZ,20260806,3.77,3.78,3.63,3.68,919360.08,339709.81564
002252.SZ,20260806,5.07,5.09,4.88,4.9,661305.55,326714.2082
002253.SZ,20260806,10.13,10.3,9.89,10.03,58452.01,59066.80704
002254.SZ,20260806,12.16,12.42,12.08,12.35,234776.58,288258.49263
002255.SZ,20260806,8.7,8.7,8.46,8.59,196015.0,168025.834
002256.SZ,20260806,3.45,3.46,3.32,3.38,423231.01,142711.67836
002258.SZ,20260806,14.61,14.62,14.16,14.3,290686.83,416585.43559
002259.SZ,20260806,3.85,4.0,3.8,3.97,145869.0,56691.45
002261.SZ,20260806,27.47,27.86,27.01,27.4,514687.14,1414051.36165
002262.SZ,20260806,21.6,21.79,21.22,21.43,112966.81,241840.39047
002263.SZ,20260806,3.05,3.05,2.98,3.05,484671.62,146320.39301
002264.SZ,20260806,6.62,6.74,6.51,6.63,191863.25,126648.76575
002265.SZ,20260806,19.35,19.48,18.61,18.75,157797.39,297611.2919
002266.SZ,20260806,5.0,5.07,4.96,5.0,828502.18,415480.29532
002267.SZ,20260806,7.21,7.24,7.1,7.16,70170.12,50234.52428
002268.SZ,20260806,14.62,15.05,14.55,14.81,182486.44,270158.99796
002269.SZ,20260806,1.43,1.47,1.4,1.44,642309.0,91946.165
002270.SZ,20260806,21.04,21.12,20.18,20.45,258595.59,531505.18874
002271.SZ,20260806,11.78,11.86,11.55,11.67,321924.3,375967.578
002272.SZ,20260806,14.36,14.83,14.21,14.61,256835.28,373900.9771
002273.SZ,20260806,26.65,27.85,26.36,27.32,540702.56,1475998.99402
002274.SZ,20260806,5.54,5.6,5.46,5.6,239723.09,132832.68931
002275.SZ,20260806,13.13,13.18,13.0,13.16,16676.0,21813.014
002276.SZ,20260806,10.59,10.67,10.35,10.49,222009.37,233056.46457
002277.SZ,20260806,5.83,5.84,5.71,5.81,178436.67,103058.1696
002278.SZ,20260806,7.96,8.01,7.84,7.97,71020.83,56357.32274
002279.SZ,20260806,6.88,7.15,6.82,6.98,682583.0,478362.32966
002281.SZ,20260806,165.39,180.0,162.0,175.49,507834.18,8787535.29883
002282.SZ,20260806,5.85,5.89,5.76,5.87,33744.0,19670.681
002283.SZ,20260806,8.94,9.05,8.68,8.92,177900.14,157914.99074
002284.SZ,20260806,9.61,9.68,9.41,9.51,224974.73,214621.09292
002285.SZ,20260806,2.15,2.17,2.11,2.16,307103.94,65729.6811
002286.SZ,20260806,7.99,8.07,7.88,8.07,95783.49,76372.44051
002287.SZ,20260806,20.6,20.7,20.27,20.42,18359.0,37468.246
002289.SZ,20260806,32.09,33.91,31.71,33.7,57412.5,190719.835
002290.SZ,20260806,55.55,58.0,54.56,57.2,67662.03,382155.01185
002291.SZ,20260806,5.76,5.87,5.63,5.7,829482.36,475526.7817
002292.SZ,20260806,8.3,8.38,8.1,8.16,504761.21,414254.56226
002293.SZ,20260806,11.2,11.26,11.01,11.16,55957.5,62275.55295
002294.SZ,20260806,34.5,34.69,33.68,33.85,245168.42,833777.88397
002295.SZ,20260806,8.52,8.66,8.42,8.6,26288.34,22467.71648
002296.SZ,20260806,8.99,9.1,8.9,9.08,101001.2,91151.276
002297.SZ,20260806,17.8,19.15,17.74,18.72,853138.22,1578979.57111
002298.SZ,20260806,8.75,8.85,8.42,8.56,700295.58,603391.82355
002299.SZ,20260806,16.67,16.73,16.48,16.63,68946.0,114383.874
002300.SZ,20260806,7.34,7.41,7.14,7.26,355952.13,257724.48806
002301.SZ,20260806,6.95,7.14,6.9,7.07,132240.0,93262.43735
002302.SZ,20260806,4.59,5.08,4.59,5.08,172629.02,85666.1661
002303.SZ,20260806,5.24,5.61,5.1,5.59,1473766.63,788381.49243
002304.SZ,20260806,41.39,41.48,40.6,40.88,76772.23,313970.90305
002305.SZ,20260806,2.07,2.17,2.04,2.15,319860.39,67174.50851
002306.SZ,20260806,1.85,1.92,1.84,1.87,93489.0,17492.517
002307.SZ,20260806,3.08,3.19,3.08,3.12,435304.58,136223.95698
002309.SZ,20260806,3.28,3.3,3.17,3.23,1740892.34,561312.31982
002310.SZ,20260806,2.53,2.54,2.44,2.48,1328921.48,329339.68025
002311.SZ,20260806,47.17,47.74,46.8,47.58,90993.17,429992.74846
002312.SZ,20260806,8.54,8.58,8.41,8.49,188790.5,160197.536
002313.SZ,20260806,8.12,8.41,8.12,8.41,106328.31,88365.08337
002314.SZ,20260806,2.1,2.16,2.08,2.14,328875.5,69786.446
002315.SZ,20260806,28.41,28.7,27.38,27.52,121778.06,339120.12234
002316.SZ,20260806,4.35,4.51,4.33,4.51,157853.5,69977.3955
002317.SZ,20260806,27.72,27.95,27.03,27.4,306278.29,842128.59025
002318.SZ,20260806,20.22,20.38,19.68,19.89,147358.45,293983.04587
002319.SZ,20260806,10.73,11.8,10.73,11.35,265852.52,300595.04991
002320.SZ,20260806,6.87,6.89,6.72,6.8,146019.83,99244.47256
002321.SZ,20260806,1.92,1.94,1.87,1.93,217424.0,41409.927
002322.SZ,20260806,10.71,10.82,10.61,10.78,33692.0,36102.59704
002323.SZ,20260806,1.35,1.35,1.32,1.33,469762.0,62563.615
002324.SZ,20260806,9.45,9.48,9.21,9.31,186461.99,174023.48688
002326.SZ,20260806,19.1,19.41,19.0,19.31,356420.76,685218.42122
002327.SZ,20260806,6.47,6.53,6.41,6.49,33967.0,21966.628
002328.SZ,20260806,6.9,7.25,6.86,7.06,553328.6,391003.78966
002329.SZ,20260806,3.3,3.32,3.17,3.21,458005.08,147251.76358
002330.SZ,20260806,3.8,3.85,3.76,3.83,82994.5,31574.1825
002331.SZ,20260806,6.96,7.12,6.93,7.05,72524.91,50969.52128
002332.SZ,20260806,8.63,8.64,8.45,8.46,105131.0,89428.489
002333.SZ,20260806,5.33,5.5,5.31,5.47,147401.0,79996.402
002334.SZ,20260806,6.73,6.77,6.6,6.7,94371.0,63152.658
002335.SZ,20260806,31.21,31.45,30.66,30.99,232729.54,723081.6171
002337.SZ,20260806,4.52,4.61,4.51,4.6,72241.0,33024.385
002338.SZ,20260806,41.16,42.5,41.1,42.17,72820.97,305127.1965
002339.SZ,20260806,7.38,7.38,7.18,7.3,136885.55,99556.66452
002340.SZ,20260806,6.94,6.99,6.71,6.75,1656840.01,1134093.33717
002342.SZ,20260806,8.02,8.29,7.99,8.23,612385.42,500685.87373
002343.SZ,20260806,5.2,5.32,5.08,5.17,112193.8,58171.694
002344.SZ,20260806,3.74,3.79,3.71,3.78,77159.0,28910.323
002345.SZ,20260806,11.03,11.2,10.63,10.69,344910.95,377273.60339
002346.SZ,20260806,20.03,20.39,19.23,20.19,101064.29,201299.61777
002347.SZ,20260806,5.91,5.99,5.82,5.93,100565.0,59397.61
002348.SZ,20260806,11.74,12.13,11.65,11.85,742832.56,880158.54843
002349.SZ,20260806,6.7,6.73,6.6,6.66,87608.0,58245.848
002350.SZ,20260806,16.29,16.44,15.6,16.37,238418.65,381060.43109
002351.SZ,20260806,10.35,10.36,10.21,10.25,67623.0,69454.584
002352.SZ,20260806,34.02,34.14,33.67,33.72,173039.45,585462.78402
002353.SZ,20260806,146.0,151.97,142.8,144.57,164585.14,2413959.46814
002354.SZ,20260806,7.99,8.23,7.84,8.1,4414020.55,3535214.19115
002355.SZ,20260806,5.27,5.43,4.98,5.04,1061678.7,555099.3757
002356.SZ,20260806,2.7,2.72,2.65,2.71,166335.7,44630.2692
002357.SZ,20260806,8.89,8.97,8.78,8.97,54520.0,48454.09551
002358.SZ,20260806,5.7,5.71,5.55,5.63,238375.0,133833.339
002360.SZ,20260806,5.15,5.21,5.13,5.19,31897.04,16484.24901
002361.SZ,20260806,11.41,12.3,11.32,11.7,2218162.26,2631122.7895
002362.SZ,20260806,16.18,16.47,15.91,16.08,57986.02,93824.7996
002363.SZ,20260806,6.4,6.45,6.31,6.44,51850.0,33115.244
002364.SZ,20260806,38.49,39.34,37.64,38.54,238880.83,920476.8041
002365.SZ,20260806,12.97,13.14,12.5,12.91,280081.56,358573.91208
002366.SZ,20260806,6.53,6.63,6.36,6.4,1407421.86,908983.28384
002367.SZ,20260806,5.41,5.44,5.34,5.42,75613.04,40835.36756
002368.SZ,20260806,14.8,15.19,14.64,14.76,96836.67,144278.87891
002369.SZ,20260806,5.75,6.27,5.71,6.27,274979.77,169185.08401
002370.SZ,20260806,5.09,5.15,5.05,5.13,198052.0,100941.758
002371.SZ,20260806,717.5,764.68,709.0,742.5,107590.15,7971136.88169
002372.SZ,20260806,8.65,8.69,8.52,8.61,126160.51,108362.89206
002373.SZ,20260806,8.08,8.18,7.99,8.01,224589.33,181347.43494
002374.SZ,20260806,3.11,3.14,3.06,3.14,228347.0,70915.886
002375.SZ,20260806,3.52,3.53,3.47,3.52,123060.68,43098.0781
002376.SZ,20260806,6.99,6.99,6.74,6.99,383084.97,266856.38246
002377.SZ,20260806,2.59,2.63,2.57,2.63,183016.0,47612.835
002378.SZ,20260806,26.02,27.0,25.53,26.37,890702.65,2325946.69559
002379.SZ,20260806,19.15,19.2,18.51,18.86,623258.78,1171775.90954
002380.SZ,20260806,29.18,29.81,28.98,29.35,61398.0,180174.124
002381.SZ,20260806,5.31,5.37,5.23,5.36,41307.0,21927.271
002382.SZ,20260806,5.95,5.98,5.82,5.88,120603.96,70808.24141
002383.SZ,20260806,7.0,7.18,6.93,7.07,123328.36,86945.4332
002384.SZ,20260806,180.0,195.55,178.99,187.68,859291.15,16095175.8046
002385.SZ,20260806,3.04,3.05,2.97,3.03,912372.53,274821.39212
002386.SZ,20260806,5.84,6.0,5.81,5.92,223846.17,132464.90561
002387.SZ,20260806,7.12,7.19,7.02,7.18,156795.14,111702.88687
002388.SZ,20260806,4.91,5.09,4.84,5.02,483556.0,240388.88
002389.SZ,20260806,18.75,19.34,18.75,18.95,404686.44,769694.79059
002390.SZ,20260806,2.94,2.95,2.89,2.93,197552.48,57698.90864
002391.SZ,20260806,5.26,5.28,5.2,5.28,54490.32,28604.53292
002392.SZ,20260806,7.42,7.5,7.28,7.37,141536.0,104481.024
002393.SZ,20260806,14.47,14.49,14.14,14.28,22685.16,32365.55226
002394.SZ,20260806,9.2,9.65,9.04,9.63,70888.0,67084.72
002395.SZ,20260806,12.3,12.4,12.15,12.35,20683.64,25409.17808
002396.SZ,20260806,27.98,29.4,27.61,29.02,1072315.58,3073889.18303
002397.SZ,20260806,3.51,3.54,3.46,3.52,131757.5,46170.673
002398.SZ,20260806,4.03,4.08,3.98,4.08,107467.32,43314.89032
002399.SZ,20260806,9.71,9.85,9.57,9.69,49770.0,48295.815
002400.SZ,20260806,6.99,7.18,6.83,6.93,1264852.38,882511.23902
002401.SZ,20260806,12.57,12.86,12.44,12.57,43803.42,55406.59869
002402.SZ,20260806,21.31,21.67,21.08,21.33,292685.11,625751.1346
002403.SZ,20260806,9.43,9.71,9.38,9.57,50665.0,48330.344
002404.SZ,20260806,5.85,5.96,5.85,5.94,92954.0,54938.514
002405.SZ,20260806,6.85,6.96,6.68,6.73,613825.14,417254.09872
002406.SZ,20260806,6.78,6.88,6.74,6.83,119664.0,81482.092
002407.SZ,20260806,32.41,36.09,32.4,36.09,2235992.17,7607945.0205
002408.SZ,20260806,5.05,5.1,5.01,5.05,200555.03,101425.24453
002409.SZ,20260806,135.03,148.17,135.02,145.01,386811.5,5524030.60173
002410.SZ,20260806,9.66,9.87,9.49,9.6,382872.56,369068.7184
002412.SZ,20260806,6.92,7.06,6.89,7.0,283637.56,197685.11042
002413.SZ,20260806,8.46,9.23,8.43,8.69,1233153.06,1078795.24332
002414.SZ,20260806,13.43,13.7,13.24,13.49,805133.28,1086201.2027
002415.SZ,20260806,38.09,38.15,37.12,37.45,1017034.25,3817616.74207
002416.SZ,20260806,9.8,9.9,9.66,9.72,150296.54,146433.50222
002418.SZ,20260806,3.66,3.78,3.64,3.75,445242.0,165218.557
002419.SZ,20260806,4.59,4.59,4.49,4.56,92607.0,41987.87
002420.SZ,20260806,5.62,5.77,5.57,5.67,82769.0,46888.468
002421.SZ,20260806,3.46,3.63,3.35,3.44,4750880.13,1644067.21275
002422.SZ,20260806,42.9,43.3,41.92,42.51,266341.04,1132710.65976
002423.SZ,20260806,9.17,9.24,9.08,9.21,149427.0,137032.25512
002424.SZ,20260806,4.58,4.59,4.51,4.53,76634.0,34845.451
002425.SZ,20260806,3.82,3.82,3.66,3.82,1100810.94,418956.36868
002426.SZ,20260806,2.74,2.78,2.7,2.77,950635.59,260808.65573
002427.SZ,20260806,4.36,4.39,4.26,4.36,103304.26,44772.34058
002428.SZ,20260806,89.0,90.98,88.0,90.98,781573.54,7063060.98467
002429.SZ,20260806,7.8,8.14,7.79,8.01,745233.43,595331.75012
002430.SZ,20260806,23.91,24.52,23.86,24.33,192492.47,465724.85473
002431.SZ,20260806,1.35,1.36,1.31,1.33,261625.0,34812.575
002432.SZ,20260806,68.5,73.45,68.49,71.37,460602.55,3270613.01225
002434.SZ,20260806,5.93,5.94,5.7,5.78,210213.94,121956.70347
002436.SZ,20260806,29.66,32.2,29.59,31.53,1154043.69,3584884.64021
002437.SZ,20260806,2.93,2.94,2.82,2.84,685718.0,196388.034
002438.SZ,20260806,14.63,15.01,14.44,14.44,220480.21,323616.53768
002439.SZ,20260806,14.2,14.86,14.12,14.68,581707.97,842151.76415
002440.SZ,20260806,12.96,13.38,12.67,13.04,540373.97,704182.97067
002441.SZ,20260806,8.03,8.04,7.86,7.96,45089.0,35793.76601
002442.SZ,20260806,4.94,5.0,4.87,4.98,95607.0,47224.417
002443.SZ,20260806,8.37,8.53,8.32,8.48,168487.41,142079.85204
002444.SZ,20260806,30.19,30.97,30.05,30.34,112261.81,341721.47172
002445.SZ,20260806,2.99,3.04,2.93,2.99,507864.98,151657.77404
002446.SZ,20260806,8.25,8.95,8.16,8.87,651568.45,565219.71063
002448.SZ,20260806,12.12,12.3,12.03,12.25,190266.8,231354.56423
002449.SZ,20260806,6.39,6.43,6.3,6.42,87008.15,55528.16143
002451.SZ,20260806,7.3,7.37,7.21,7.34,108336.0,78995.322
002452.SZ,20260806,11.48,11.54,11.32,11.53,123315.95,140922.2964
002453.SZ,20260806,4.31,4.4,4.29,4.4,104067.72,45201.1858
002454.SZ,20260806,5.05,5.09,4.98,5.05,97530.6,49135.3312
002455.SZ,20260806,6.96,7.05,6.83,7.05,347043.32,241254.87354
002456.SZ,20260806,7.8,8.04,7.67,7.99,1375338.1,1077839.52044
002457.SZ,20260806,10.98,10.98,10.74,10.86,239487.0,260159.97947
002458.SZ,20260806,8.97,9.04,8.88,9.01,305276.68,273734.62969
002459.SZ,20260806,7.75,7.84,7.59,7.65,428860.39,329813.00616
002460.SZ,20260806,52.75,53.25,51.65,52.24,407788.21,2136532.16154
002461.SZ,20260806,8.85,8.9,8.74,8.81,61847.0,54443.16
002462.SZ,20260806,11.78,11.92,11.72,11.87,27380.74,32389.46646
002463.SZ,20260806,112.74,121.87,112.01,117.2,589491.14,6909114.23945
002465.SZ,20260806,10.53,10.78,10.5,10.7,622532.95,663242.35691
002466.SZ,20260806,47.49,47.9,46.5,47.18,460445.68,2174555.82641
002467.SZ,20260806,4.84,4.92,4.77,4.86,463747.0,224718.454
002468.SZ,20260806,13.93,14.08,13.56,13.92,322662.63,445316.57307
002469.SZ,20260806,5.82,5.9,5.75,5.9,54029.13,31458.76682
002470.SZ,20260806,1.97,1.98,1.91,1.95,800673.0,155391.07
002471.SZ,20260806,5.75,5.87,5.64,5.75,735101.05,422177.05454
002472.SZ,20260806,39.35,39.87,38.81,39.14,238456.58,937435.57477
002474.SZ,20260806,6.37,6.69,6.36,6.66,351862.18,229193.38506
002475.SZ,20260806,54.15,57.95,53.7,55.9,1720574.6,9587815.89486
002476.SZ,20260806,4.51,4.56,4.46,4.55,71301.0,32204.432
002478.SZ,20260806,6.38,6.46,6.23,6.32,137261.46,86831.07072
002479.SZ,20260806,5.55,5.72,5.51,5.59,209424.52,117535.61464
002480.SZ,20260806,5.67,5.67,5.45,5.52,99182.0,54937.0
002481.SZ,20260806,4.15,4.17,4.07,4.15,80567.0,33247.2905
002482.SZ,20260806,1.26,1.27,1.24,1.27,431472.37,54160.42062
002483.SZ,20260806,5.27,5.27,5.09,5.18,144982.13,74847.18073
002484.SZ,20260806,62.0,66.07,61.04,65.09,426090.59,2730739.83535
002485.SZ,20260806,5.37,5.9,5.29,5.9,57681.77,32414.9173
002486.SZ,20260806,2.31,2.37,2.3,2.37,240490.0,56180.832
002487.SZ,20260806,42.02,42.35,41.31,41.76,247740.45,1035072.27755
002488.SZ,20260806,9.06,9.32,9.01,9.07,233755.39,214075.07501
002489.SZ,20260806,2.75,2.76,2.69,2.73,173345.84,47146.57459
002490.SZ,20260806,7.5,7.67,7.46,7.67,473916.69,359594.55324
002491.SZ,20260806,15.9,16.75,15.73,16.52,2048437.56,3330505.31041
002492.SZ,20260806,5.53,5.64,5.44,5.62,64204.0,35820.892
002493.SZ,20260806,12.47,13.18,12.38,13.14,910307.8,1179625.27487
002494.SZ,20260806,4.59,4.67,4.55,4.66,98769.0,45645.556
002495.SZ,20260806,2.28,2.3,2.25,2.29,188615.0,42981.939
002496.SZ,20260806,2.02,2.06,1.99,2.04,206632.6,41818.4148
002497.SZ,20260806,18.39,18.49,18.0,18.23,365089.04,666558.9785
002498.SZ,20260806,7.1,7.12,6.75,6.83,1929793.29,1326877.62185
002500.SZ,20260806,5.41,5.42,5.33,5.36,160679.6,86258.6812
002501.SZ,20260806,1.32,1.36,1.31,1.32,398429.0,53085.92
002506.SZ,20260806,2.73,2.75,2.65,2.69,2190782.22,590534.41323
002507.SZ,20260806,11.75,11.79,11.48,11.53,158451.7,183410.9393
002508.SZ,20260806,15.68,15.73,15.36,15.44,94205.0,145979.99752
002510.SZ,20260806,5.72,5.75,5.57,5.67,207196.0,117279.728
002511.SZ,20260806,7.36,7.36,7.18,7.24,115970.0,84004.644
002512.SZ,20260806,3.78,3.81,3.63,3.7,369976.0,137655.844
002513.SZ,20260806,4.99,5.11,4.97,5.11,86517.83,43669.67947
002514.SZ,20260806,2.12,2.14,1.98,2.03,435321.0,89642.199
002515.SZ,20260806,6.85,7.17,6.8,7.11,609743.61,429394.23153
002516.SZ,20260806,5.39,5.47,5.33,5.4,207139.69,111633.89529
002517.SZ,20260806,18.28,18.62,17.77,17.9,987426.57,1785570.48497
002518.SZ,20260806,33.44,33.8,32.84,33.53,108950.13,363311.94033
002519.SZ,20260806,5.52,5.63,5.41,5.53,361478.3,199463.0385
002520.SZ,20260806,5.63,5.76,5.59,5.72,278780.11,158553.90867
002521.SZ,20260806,6.97,7.0,6.83,6.9,36732.0,25375.293
002522.SZ,20260806,5.04,5.09,4.94,5.02,281597.04,141164.03763
002523.SZ,20260806,3.32,3.33,3.23,3.29,207407.39,67865.40692
002524.SZ,20260806,3.78,3.85,3.74,3.82,159318.04,60373.41512
002526.SZ,20260806,2.68,2.71,2.63,2.69,297611.5,79610.1823
002527.SZ,20260806,11.7,11.9,11.52,11.72,81148.0,95161.37304
002528.SZ,20260806,4.66,4.68,4.53,4.53,58150.0,26697.755
002529.SZ,20260806,6.82,7.05,6.76,6.9,41526.0,28545.335
002530.SZ,20260806,7.44,7.61,7.36,7.5,346136.59,259012.41005
002531.SZ,20260806,6.88,6.94,6.58,6.65,546319.95,366279.3581
002532.SZ,20260806,13.55,13.83,13.2,13.4,1161554.03,1568464.01704
002533.SZ,20260806,11.69,11.72,11.39,11.49,119288.43,137469.94205
002534.SZ,20260806,15.14,16.08,15.0,16.0,207401.02,324240.09853
002535.SZ,20260806,2.41,2.46,2.35,2.44,148831.4,35978.6005
002536.SZ,20260806,37.39,38.68,36.29,37.85,454613.94,1708215.4662
002537.SZ,20260806,5.88,6.05,5.84,5.92,351043.06,208914.40781
002538.SZ,20260806,6.8,6.98,6.8,6.95,95456.3,65870.81934
002539.SZ,20260806,12.26,12.38,11.98,12.02,177631.0,215423.42
002540.SZ,20260806,5.17,5.2,5.08,5.15,109629.66,56332.34458
002541.SZ,20260806,19.1,19.58,18.72,18.89,149309.64,283212.80162
002542.SZ,20260806,1.77,1.78,1.69,1.72,370717.0,64012.989
002543.SZ,20260806,6.69,6.7,6.55,6.61,40041.28,26418.68664
002544.SZ,20260806,16.8,17.11,16.48,16.67,139422.71,233920.63211
002545.SZ,20260806,18.51,19.1,18.36,18.61,253622.77,474775.39362
002546.SZ,20260806,8.83,8.85,8.51,8.56,498415.0,431940.892
002547.SZ,20260806,2.54,2.58,2.43,2.48,310471.0,77450.145
002548.SZ,20260806,3.97,4.0,3.89,3.98,242361.39,95577.3254
002549.SZ,20260806,13.89,14.62,13.76,14.47,508191.96,723702.46848
002550.SZ,20260806,6.96,6.98,6.8,6.87,165234.64,113348.39904
002551.SZ,20260806,3.03,3.06,2.99,3.04,105835.02,31997.01003
002552.SZ,20260806,40.81,43.27,40.81,43.27,177286.0,750614.106
002553.SZ,20260806,16.27,16.37,15.89,16.03,78738.03,126636.76524
002554.SZ,20260806,2.85,2.89,2.82,2.86,148949.44,42527.9394
002555.SZ,20260806,20.11,20.37,19.67,19.8,535606.41,1068756.05564
002556.SZ,20260806,4.93,4.99,4.92,4.98,99838.61,49512.97807
002557.SZ,20260806,19.87,20.12,19.4,19.51,74139.04,145590.34586
002558.SZ,20260806,29.7,30.81,29.1,29.26,1109645.3,3304008.09801
002559.SZ,20260806,9.33,9.65,9.28,9.53,312174.48,295853.1045
002560.SZ,20260806,6.5,6.53,6.34,6.46,273132.8,175567.8172
002561.SZ,20260806,6.64,6.68,6.55,6.66,35083.5,23214.90238
002562.SZ,20260806,4.58,4.58,4.46,4.53,177444.0,80110.578
002563.SZ,20260806,6.13,6.15,6.01,6.1,217692.35,132254.84185
002564.SZ,20260806,4.44,4.5,4.38,4.48,146211.2,65038.3926
002565.SZ,20260806,9.46,10.41,9.46,9.88,1471067.65,1464311.41262
002566.SZ,20260806,6.45,6.49,6.37,6.47,93342.82,60098.63762
002567.SZ,20260806,3.62,3.65,3.54,3.61,165312.0,59285.951
002568.SZ,20260806,19.63,19.82,19.18,19.24,156682.98,304024.19598
002569.SZ,20260806,12.7,13.49,12.54,13.38,25264.0,32643.16168
002570.SZ,20260806,4.46,4.48,4.36,4.43,193290.92,85417.21564
002571.SZ,20260806,10.69,11.1,10.6,11.06,83556.24,91642.31844
002572.SZ,20260806,8.48,8.51,8.25,8.33,116420.9,97011.1387
002573.SZ,20260806,3.23,3.25,3.18,3.24,59117.04,19015.8078
002574.SZ,20260806,4.65,4.69,4.49,4.59,106235.12,48486.39648
002575.SZ,20260806,5.28,5.34,5.18,5.28,280866.58,147831.61005
002576.SZ,20260806,14.58,14.69,14.34,14.53,34315.5,49768.4025
002577.SZ,20260806,18.75,19.0,18.51,18.97,40037.0,75366.91287
002578.SZ,20260806,3.19,3.23,3.12,3.21,307311.4,97650.678
002579.SZ,20260806,13.49,14.19,13.37,13.93,1673817.87,2294047.59679
002580.SZ,20260806,19.76,19.88,19.04,19.11,873786.67,1700979.43263
002581.SZ,20260806,3.45,3.48,3.38,3.43,50794.0,17413.179
002582.SZ,20260806,10.13,10.2,9.96,10.07,232886.0,234281.978
002583.SZ,20260806,8.55,8.7,8.41,8.53,280433.25,239465.44975
002584.SZ,20260806,7.7,8.0,7.7,7.98,389694.77,305726.32296
002585.SZ,20260806,9.12,9.42,9.02,9.21,1040042.2,955435.18901
002586.SZ,20260806,3.59,3.83,3.53,3.8,77524.0,28943.284
002587.SZ,20260806,5.55,5.64,5.5,5.62,199254.36,111033.02077
002588.SZ,20260806,8.7,8.77,8.58,8.69,110894.9,96117.6972
002589.SZ,20260806,2.75,2.78,2.71,2.76,259128.61,71154.43588
002590.SZ,20260806,9.72,9.81,9.54,9.66,72392.94,69969.3161
002591.SZ,20260806,6.1,6.22,6.05,6.2,90938.0,55932.54
002592.SZ,20260806,6.04,6.25,6.02,6.24,45960.0,28278.323
002593.SZ,20260806,4.33,4.4,4.29,4.37,131416.0,57162.726
002594.SZ,20260806,90.5,91.15,89.23,89.45,367372.26,3299953.31287
002595.SZ,20260806,53.0,53.72,52.48,52.79,27336.18,144644.63547
002596.SZ,20260806,3.22,3.26,3.17,3.25,212456.0,68361.947
002597.SZ,20260806,20.49,20.5,20.07,20.43,76516.0,155110.50168
002598.SZ,20260806,6.59,6.66,6.53,6.66,24367.0,16078.011
002599.SZ,20260806,6.3,6.37,6.18,6.27,106723.84,66988.655
002600.SZ,20260806,12.81,12.92,12.62,12.74,1089708.83,1391344.60342
002601.SZ,20260806,16.63,16.99,16.37,16.58,211744.0,351347.99685
002602.SZ,20260806,14.04,14.29,13.81,13.86,1001927.17,1401837.07368
002603.SZ,20260806,16.46,16.5,16.18,16.26,239901.79,390961.23097
002605.SZ,20260806,18.6,18.95,18.27,18.4,90303.0,167061.276
002606.SZ,20260806,14.63,14.74,14.38,14.46,307455.48,446145.93099
002607.SZ,20260806,2.31,2.31,2.16,2.17,5598770.86,1237157.99921
002608.SZ,20260806,7.37,7.4,7.24,7.32,182792.03,133446.29687
002609.SZ,20260806,7.8,8.0,7.77,7.88,59942.46,47259.10024
002611.SZ,20260806,16.41,16.55,16.14,16.19,312989.08,510874.54147
002612.SZ,20260806,14.99,15.28,14.81,15.26,161447.59,243984.87333
002613.SZ,20260806,3.32,3.36,3.26,3.34,256331.2,84949.4139
002614.SZ,20260806,4.76,4.79,4.69,4.78,66992.25,31802.902
002615.SZ,20260806,6.67,6.69,6.53,6.61,53137.48,35082.69124
002616.SZ,20260806,4.75,4.76,4.66,4.74,89827.0,42307.751
002617.SZ,20260806,6.32,6.4,6.26,6.32,869829.49,549612.26074
002620.SZ,20260806,5.27,5.3,5.12,5.17,62648.0,32506.423
002622.SZ,20260806,2.35,2.36,2.28,2.33,181909.56,42072.30724
002623.SZ,20260806,16.0,16.05,15.58,15.93,37046.16,58622.85312
002624.SZ,20260806,11.5,11.73,11.18,11.27,602043.07,684852.66217
002625.SZ,20260806,30.88,31.32,30.22,30.59,243973.35,750920.73609
002626.SZ,20260806,14.14,14.22,13.85,13.88,50009.58,69775.71816
002627.SZ,20260806,6.38,6.49,6.31,6.38,94791.1,60556.8123
002628.SZ,20260806,4.6,4.92,4.57,4.9,300887.0,142169.103
002629.SZ,20260806,4.6,4.62,4.48,4.58,116836.0,53219.209
002630.SZ,20260806,1.68,1.69,1.65,1.66,118041.0,19665.258
002631.SZ,20260806,7.39,7.92,7.35,7.89,317420.64,241602.74664
002632.SZ,20260806,8.25,8.33,8.15,8.32,147189.0,121513.126
002633.SZ,20260806,14.57,14.81,14.4,14.76,17037.0,24925.307
002634.SZ,20260806,4.1,4.17,4.06,4.1,35394.0,14541.573
002635.SZ,20260806,14.51,15.0,14.35,14.85,200619.66,295684.74768
002636.SZ,20260806,55.61,61.62,55.61,59.99,819325.67,4809178.42991
002637.SZ,20260806,10.65,10.89,10.54,10.79,130187.13,139809.03032
002638.SZ,20260806,3.64,3.81,3.6,3.77,275479.5,103136.3945
002639.SZ,20260806,12.78,12.9,12.5,12.64,459379.55,581549.27521
002640.SZ,20260806,3.45,3.47,3.35,3.41,876179.0,298057.68
002641.SZ,20260806,3.87,3.91,3.84,3.9,82625.27,31993.2042
002642.SZ,20260806,7.5,7.56,7.35,7.45,200992.3,149835.0599
002643.SZ,20260806,13.69,13.89,13.48,13.82,252483.98,346975.76949
002644.SZ,20260806,7.72,7.79,7.65,7.79,27415.99,21172.49484
002645.SZ,20260806,18.1,19.26,17.98,18.55,598159.71,1113972.32066
002646.SZ,20260806,6.86,6.87,6.72,6.82,53117.08,36078.12867
002647.SZ,20260806,9.8,10.01,9.6,9.68,226274.0,222466.538
002648.SZ,20260806,25.08,25.66,25.02,25.37,435229.95,1104937.84652
002649.SZ,20260806,10.78,11.29,10.77,11.29,561557.42,623599.74762
002650.SZ,20260806,6.04,6.35,6.0,6.27,55509.75,34182.87425
002651.SZ,20260806,7.94,7.95,7.76,7.82,69053.0,54118.916
002652.SZ,20260806,3.77,3.88,3.74,3.86,168751.8,64064.8352
002653.SZ,20260806,65.33,67.11,63.51,67.07,109638.56,717942.07144
002654.SZ,20260806,12.28,12.66,12.16,12.42,477684.45,592652.53099
002655.SZ,20260806,27.6,27.97,26.95,27.84,401355.0,1104871.74
002656.SZ,20260806,2.94,3.06,2.92,2.95,154630.51,46115.78451
002657.SZ,20260806,15.7,16.35,15.6,16.03,197468.56,316542.66073
002658.SZ,20260806,7.33,7.34,7.18,7.28,50375.05,36596.50303
002659.SZ,20260806,4.78,4.87,4.59,4.66,664852.0,312691.53299
002660.SZ,20260806,6.88,7.35,6.8,6.97,132133.0,92386.027
002661.SZ,20260806,7.51,7.57,7.39,7.53,26710.0,19966.644
002662.SZ,20260806,3.21,3.23,3.15,3.21,100429.02,32087.16438
002663.SZ,20260806,1.6,1.63,1.56,1.62,366906.0,58661.285
002664.SZ,20260806,16.32,16.32,15.74,15.96,77949.93,124732.40349
002666.SZ,20260806,4.1,4.15,4.06,4.14,84086.0,34560.418
002667.SZ,20260806,12.5,13.48,12.4,13.48,217172.0,284830.6174
002668.SZ,20260806,10.65,10.99,10.52,10.84,285952.72,307285.86633
002669.SZ,20260806,12.06,12.3,11.98,12.22,136369.0,165704.161
002670.SZ,20260806,11.39,11.65,11.21,11.33,253561.0,288693.624
002671.SZ,20260806,3.82,3.89,3.8,3.87,123090.0,47321.994
002672.SZ,20260806,3.57,3.64,3.49,3.57,135601.9,48206.07956
002673.SZ,20260806,6.8,6.8,6.68,6.72,233198.18,156834.10751
002674.SZ,20260806,27.0,29.4,27.0,28.65,423975.88,1202436.31214
002675.SZ,20260806,12.83,12.95,12.68,12.85,74918.18,96282.08712
002676.SZ,20260806,5.03,5.07,4.96,5.03,76283.0,38224.314
002677.SZ,20260806,6.61,6.7,6.54,6.69,67206.0,44499.734
002678.SZ,20260806,4.45,4.49,4.39,4.47,58577.3,26015.9673
002679.SZ,20260806,8.7,8.8,8.62,8.78,29205.0,25444.732
002681.SZ,20260806,4.71,4.76,4.62,4.68,385763.23,180801.38364
002682.SZ,20260806,4.46,4.51,4.37,4.46,143928.5,64038.462
002683.SZ,20260806,28.52,28.61,27.62,27.86,91139.02,255408.49878
002685.SZ,20260806,5.38,5.44,5.28,5.35,251474.84,134497.29896
002686.SZ,20260806,5.9,6.57,5.89,6.57,319762.5,200985.8395
002687.SZ,20260806,5.03,5.09,4.89,5.0,132461.45,65953.38878
002688.SZ,20260806,5.07,5.24,5.05,5.17,178665.0,91978.901
002689.SZ,20260806,2.66,2.75,2.64,2.69,90306.39,24284.22984
002690.SZ,20260806,15.46,15.5,15.15,15.25,58397.98,89252.914
002691.SZ,20260806,4.21,4.28,4.14,4.25,22724.7,9577.7232
002692.SZ,20260806,4.05,4.07,3.97,4.07,119192.0,47860.69
002693.SZ,20260806,9.51,9.66,9.31,9.44,269080.45,254428.73
002694.SZ,20260806,2.13,2.16,2.12,2.16,36760.0,7871.355
002695.SZ,20260806,10.01,10.21,9.91,10.1,119515.97,119905.45182
002696.SZ,20260806,5.47,5.52,5.39,5.51,55745.9,30485.3494
002697.SZ,20260806,4.65,4.66,4.55,4.61,149554.9,68680.8873
002698.SZ,20260806,13.04,13.18,12.78,12.92,144625.74,186851.81348
002700.SZ,20260806,5.93,6.05,5.86,6.04,74616.0,44542.749
002701.SZ,20260806,4.9,4.91,4.77,4.84,310891.24,150012.18983
002702.SZ,20260806,4.81,4.83,4.68,4.76,471358.96,223553.8372
002703.SZ,20260806,17.59,17.59,15.9,16.35,1203637.36,2021982.04341
002705.SZ,20260806,11.81,12.33,11.67,12.31,271790.44,328212.54949
002706.SZ,20260806,9.27,9.27,8.86,9.0,408538.83,367855.31648
002707.SZ,20260806,5.18,5.21,5.07,5.14,127551.62,65431.27703
002708.SZ,20260806,10.5,10.56,10.22,10.45,157570.0,163847.002
002709.SZ,20260806,39.06,39.35,38.35,39.25,784136.36,3049601.97645
002712.SZ,20260806,4.82,4.89,4.75,4.83,168391.0,80959.7031
002713.SZ,20260806,9.93,9.93,9.64,9.78,176389.19,172433.53826
002714.SZ,20260806,38.4,38.6,37.8,38.37,411073.9,1568114.93084
002715.SZ,20260806,13.46,13.8,13.3,13.66,23491.0,31870.457
002716.SZ,20260806,9.0,9.18,8.48,8.62,2782960.81,2455050.31164
002717.SZ,20260806,1.05,1.06,1.03,1.03,495511.77,51737.88043
002718.SZ,20260806,83.58,86.18,83.0,85.49,10582.0,89548.425
002719.SZ,20260806,5.86,5.98,5.85,5.95,26590.0,15751.268
002721.SZ,20260806,2.94,2.94,2.94,2.94,265598.0,78085.812
002722.SZ,20260806,12.66,12.82,12.5,12.68,26768.74,33862.3781
002723.SZ,20260806,7.15,7.25,6.99,7.09,82632.0,58763.555
002724.SZ,20260806,5.33,5.38,5.27,5.36,53396.0,28431.262
002725.SZ,20260806,11.33,11.55,11.26,11.51,68523.2,78268.9598
002726.SZ,20260806,2.02,2.13,2.01,2.1,761710.19,157507.32075
002727.SZ,20260806,11.36,11.48,11.08,11.31,102725.02,115764.66168
002728.SZ,20260806,9.2,9.48,9.06,9.43,314670.0,291657.45584
002729.SZ,20260806,13.75,13.89,13.5,13.77,43378.0,59572.148
002730.SZ,20260806,21.76,22.18,21.3,21.6,82459.0,179348.385
002731.SZ,20260806,1.96,2.0,1.88,1.88,376771.94,72937.38502
002732.SZ,20260806,13.35,13.55,13.2,13.49,17994.0,24076.647
002733.SZ,20260806,18.84,19.24,18.64,19.09,137607.5,261000.032
002734.SZ,20260806,15.47,16.4,15.2,16.15,441878.76,701576.198
002735.SZ,20260806,11.68,11.92,11.56,11.78,178081.0,208995.9086
002736.SZ,20260806,10.29,10.31,10.09,10.14,278035.01,282693.09557
002737.SZ,20260806,13.14,13.29,12.92,13.07,54652.02,71371.62782
002738.SZ,20260806,52.28,54.14,51.91,52.95,369207.89,1959671.98611
002739.SZ,20260806,9.28,9.35,8.9,8.95,994246.52,900365.43373
002741.SZ,20260806,22.86,24.18,22.61,23.91,368022.87,869471.26931
002742.SZ,20260806,3.77,3.77,3.62,3.75,156576.0,58076.621
002743.SZ,20260806,3.85,3.91,3.8,3.89,66654.0,25722.69
002745.SZ,20260806,10.55,11.03,10.48,10.98,694739.74,752945.45844
002746.SZ,20260806,6.11,6.19,6.1,6.17,103097.98,63375.41768
002747.SZ,20260806,33.56,35.5,33.56,34.81,882514.24,3065502.01727
002748.SZ,20260806,10.75,11.04,10.7,11.0,53820.0,58656.663
002749.SZ,20260806,8.64,8.67,8.51,8.62,37036.95,31812.5454
002752.SZ,20260806,6.01,6.05,5.86,5.94,119081.55,70906.77455
002753.SZ,20260806,6.11,6.22,6.03,6.2,37278.39,22873.03196
002755.SZ,20260806,13.43,13.46,13.07,13.16,77702.84,102478.47244
002756.SZ,20260806,47.98,48.85,47.46,48.0,134179.43,645842.63198
002757.SZ,20260806,17.33,17.63,16.95,17.26,189562.01,328009.20039
002758.SZ,20260806,7.87,7.91,7.76,7.86,52928.5,41447.1045
002759.SZ,20260806,15.11,16.68,15.06,16.68,606120.23,971997.62635
002760.SZ,20260806,17.22,17.34,16.76,17.24,45017.01,77128.27081
002761.SZ,20260806,7.29,7.34,7.16,7.25,119750.24,86809.44964
002762.SZ,20260806,9.29,9.5,9.11,9.46,77414.0,72077.84
002763.SZ,20260806,7.27,7.3,7.15,7.25,55964.6,40413.067
002765.SZ,20260806,7.12,7.17,7.01,7.11,74099.0,52560.887
002766.SZ,20260806,4.83,4.83,4.39,4.43,1189853.4,548274.34776
002767.SZ,20260806,17.28,17.73,17.19,17.7,25173.0,44050.178
002768.SZ,20260806,56.0,57.97,55.74,57.8,103091.68,589037.38807
002769.SZ,20260806,6.88,6.96,6.83,6.96,64785.0,44708.597
002771.SZ,20260806,12.94,13.2,12.66,12.94,74169.0,96042.936
002772.SZ,20260806,10.48,10.68,10.41,10.65,95678.0,101276.812
002773.SZ,20260806,21.42,21.5,20.9,21.05,82116.47,173377.65407
002774.SZ,20260806,15.5,16.2,15.24,16.13,98286.0,156279.641
002775.SZ,20260806,3.85,3.91,3.8,3.91,211676.08,81528.82039
002777.SZ,20260806,13.28,13.62,13.19,13.44,105388.0,141304.569
002778.SZ,20260806,15.15,15.28,14.89,15.18,20207.0,30456.068
002779.SZ,20260806,69.71,71.45,68.9,71.12,34584.85,244246.0429
002780.SZ,20260806,13.11,13.2,12.91,13.15,43343.25,56617.99315
002782.SZ,20260806,14.88,15.09,14.63,14.96,108172.03,161089.24534
002783.SZ,20260806,7.45,7.61,7.44,7.52,66641.0,50139.879
002785.SZ,20260806,34.26,34.98,33.88,34.52,54654.89,188018.96692
002786.SZ,20260806,7.68,7.79,7.6,7.73,74564.49,57453.58277
002787.SZ,20260806,20.68,21.33,20.16,21.24,175516.0,366616.08536
002788.SZ,20260806,10.76,11.11,10.52,10.82,323573.08,349454.51683
002789.SZ,20260806,10.02,10.45,9.96,10.38,21463.0,22020.706
002790.SZ,20260806,5.7,5.78,5.61,5.78,34425.88,19637.02896
002791.SZ,20260806,15.34,15.41,15.01,15.32,48059.0,73069.338
002792.SZ,20260806,32.68,33.81,31.48,33.81,234535.47,773173.93253
002793.SZ,20260806,5.1,5.18,4.97,5.05,513914.12,258775.3708
002795.SZ,20260806,6.59,6.67,6.46,6.64,137631.0,90491.869
002796.SZ,20260806,27.31,29.47,27.15,29.18,193532.43,555089.85874
002797.SZ,20260806,6.65,6.77,6.57,6.61,724697.74,483287.00146
002798.SZ,20260806,5.5,5.6,5.46,5.58,85274.0,47142.697
002799.SZ,20260806,6.53,6.64,6.48,6.6,45363.0,29770.5668
002800.SZ,20260806,13.24,13.38,13.02,13.29,28662.34,37936.48022
002801.SZ,20260806,28.2,28.38,27.57,27.86,12915.96,36075.42344
002802.SZ,20260806,11.07,11.28,11.0,11.27,20234.0,22528.85146
002803.SZ,20260806,19.59,20.56,19.49,19.98,165840.42,332164.96387
002805.SZ,20260806,18.5,18.71,18.15,18.58,160222.58,295560.4409
002806.SZ,20260806,13.49,13.85,13.38,13.83,74129.4,101187.3928
002807.SZ,20260806,4.05,4.06,3.97,4.03,382404.53,153369.69802
002809.SZ,20260806,8.0,8.1,7.91,8.1,48295.65,38637.7796
002810.SZ,20260806,20.26,20.56,20.07,20.42,39168.83,79581.06212
002811.SZ,20260806,10.22,10.44,10.17,10.39,35644.5,36734.2135
002812.SZ,20260806,54.6,55.0,52.91,53.7,213982.42,1150908.4163
002813.SZ,20260806,20.73,21.39,20.73,21.1,30277.0,63742.517
002815.SZ,20260806,12.17,12.61,12.04,12.44,405948.8,503160.5978
002816.SZ,20260806,25.28,27.02,25.19,26.93,27155.23,71274.32234
002817.SZ,20260806,6.26,6.31,6.18,6.28,54763.47,34241.36063
002818.SZ,20260806,10.8,10.85,10.71,10.82,32540.4,35033.084
002819.SZ,20260806,21.0,21.23,20.64,21.0,20362.0,42566.059
002820.SZ,20260806,9.15,9.25,9.01,9.2,48976.0,44707.5518
002821.SZ,20260806,165.5,166.16,154.0,156.6,135131.17,2141637.23897
002822.SZ,20260806,3.18,3.23,3.13,3.23,122987.86,39210.36829
002823.SZ,20260806,13.35,13.41,13.15,13.32,44463.42,59074.50712
002824.SZ,20260806,21.91,22.93,21.2,22.93,197730.16,441181.99251
002825.SZ,20260806,8.43,8.64,8.36,8.5,39929.42,33845.5104
002826.SZ,20260806,16.52,18.15,16.39,18.15,62198.0,108308.668
002827.SZ,20260806,48.87,49.24,47.28,49.24,176242.06,860212.5445
002828.SZ,20260806,12.42,12.52,11.87,11.97,208512.47,253037.55063
002829.SZ,20260806,20.76,21.24,20.47,20.72,104869.4,217934.018
002830.SZ,20260806,13.12,13.43,12.95,13.41,28306.8,37443.6166
002831.SZ,20260806,28.2,29.1,27.3,29.1,114467.98,323000.84044
002832.SZ,20260806,25.8,26.0,24.77,25.61,171769.21,433392.01562
002833.SZ,20260806,18.03,18.21,17.87,18.1,41059.13,74045.11895
002835.SZ,20260806,12.1,12.44,12.02,12.34,39662.33,48560.0259
002836.SZ,20260806,9.39,9.9,9.35,9.78,48692.0,47000.21426
002837.SZ,20260806,51.6,53.83,50.77,52.93,400237.36,2103992.07915
002838.SZ,20260806,25.91,26.45,25.6,25.92,86602.17,224681.0423
002839.SZ,20260806,4.46,4.47,4.36,4.41,322329.41,141918.39263
002840.SZ,20260806,8.33,8.48,8.1,8.26,193575.0,159704.669
002841.SZ,20260806,48.3,50.65,47.9,50.03,147704.92,732974.06128
002842.SZ,20260806,36.0,37.88,35.27,36.98,735436.27,2664112.29466
002843.SZ,20260806,16.11,16.5,15.95,16.36,83925.62,136330.27959
002845.SZ,20260806,12.5,12.85,12.5,12.74,86378.96,109718.03351
002846.SZ,20260806,10.63,10.85,10.47,10.61,114549.32,121931.71804
002847.SZ,20260806,50.78,50.78,49.54,49.9,34944.0,174634.72258
002848.SZ,20260806,12.8,12.97,12.6,12.76,63726.0,81617.791
002849.SZ,20260806,15.4,16.31,15.2,16.09,115857.7,184158.6071
002850.SZ,20260806,182.1,182.94,176.81,179.0,46838.42,838860.24608
002851.SZ,20260806,115.85,123.37,112.5,121.3,339433.95,4028469.35791
002852.SZ,20260806,7.7,7.8,7.6,7.77,39905.0,30760.713
002853.SZ,20260806,20.76,21.12,20.4,21.0,11348.0,23612.514
002855.SZ,20260806,9.78,9.95,9.67,9.91,23480.0,23106.923
002856.SZ,20260806,14.99,15.58,14.7,15.44,55613.71,83813.6133
002857.SZ,20260806,16.54,16.65,16.18,16.65,27410.62,44909.83378
002858.SZ,20260806,11.63,11.71,11.33,11.49,34168.0,39247.524
002859.SZ,20260806,63.6,69.3,63.31,67.81,219621.4,1469382.5392
002860.SZ,20260806,16.68,16.73,16.16,16.59,137528.07,225595.28836
002861.SZ,20260806,16.16,16.7,16.03,16.51,63836.03,104788.41401
002862.SZ,20260806,13.74,13.97,13.4,13.67,32600.2,44576.4514
002863.SZ,20260806,4.39,4.58,4.34,4.47,251365.0,111693.43894
002864.SZ,20260806,21.11,21.3,20.97,21.29,29278.06,61916.49818
002865.SZ,20260806,43.81,44.8,43.31,44.22,84244.99,371028.86354
002866.SZ,20260806,15.5,15.68,15.14,15.42,127023.8,195399.3592
002867.SZ,20260806,12.77,12.94,12.66,12.76,72437.71,92354.75854
002868.SZ,20260806,22.79,23.37,22.48,23.02,20904.3,47766.8028
002869.SZ,20260806,15.86,16.48,15.86,16.16,42818.42,69391.90272
002870.SZ,20260806,39.31,40.66,39.3,39.93,18188.0,72739.419
002871.SZ,20260806,16.52,16.86,16.25,16.53,33280.76,55054.4894
002872.SZ,20260806,5.07,5.24,5.06,5.22,30452.0,15684.649
002873.SZ,20260806,7.8,7.9,7.75,7.9,64376.48,50402.7253
002875.SZ,20260806,13.67,14.15,13.45,14.01,85998.28,119159.69828
002876.SZ,20260806,27.4,28.02,27.3,27.55,29988.0,83008.053
002877.SZ,20260806,7.15,7.25,7.1,7.23,52847.4,37974.229
002878.SZ,20260806,12.59,12.75,12.29,12.53,61569.5,77074.419
002879.SZ,20260806,18.82,18.88,17.72,18.0,290771.64,523938.90017
002880.SZ,20260806,20.72,20.75,19.93,20.08,33692.63,67936.91449
002881.SZ,20260806,37.3,38.69,37.25,38.13,72990.99,277258.86623
002882.SZ,20260806,22.7,23.47,21.85,21.97,187023.9,419821.43476
002883.SZ,20260806,8.49,8.73,8.49,8.67,14268.0,12302.09631
002884.SZ,20260806,16.21,16.25,16.08,16.23,16886.2,27274.988
002885.SZ,20260806,26.15,27.15,25.73,26.86,154657.86,409812.72463
002886.SZ,20260806,18.93,19.22,18.55,19.19,95180.0,180795.988
002887.SZ,20260806,10.17,11.19,10.12,10.76,109260.25,116725.82162
002888.SZ,20260806,17.17,17.8,16.96,17.71,29010.19,50422.17536
002889.SZ,20260806,12.14,12.3,11.96,12.23,84901.44,103038.60453
002890.SZ,20260806,13.47,14.19,13.44,14.1,32060.47,44566.956
002891.SZ,20260806,31.6,31.62,30.41,31.02,142913.92,442127.42239
002892.SZ,20260806,9.83,9.95,9.66,9.67,88815.6,86722.29388
002893.SZ,20260806,9.73,9.79,9.64,9.79,61430.0,59740.599
002895.SZ,20260806,34.6,35.49,34.57,34.89,54530.87,191315.97769
002896.SZ,20260806,76.37,80.42,76.0,78.61,181022.27,1426521.47689
002897.SZ,20260806,54.87,57.46,54.28,56.75,107339.98,602838.76653
002899.SZ,20260806,19.59,20.62,19.3,20.38,46452.39,93898.68575
002900.SZ,20260806,12.41,12.64,12.06,12.25,293589.9,360440.7707
002901.SZ,20260806,43.42,43.54,42.72,43.28,19763.56,85126.72947
002902.SZ,20260806,23.0,24.38,23.0,24.07,302069.52,719793.13162
002903.SZ,20260806,26.15,28.15,26.1,27.39,180635.0,492603.8494
002905.SZ,20260806,7.62,7.78,7.51,7.67,46356.4,35329.8746
002906.SZ,20260806,26.5,26.99,26.3,26.31,53389.0,141736.616
002907.SZ,20260806,13.09,13.12,12.85,13.0,35991.0,46675.638
002908.SZ,20260806,7.53,7.68,7.21,7.35,279548.65,206022.10708
002909.SZ,20260806,4.96,5.05,4.91,5.04,52200.8,26092.6728
002910.SZ,20260806,9.04,9.18,8.91,9.14,66782.0,60297.123
002911.SZ,20260806,11.25,11.33,11.07,11.2,63348.33,70993.26245
002912.SZ,20260806,21.1,21.61,20.56,20.93,121562.65,256215.40933
002913.SZ,20260806,47.3,51.36,47.09,50.38,99508.13,495165.39242
002915.SZ,20260806,16.76,18.65,16.72,18.65,255708.79,459944.90143
002916.SZ,20260806,340.0,367.29,338.08,353.99,107346.38,3801472.74792
002917.SZ,20260806,10.43,10.6,10.38,10.55,35067.98,36838.62796
002918.SZ,20260806,9.58,9.83,9.51,9.76,122611.29,118959.99071
002919.SZ,20260806,17.5,17.7,17.02,17.5,36791.27,64105.4795
002920.SZ,20260806,95.98,96.28,92.5,93.3,118541.59,1119230.17347
002921.SZ,20260806,22.74,23.35,22.47,22.98,58937.0,135080.475
002922.SZ,20260806,25.38,25.57,24.93,25.26,149238.59,376663.19321
002923.SZ,20260806,10.89,10.99,10.71,10.8,78349.64,84838.07882
002925.SZ,20260806,23.19,23.77,22.98,23.14,143995.91,336310.17715
002926.SZ,20260806,8.38,8.39,8.24,8.27,137067.0,113846.743
002927.SZ,20260806,15.39,15.66,15.25,15.59,47419.5,73390.04509
002928.SZ,20260806,6.7,6.8,6.55,6.66,308335.58,205190.47834
002929.SZ,20260806,57.0,58.75,56.43,57.22,201945.66,1162932.9895
002930.SZ,20260806,8.91,9.13,8.81,9.08,89321.88,80319.06638
002931.SZ,20260806,49.03,51.68,48.1,50.77,153396.97,770452.80323
002932.SZ,20260806,14.75,14.91,14.72,14.88,10559.45,15642.5461
002933.SZ,20260806,26.4,26.86,26.2,26.7,12453.0,33055.579
002935.SZ,20260806,15.83,17.4,15.8,16.73,112299.76,187035.40568
002936.SZ,20260806,1.81,1.83,1.77,1.79,1176172.25,210580.11
002937.SZ,20260806,28.24,29.67,27.86,29.57,83922.64,243295.15176
002938.SZ,20260806,89.0,96.17,88.03,93.85,291928.14,2712485.94661
002939.SZ,20260806,8.3,8.3,8.17,8.2,227674.83,187118.0016
002940.SZ,20260806,25.88,26.08,25.32,25.68,134064.37,344085.66159
002941.SZ,20260806,10.93,11.25,10.78,10.91,171289.0,187795.529
002942.SZ,20260806,15.03,15.25,14.91,15.17,11367.0,17166.59702
002943.SZ,20260806,30.22,33.2,30.01,32.69,134752.87,433913.52401
002945.SZ,20260806,14.81,14.99,14.72,14.77,167780.91,248829.04618
002946.SZ,20260806,17.2,17.3,16.69,16.8,89532.02,151018.8085
002947.SZ,20260806,55.6,58.3,54.71,57.55,70145.0,400032.942
002948.SZ,20260806,5.73,5.79,5.69,5.74,365399.6,209565.41856
002949.SZ,20260806,10.26,10.48,10.21,10.42,31186.81,32325.60159
002950.SZ,20260806,9.31,9.32,9.15,9.26,58216.0,53698.281
002951.SZ,20260806,13.8,14.1,13.66,13.97,61456.0,85490.308
002952.SZ,20260806,19.1,19.89,19.01,19.67,42963.62,84180.68568
002953.SZ,20260806,9.71,9.73,9.56,9.71,63198.24,61033.80869
002955.SZ,20260806,33.16,34.6,32.88,34.45,62863.84,213911.34795
002956.SZ,20260806,18.1,18.35,17.79,18.09,37970.87,68589.4653
002957.SZ,20260806,38.14,39.5,37.84,38.64,314540.49,1217258.91463
002958.SZ,20260806,3.09,3.11,3.02,3.06,730399.79,223226.84857
002959.SZ,20260806,34.4,34.45,33.91,34.25,7214.44,24659.96672
002960.SZ,20260806,8.18,8.28,8.14,8.19,74643.36,61184.76266
002961.SZ,20260806,20.0,20.18,19.66,19.83,46301.58,92277.43772
002962.SZ,20260806,12.9,13.2,12.82,13.15,113285.84,147814.56876
002963.SZ,20260806,19.34,19.35,18.52,19.35,137339.0,262601.60164
002965.SZ,20260806,30.5,31.48,30.08,31.4,162039.95,501952.56038
002966.SZ,20260806,8.23,8.33,8.13,8.21,422686.96,347021.30275
002967.SZ,20260806,17.65,17.97,17.31,17.39,73740.86,129931.39418
002968.SZ,20260806,8.84,8.94,8.71,8.9,31717.81,28042.70088
002969.SZ,20260806,13.39,13.9,13.26,13.56,632602.44,855126.10844
002970.SZ,20260806,52.33,54.15,52.1,53.42,38436.0,205130.33565
002971.SZ,20260806,37.69,41.25,37.55,41.25,227604.0,891435.4811
002972.SZ,20260806,12.87,14.18,12.73,13.6,129466.12,175296.5408
002973.SZ,20260806,10.02,10.99,10.02,10.99,123117.18,131996.64493
002975.SZ,20260806,87.57,93.07,87.16,93.07,157363.5,1433678.55285
002976.SZ,20260806,21.53,21.88,21.0,21.85,38137.4,82512.9412
002977.SZ,20260806,22.3,22.3,21.61,22.05,11988.0,26285.358
002978.SZ,20260806,27.11,27.16,26.55,26.76,35367.0,94857.67881
002979.SZ,20260806,59.52,61.62,59.18,60.39,163245.78,987600.74511
002980.SZ,20260806,75.63,80.55,74.0,79.03,109091.0,851386.3254
002981.SZ,20260806,23.51,23.89,23.29,23.68,19131.9,45116.2603
002982.SZ,20260806,11.87,11.93,11.67,11.93,38709.96,45763.02184
002983.SZ,20260806,19.2,19.68,19.14,19.57,21376.76,41537.63564
002984.SZ,20260806,14.55,14.64,14.29,14.29,98309.56,141725.05782
002985.SZ,20260806,26.3,26.43,25.86,26.16,38764.41,101273.57173
002986.SZ,20260806,12.23,12.54,12.16,12.43,48709.69,60310.54695
002987.SZ,20260806,11.5,12.13,11.41,11.62,395131.42,464804.22581
002988.SZ,20260806,21.14,21.36,20.6,20.96,34765.84,72966.6738
002989.SZ,20260806,22.37,22.76,21.93,22.65,89626.5,200842.1269
002990.SZ,20260806,48.79,51.5,48.03,49.22,225576.96,1124050.18621
002991.SZ,20260806,42.9,43.23,42.15,42.49,5788.0,24610.445
002992.SZ,20260806,35.46,36.69,35.11,35.94,38497.8,138666.07455
002993.SZ,20260806,37.22,37.95,36.01,37.52,74141.7,275666.36586
002995.SZ,20260806,18.0,18.66,17.86,18.13,135079.09,245996.73227
002996.SZ,20260806,6.28,6.33,6.16,6.26,68704.7,42826.4899
002997.SZ,20260806,27.28,27.48,26.7,27.03,21483.74,58064.06122
002998.SZ,20260806,7.86,8.09,7.73,7.88,258124.84,203344.73652
002999.SZ,20260806,5.66,5.76,5.62,5.74,54274.0,30914.297
003000.SZ,20260806,10.72,10.73,10.56,10.65,27204.0,28896.554
003001.SZ,20260806,20.2,21.03,19.47,20.02,245600.9,495802.60359
003002.SZ,20260806,16.78,16.87,16.48,16.87,25984.0,43330.616
003003.SZ,20260806,10.5,10.66,10.41,10.62,30320.0,31964.933
003004.SZ,20260806,63.26,65.83,62.83,65.5,14703.0,95315.883
003005.SZ,20260806,13.9,14.38,13.86,13.9,137760.28,194562.91569
003006.SZ,20260806,14.65,14.65,14.28,14.37,56876.0,81926.029
003007.SZ,20260806,38.48,38.98,37.46,37.99,28459.0,108742.586
003008.SZ,20260806,18.45,18.69,18.2,18.45,12893.07,23746.27451
003009.SZ,20260806,48.51,50.16,48.5,49.68,44829.23,221595.44522
003010.SZ,20260806,26.5,27.15,25.76,26.81,116702.9,307762.14926
003011.SZ,20260806,18.65,19.11,18.5,19.03,24684.98,46418.14128
003012.SZ,20260806,4.7,4.75,4.65,4.73,82869.72,38940.68596
003013.SZ,20260806,18.06,18.18,17.1,18.18,82425.11,146119.82631
003015.SZ,20260806,10.92,11.78,10.89,11.75,157600.57,179503.31276
003016.SZ,20260806,6.71,6.79,6.66,6.77,27348.0,18410.266
003017.SZ,20260806,21.55,21.72,21.2,21.72,12609.24,27023.23924
003018.SZ,20260806,38.48,39.51,37.7,39.4,216276.45,836638.30742
003019.SZ,20260806,23.54,23.97,23.24,23.72,45863.0,108328.16948
003020.SZ,20260806,17.36,17.73,17.04,17.53,137360.69,238830.07362
003021.SZ,20260806,80.5,81.81,79.7,80.25,31885.4,257222.34104
003022.SZ,20260806,19.76,19.97,19.65,19.9,108504.76,215212.81837
003023.SZ,20260806,21.43,22.74,21.43,22.47,55423.1,121827.9885
003025.SZ,20260806,12.0,12.14,11.88,12.05,41700.37,50107.35778
003026.SZ,20260806,27.65,28.8,27.5,28.69,120548.54,341246.68756
003027.SZ,20260806,16.42,16.69,16.17,16.5,19776.0,32560.885
003028.SZ,20260806,22.24,23.38,22.24,22.73,15557.9,35509.1166
003029.SZ,20260806,17.0,18.76,16.94,18.76,91939.0,165371.13
003030.SZ,20260806,21.69,22.47,21.6,22.13,45084.02,99601.85476
003031.SZ,20260806,106.95,113.88,105.58,111.76,111622.88,1231800.14262
003032.SZ,20260806,11.5,12.0,10.65,10.95,1097463.42,1228161.66967
003033.SZ,20260806,61.01,62.84,59.96,60.75,14788.01,90590.68518
003035.SZ,20260806,5.7,5.72,5.56,5.6,262800.0,147634.713
003036.SZ,20260806,47.97,52.25,47.93,52.25,77466.35,387588.29701
003037.SZ,20260806,5.6,5.7,5.6,5.7,32162.76,18206.10592
003038.SZ,20260806,10.85,10.85,10.57,10.75,42119.1,45070.4609
003039.SZ,20260806,11.93,12.05,11.82,11.97,30936.17,36901.28212
003040.SZ,20260806,11.28,12.46,11.23,12.46,124083.67,150579.43506
003041.SZ,20260806,45.0,45.5,42.53,42.79,30900.41,134350.89207
003042.SZ,20260806,12.88,13.25,12.76,13.07,49340.95,63962.41283
003043.SZ,20260806,65.64,69.0,64.97,66.71,63463.0,425274.87072
003816.SZ,20260806,3.98,3.99,3.93,3.96,1105802.0,437216.226
300001.SZ,20260806,35.88,36.0,34.85,35.14,168227.77,592451.88449
300002.SZ,20260806,8.75,8.96,8.55,8.59,761976.34,663226.60187
300003.SZ,20260806,12.95,12.96,12.6,12.65,314110.68,399110.54132
300004.SZ,20260806,8.31,8.41,8.14,8.35,164137.0,136149.261
300005.SZ,20260806,10.41,10.9,10.32,10.86,594874.36,634324.56972
300006.SZ,20260806,5.08,5.09,4.9,4.96,228774.73,113520.08267
300007.SZ,20260806,34.75,35.78,34.23,34.65,117253.16,409288.25707
300008.SZ,20260806,6.26,6.32,6.16,6.25,449147.03,280266.03136
300009.SZ,20260806,8.31,8.33,8.13,8.2,179730.39,147200.81137
300010.SZ,20260806,2.38,2.44,2.31,2.33,688654.9,162628.65961
300011.SZ,20260806,5.94,5.98,5.83,5.94,38787.0,22926.0
300012.SZ,20260806,14.53,14.6,13.91,14.0,391207.84,556481.43012
300013.SZ,20260806,3.8,3.87,3.69,3.76,165420.0,62256.585
300014.SZ,20260806,55.49,55.89,53.65,54.13,504542.43,2754082.82844
300015.SZ,20260806,8.88,8.91,8.6,8.73,894052.99,781154.7456
300016.SZ,20260806,8.05,8.07,7.87,7.96,130777.46,104011.73124
300017.SZ,20260806,14.72,15.12,14.49,14.73,1599903.9,2368891.76992
300018.SZ,20260806,12.15,12.15,11.76,11.89,128974.86,153738.10468
300019.SZ,20260806,15.09,15.22,14.83,14.99,80731.08,121461.67628
300020.SZ,20260806,3.46,3.5,3.43,3.46,108403.0,37449.804
300021.SZ,20260806,3.9,3.96,3.86,3.96,137261.67,53690.22714
300022.SZ,20260806,7.89,8.16,7.89,8.15,92366.0,74565.59
300024.SZ,20260806,15.8,15.98,15.56,15.67,421304.45,664597.94113
300025.SZ,20260806,4.77,5.12,4.77,5.07,310637.43,154956.88686
300026.SZ,20260806,3.37,3.4,3.3,3.35,569569.87,190327.85094
300027.SZ,20260806,1.85,1.9,1.85,1.87,360270.91,67361.99225
300030.SZ,20260806,6.49,6.61,6.45,6.59,68541.01,44704.5945
300031.SZ,20260806,21.7,21.95,21.15,21.32,225679.34,485496.11772
300032.SZ,20260806,3.71,3.77,3.66,3.77,249167.0,92632.035
300033.SZ,20260806,239.0,245.2,237.5,238.98,137927.8,3320313.31326
300034.SZ,20260806,16.08,16.23,15.85,16.02,100277.52,160821.49202
300035.SZ,20260806,14.11,14.16,13.78,13.88,160835.17,223998.62474
300036.SZ,20260806,11.9,12.21,11.79,11.9,127505.37,152662.32359
300037.SZ,20260806,66.51,68.8,65.51,67.32,159059.36,1065840.55291
300039.SZ,20260806,5.55,5.75,5.3,5.6,812075.6,447915.07446
300040.SZ,20260806,6.6,6.6,6.33,6.46,504661.4,323865.3334
300041.SZ,20260806,10.81,11.09,10.76,10.94,240092.18,262069.41644
300042.SZ,20260806,42.5,44.85,42.36,44.46,197971.51,866673.63543
300043.SZ,20260806,4.91,5.06,4.8,4.87,555768.78,272574.7672
300044.SZ,20260806,5.28,5.3,5.15,5.15,205822.0,107131.536
300045.SZ,20260806,13.25,13.63,13.19,13.39,165897.23,222750.45773
300046.SZ,20260806,24.21,24.74,24.06,24.45,65692.53,160465.97034
300047.SZ,20260806,10.22,10.5,10.16,10.31,199277.97,205870.19133
300048.SZ,20260806,5.46,5.49,5.35,5.37,136492.35,73821.444
300049.SZ,20260806,46.4,46.8,42.72,43.07,150909.14,664513.63352
300050.SZ,20260806,5.77,6.17,5.75,6.15,314108.0,188483.9475
300051.SZ,20260806,7.96,8.85,7.9,8.78,509686.04,434309.44208
300052.SZ,20260806,11.65,11.76,11.18,11.4,324376.01,371384.14621
300053.SZ,20260806,12.85,13.22,12.75,13.0,243501.69,316218.51705
300054.SZ,20260806,73.0,77.82,72.0,76.8,432164.2,3278088.76776
300055.SZ,20260806,5.99,6.07,5.91,6.05,126956.19,76141.89125
300056.SZ,20260806,8.6,8.92,8.53,8.92,155825.84,136469.62316
300057.SZ,20260806,6.31,6.42,6.26,6.35,341933.28,216528.7857
300058.SZ,20260806,15.42,15.75,14.86,15.34,5748255.78,8784097.79443
300059.SZ,20260806,20.2,20.35,19.9,20.01,2712283.9,5442637.00357
300061.SZ,20260806,6.66,6.87,6.62,6.75,196462.3,132493.8944
300062.SZ,20260806,6.8,6.88,6.54,6.65,377689.9,251696.611
300063.SZ,20260806,9.51,10.06,9.34,9.45,930717.96,899354.02654
300065.SZ,20260806,16.55,17.1,16.5,16.85,456288.58,766120.47648
300066.SZ,20260806,5.36,5.52,5.31,5.38,266114.1,144144.64716
300067.SZ,20260806,5.75,5.79,5.59,5.67,627058.02,355776.2819
300068.SZ,20260806,4.32,4.43,4.26,4.33,432776.78,187907.2953
300069.SZ,20260806,28.0,29.48,27.71,29.27,91841.1,265625.933
300070.SZ,20260806,3.55,3.56,3.47,3.51,357507.0,125326.769
300071.SZ,20260806,4.52,4.65,4.41,4.5,1107411.4,501165.7568
300072.SZ,20260806,3.55,3.58,3.45,3.52,246339.51,86523.85882
300073.SZ,20260806,42.18,42.51,41.16,41.6,155919.97,651337.82614
300074.SZ,20260806,3.68,3.73,3.63,3.71,167329.0,61729.463
300075.SZ,20260806,11.33,11.59,11.21,11.36,135029.41,153752.49072
300076.SZ,20260806,4.19,4.32,4.14,4.24,79043.66,33374.09924
300077.SZ,20260806,18.2,19.33,18.05,18.82,629188.4,1179499.09121
300078.SZ,20260806,3.03,3.1,2.98,3.07,297541.95,90433.0499
300079.SZ,20260806,4.6,4.7,4.54,4.6,297184.21,137108.69425
300080.SZ,20260806,3.77,3.79,3.66,3.73,192202.01,71416.81
300081.SZ,20260806,3.11,3.27,3.11,3.17,118557.0,37755.183
300082.SZ,20260806,7.77,7.99,7.72,7.89,78525.0,61729.159
300083.SZ,20260806,12.6,13.55,12.5,13.31,1383049.16,1830194.85154
300084.SZ,20260806,11.35,12.68,11.31,12.54,288856.82,352337.16858
300085.SZ,20260806,30.93,32.22,30.68,31.16,577233.08,1813177.58653
300086.SZ,20260806,6.61,6.62,6.47,6.6,173529.5,113580.813
300087.SZ,20260806,5.15,5.53,5.08,5.35,268531.3,142170.66276
300088.SZ,20260806,7.36,8.01,7.28,7.83,2715043.08,2086208.37991
300091.SZ,20260806,2.49,2.54,2.48,2.5,68404.19,17144.97231
300092.SZ,20260806,11.52,11.66,11.34,11.51,34575.0,39740.312
300093.SZ,20260806,23.03,23.05,22.48,22.74,73405.0,167021.16299
300094.SZ,20260806,2.8,2.84,2.75,2.82,349194.84,97731.98904
300095.SZ,20260806,8.43,8.59,8.37,8.55,65944.0,55967.783
300096.SZ,20260806,8.6,8.72,8.51,8.54,23533.76,20244.87628
300097.SZ,20260806,8.75,9.67,8.66,9.54,185746.02,172837.77008
300098.SZ,20260806,4.73,4.88,4.72,4.77,472284.84,226317.03493
300099.SZ,20260806,6.11,6.19,6.0,6.11,141875.36,86521.81024
300100.SZ,20260806,23.51,23.82,23.15,23.26,71476.0,167469.32264
300101.SZ,20260806,15.14,15.27,14.75,14.95,111498.49,167133.11143
300102.SZ,20260806,18.16,19.26,18.09,18.8,402643.94,755266.19632
300103.SZ,20260806,7.51,7.83,7.48,7.7,95240.0,72977.544
300105.SZ,20260806,7.93,8.02,7.83,7.98,253964.95,201156.27975
300106.SZ,20260806,9.54,9.64,9.24,9.48,145707.0,137280.111
300107.SZ,20260806,6.31,6.37,6.24,6.33,76097.95,47951.26025
300109.SZ,20260806,12.94,13.36,12.81,12.96,75766.6,98941.4924
300110.SZ,20260806,2.69,2.71,2.64,2.68,196256.2,52400.4674
300111.SZ,20260806,2.98,3.0,2.93,2.99,311539.0,92540.351
300112.SZ,20260806,8.32,8.52,8.21,8.45,153217.37,128699.98505
300113.SZ,20260806,18.8,19.18,18.44,18.66,280918.37,526511.51224
300115.SZ,20260806,28.16,28.45,27.83,28.04,371344.35,1043501.73177
300118.SZ,20260806,10.14,10.35,9.98,10.14,337396.09,342682.72893
300119.SZ,20260806,18.11,18.71,18.0,18.05,71473.57,131065.53569
300120.SZ,20260806,6.66,6.83,6.63,6.82,250122.0,168636.677
300121.SZ,20260806,9.63,9.7,9.51,9.68,122508.22,117788.49782
300122.SZ,20260806,13.1,13.12,12.72,12.8,246733.88,318143.94149
300123.SZ,20260806,4.49,4.59,4.29,4.51,517794.8,230402.6744
300124.SZ,20260806,64.0,64.85,62.97,63.39,282826.3,1802242.06745
300126.SZ,20260806,6.06,6.13,5.99,6.12,46469.64,28246.02952
300127.SZ,20260806,25.27,28.88,24.86,26.8,160253.52,426134.73886
300128.SZ,20260806,4.6,4.71,4.54,4.64,300555.0,139323.89821
300129.SZ,20260806,8.08,8.4,8.03,8.17,250516.41,205386.39508
300130.SZ,20260806,19.6,21.1,19.58,20.39,288505.48,594829.2142
300131.SZ,20260806,14.69,15.34,14.62,14.96,600985.7,901862.70789
300132.SZ,20260806,6.66,6.68,6.43,6.52,162625.0,106602.62004
300133.SZ,20260806,7.56,7.64,7.28,7.34,891525.11,660927.92757
300134.SZ,20260806,8.29,9.88,8.21,9.59,564828.88,521334.26215
300135.SZ,20260806,3.28,3.33,3.25,3.31,143671.0,47299.196
300136.SZ,20260806,62.17,66.94,62.17,65.38,751642.6,4883761.24298
300137.SZ,20260806,12.09,12.17,11.48,12.06,236420.2,282389.281
300138.SZ,20260806,11.64,11.67,11.43,11.53,50476.52,58185.87908
300139.SZ,20260806,49.11,49.38,44.98,46.04,775444.24,3638127.73142
300140.SZ,20260806,5.52,5.53,5.41,5.51,112540.0,61666.734
300141.SZ,20260806,10.36,10.48,10.08,10.26,133817.0,136982.105
300142.SZ,20260806,12.5,12.53,12.09,12.18,621435.28,759536.97291
300143.SZ,20260806,7.51,7.51,7.31,7.4,83799.36,61927.76218
300144.SZ,20260806,6.21,6.23,6.11,6.16,273835.22,168637.83034
300145.SZ,20260806,4.38,4.45,4.33,4.41,596867.8,262141.59952
300146.SZ,20260806,10.25,10.28,10.06,10.1,167125.16,169202.15018
300147.SZ,20260806,7.12,7.79,7.11,7.61,157231.48,116972.33165
300148.SZ,20260806,3.54,3.73,3.49,3.59,494436.0,178062.656
300149.SZ,20260806,10.04,10.36,9.69,9.69,588322.05,583617.04857
300150.SZ,20260806,4.09,4.16,4.07,4.15,75436.0,31117.731
300151.SZ,20260806,15.0,15.84,14.7,15.56,194420.83,298167.66067
300152.SZ,20260806,1.54,1.56,1.5,1.53,193416.0,29610.676
300153.SZ,20260806,21.45,21.7,21.12,21.35,72983.28,156092.56524
300154.SZ,20260806,8.78,8.88,8.51,8.76,109776.5,95419.8665
300155.SZ,20260806,4.11,4.19,4.09,4.16,93717.04,38837.97754
300157.SZ,20260806,4.37,4.41,4.16,4.25,635652.05,270447.77471
300158.SZ,20260806,5.03,5.06,4.95,5.01,143668.07,71784.77314
300159.SZ,20260806,3.16,3.21,3.06,3.11,502075.0,156671.717
300160.SZ,20260806,4.33,4.36,4.29,4.34,67077.0,29043.368
300161.SZ,20260806,25.81,27.65,25.6,26.63,63685.24,168945.94948
300162.SZ,20260806,7.63,7.89,7.58,7.79,273282.0,211653.496
300163.SZ,20260806,6.28,6.36,6.16,6.32,262650.5,164017.814
300164.SZ,20260806,10.51,10.83,10.34,10.77,1551475.38,1651622.33688
300165.SZ,20260806,5.1,5.17,5.03,5.14,126696.0,64702.012
300166.SZ,20260806,14.2,14.48,13.99,14.13,606603.68,863346.69452
300167.SZ,20260806,4.29,4.36,4.15,4.17,50544.0,21304.948
300168.SZ,20260806,5.2,5.38,5.19,5.3,289191.89,153593.68748
300169.SZ,20260806,5.52,5.54,5.37,5.47,128724.0,70218.736
300170.SZ,20260806,17.1,19.1,17.05,18.3,1420364.94,2615982.36836
300171.SZ,20260806,12.51,12.78,12.18,12.23,141327.87,174960.3047
300172.SZ,20260806,4.55,4.56,4.42,4.47,193345.85,86880.7165
300173.SZ,20260806,3.35,3.57,3.33,3.4,169455.06,58495.75476
300174.SZ,20260806,18.92,19.36,18.57,19.15,158264.34,300725.0122
300175.SZ,20260806,5.9,6.03,5.75,5.9,115688.0,68069.414
300176.SZ,20260806,5.18,5.25,5.14,5.23,97264.0,50676.2323
300177.SZ,20260806,6.37,6.5,6.3,6.41,110530.33,70785.63154
300179.SZ,20260806,33.3,35.71,32.77,35.0,494569.83,1707252.32584
300180.SZ,20260806,4.45,4.65,4.45,4.54,428104.04,195346.82317
300181.SZ,20260806,14.12,14.13,13.85,13.99,188365.01,262711.79839
300182.SZ,20260806,5.5,5.65,5.38,5.44,2047135.14,1121954.3597
300183.SZ,20260806,10.64,10.8,10.59,10.74,37531.0,40178.81
300184.SZ,20260806,12.3,12.68,12.21,12.51,723330.4,900133.77483
300185.SZ,20260806,2.84,2.85,2.77,2.81,918699.16,257828.09051
300187.SZ,20260806,4.67,4.76,4.62,4.7,106880.0,50063.765
300188.SZ,20260806,11.6,12.38,11.56,12.03,397849.49,474106.23195
300189.SZ,20260806,4.67,5.35,4.59,5.1,2414718.92,1184095.51752
300190.SZ,20260806,3.73,3.74,3.65,3.71,99230.65,36559.1829
300191.SZ,20260806,30.78,33.33,30.54,32.45,278657.17,899188.59228
300192.SZ,20260806,13.33,13.42,12.95,13.18,150089.94,197894.59402
300193.SZ,20260806,7.6,7.66,7.51,7.62,33248.0,25236.397
300194.SZ,20260806,3.72,3.72,3.66,3.69,128603.0,47400.118
300195.SZ,20260806,5.43,5.55,5.31,5.44,186004.0,101159.565
300196.SZ,20260806,17.11,18.0,17.0,17.74,226065.0,397452.23163
300197.SZ,20260806,1.88,1.89,1.82,1.86,847635.61,157184.8105
300198.SZ,20260806,2.3,2.37,2.26,2.3,104003.0,24162.574
300199.SZ,20260806,22.38,22.85,22.07,22.48,437594.05,985156.27989
300200.SZ,20260806,8.59,8.67,8.45,8.66,92402.0,79193.343
300201.SZ,20260806,15.1,15.86,15.1,15.85,312415.24,485670.70476
300203.SZ,20260806,12.62,13.05,12.48,12.62,71940.47,91502.80415
300204.SZ,20260806,23.46,24.49,22.46,23.9,485577.76,1138784.92371
300205.SZ,20260806,5.11,5.35,5.11,5.23,33529.0,17504.218
300206.SZ,20260806,12.15,12.23,12.04,12.21,42947.09,52168.44894
300207.SZ,20260806,18.94,19.08,18.31,18.51,647898.89,1207414.1276
300209.SZ,20260806,35.19,37.35,33.66,34.67,2170195.98,7698490.01494
300210.SZ,20260806,9.02,9.23,8.89,8.97,94094.0,84833.475
300211.SZ,20260806,7.42,7.82,7.39,7.82,63080.0,47923.512
300212.SZ,20260806,8.08,8.35,7.99,8.06,132473.06,107942.28237
300213.SZ,20260806,6.26,6.46,6.26,6.4,143647.0,91525.945
300214.SZ,20260806,13.0,13.32,12.27,12.6,650882.1,827658.02854
300215.SZ,20260806,6.44,6.55,6.24,6.33,106743.5,67838.469
300217.SZ,20260806,4.63,4.76,4.53,4.57,355171.87,164290.70236
300218.SZ,20260806,12.0,12.55,11.96,12.45,51486.04,62945.54844
300219.SZ,20260806,6.83,6.93,6.76,6.86,164452.14,112589.95996
300220.SZ,20260806,10.38,10.57,10.26,10.44,25047.0,26153.79691
300221.SZ,20260806,12.22,12.74,12.11,12.72,236250.86,294873.75153
300222.SZ,20260806,10.63,10.75,10.44,10.63,227067.39,241095.01757
300223.SZ,20260806,130.0,139.97,129.0,137.0,419667.89,5648260.43172
300224.SZ,20260806,11.55,11.97,11.43,11.74,259847.09,305197.95832
300225.SZ,20260806,6.81,7.2,6.79,7.02,164853.04,115549.74056
300226.SZ,20260806,17.11,17.52,16.84,17.0,106078.91,181594.51775
300227.SZ,20260806,10.38,10.6,10.27,10.55,188428.6,197522.5988
300228.SZ,20260806,7.37,7.56,7.37,7.47,130775.47,97619.32122
300229.SZ,20260806,15.69,16.2,15.43,15.63,506423.36,799595.74135
300230.SZ,20260806,4.2,4.24,4.16,4.23,79113.4,33258.2518
300231.SZ,20260806,8.71,8.88,8.61,8.79,224884.85,197278.1096
300232.SZ,20260806,5.36,5.41,5.33,5.38,130967.77,70307.70394
300233.SZ,20260806,13.18,13.25,13.02,13.1,88073.07,115547.31142
300234.SZ,20260806,9.35,9.75,8.81,9.17,210780.0,195629.151
300235.SZ,20260806,11.66,11.83,11.22,11.34,85165.5,98009.283
300236.SZ,20260806,88.44,92.77,87.51,91.89,126969.54,1150779.28337
300237.SZ,20260806,1.98,2.0,1.96,1.99,117268.4,23209.2472
300238.SZ,20260806,11.37,11.42,11.19,11.38,41164.0,46497.405
300239.SZ,20260806,4.84,4.88,4.79,4.85,65995.0,31930.001
300240.SZ,20260806,5.57,5.63,5.51,5.62,70020.0,39102.633
300241.SZ,20260806,5.51,5.57,5.42,5.53,201977.75,111259.41875
300242.SZ,20260806,4.5,4.68,4.45,4.55,356176.98,162862.90192
300243.SZ,20260806,13.84,14.4,13.84,14.31,165728.0,235016.778
300244.SZ,20260806,19.68,19.92,19.31,19.61,322577.88,632960.3986
300245.SZ,20260806,5.75,5.87,5.65,5.75,65940.0,37977.18
300247.SZ,20260806,3.86,3.86,3.75,3.8,126125.0,47883.634
300248.SZ,20260806,9.75,10.38,9.56,9.95,618882.74,615261.24748
300249.SZ,20260806,12.77,12.95,12.54,12.75,140238.28,178795.39741
300250.SZ,20260806,15.81,16.41,15.67,15.92,196082.03,313684.31228
300251.SZ,20260806,12.25,12.33,11.84,11.9,600156.71,723103.02214
300252.SZ,20260806,11.51,11.94,11.48,11.83,301021.22,353607.06553
300253.SZ,20260806,7.66,7.92,7.61,7.74,719366.18,558872.22464
300254.SZ,20260806,8.25,8.38,8.13,8.29,93482.04,77265.47636
300255.SZ,20260806,27.18,27.4,25.67,25.87,590620.91,1555536.62959
300256.SZ,20260806,2.7,2.82,2.69,2.74,378874.0,103795.757
300257.SZ,20260806,19.1,19.37,18.7,19.29,81802.97,156331.53409
300258.SZ,20260806,10.34,10.45,10.11,10.24,77257.06,79332.2398
300259.SZ,20260806,4.1,4.21,4.05,4.15,390708.0,161056.003
300260.SZ,20260806,51.77,55.62,51.0,54.9,265689.26,1435806.67544
300261.SZ,20260806,5.2,5.27,5.07,5.14,211515.46,108648.44298
300263.SZ,20260806,9.26,9.7,9.26,9.62,776234.35,738721.98658
300264.SZ,20260806,6.79,6.9,6.63,6.79,151015.0,102234.213
300265.SZ,20260806,14.56,14.88,14.45,14.66,311411.12,456943.70619
300266.SZ,20260806,1.86,1.89,1.83,1.88,175645.55,32680.06785
300267.SZ,20260806,3.14,3.15,3.07,3.12,265406.46,82568.94724
300268.SZ,20260806,11.01,11.23,10.77,11.08,21341.25,23461.781
300269.SZ,20260806,4.73,4.82,4.64,4.77,182825.0,86539.457
300270.SZ,20260806,13.15,14.07,12.7,12.96,399861.0,533608.336
300271.SZ,20260806,5.74,5.96,5.72,5.81,218734.0,127553.901
300272.SZ,20260806,5.63,5.64,5.53,5.62,64369.56,35974.15624
300274.SZ,20260806,107.0,109.0,104.76,106.7,492593.02,5257342.24208
300275.SZ,20260806,8.55,8.79,8.53,8.66,48404.6,41879.7134
300276.SZ,20260806,6.93,7.11,6.86,6.95,369788.57,257928.05055
300277.SZ,20260806,12.39,12.53,12.22,12.39,134759.74,166962.61184
300278.SZ,20260806,3.9,3.94,3.82,3.9,176627.1,68607.4953
300279.SZ,20260806,5.63,5.66,5.49,5.63,130422.56,72786.52328
300281.SZ,20260806,5.85,6.05,5.8,6.05,87642.5,52057.8835
300283.SZ,20260806,14.21,16.32,14.11,16.05,713086.77,1085603.64765
300284.SZ,20260806,5.51,5.57,5.4,5.47,160296.46,87696.85522
300285.SZ,20260806,64.51,70.33,62.8,69.53,1856245.31,12489987.4292
300286.SZ,20260806,21.16,21.27,20.64,20.84,60753.45,127113.3681
300287.SZ,20260806,3.94,4.0,3.88,3.94,461611.47,182009.14709
300288.SZ,20260806,10.0,10.28,9.85,10.05,66704.96,67124.0828
300289.SZ,20260806,5.71,5.77,5.63,5.73,58299.0,33202.816
300290.SZ,20260806,6.32,6.67,6.1,6.64,579344.97,375083.88709
300291.SZ,20260806,5.47,5.53,5.25,5.35,365007.0,195936.044
300292.SZ,20260806,4.25,4.35,4.23,4.32,513523.87,220445.63197
300293.SZ,20260806,15.94,16.31,15.86,16.1,94910.0,152691.49
300294.SZ,20260806,15.82,15.88,15.34,15.4,50129.1,77763.06519
300295.SZ,20260806,12.16,12.8,12.0,12.34,36852.47,45765.45492
300296.SZ,20260806,5.49,5.53,5.42,5.48,497581.33,272491.04519
300298.SZ,20260806,16.52,16.59,16.13,16.16,71550.0,116727.898
300299.SZ,20260806,5.53,5.68,5.45,5.52,274984.28,152714.33206
300300.SZ,20260806,8.04,8.13,7.91,8.08,561296.1,449884.0312
300301.SZ,20260806,3.36,3.37,3.3,3.32,77305.17,25706.23427
300302.SZ,20260806,29.01,30.56,28.78,30.08,292649.12,871956.7875
300303.SZ,20260806,7.22,7.32,7.16,7.24,504261.0,364610.61237
300304.SZ,20260806,11.32,11.7,11.18,11.54,239394.26,274354.28822
300305.SZ,20260806,6.08,6.19,5.97,6.06,276784.76,167844.31508
300306.SZ,20260806,9.55,9.78,9.52,9.7,27479.0,26526.82796
300307.SZ,20260806,6.93,6.98,6.82,6.92,237396.0,163899.381
300308.SZ,20260806,901.02,995.0,882.55,955.0,422950.59,39767147.8988
300310.SZ,20260806,4.51,4.71,4.48,4.65,535054.99,244932.8106
300311.SZ,20260806,5.8,7.16,5.8,7.16,1688667.21,1107074.68466
300313.SZ,20260806,8.3,8.38,8.17,8.35,51634.36,42817.27312
300314.SZ,20260806,9.96,10.04,9.83,10.01,24070.01,23927.0529
300315.SZ,20260806,4.41,4.51,4.33,4.33,917138.84,402429.48501
300316.SZ,20260806,40.62,41.46,40.4,40.75,157533.18,645004.38958
300317.SZ,20260806,4.7,4.71,4.47,4.56,791174.54,360382.19146
300318.SZ,20260806,4.82,4.87,4.74,4.8,52271.0,25044.824
300319.SZ,20260806,15.7,16.95,15.62,16.63,1148337.73,1881107.39195
300320.SZ,20260806,8.37,8.49,8.22,8.35,71366.0,59647.265
300321.SZ,20260806,31.69,33.33,31.39,32.99,37539.91,122409.81701
300322.SZ,20260806,17.75,19.27,17.51,19.2,477710.18,888399.55267
300323.SZ,20260806,11.55,12.02,11.32,11.88,689394.96,808929.08056
300324.SZ,20260806,3.79,3.88,3.78,3.85,383171.83,147094.54611
300326.SZ,20260806,5.89,6.22,5.89,6.18,104438.88,63393.70135
300327.SZ,20260806,22.5,23.0,22.3,22.8,108737.94,246842.46497
300328.SZ,20260806,14.45,14.77,14.11,14.55,420266.07,607354.21918
300329.SZ,20260806,11.59,11.99,11.5,11.74,27405.0,32138.849
300331.SZ,20260806,42.17,45.3,41.51,44.74,154912.13,681004.06615
300332.SZ,20260806,4.78,4.81,4.71,4.8,204848.0,97570.844
300334.SZ,20260806,8.2,8.41,8.16,8.4,78760.0,65156.767
300335.SZ,20260806,5.42,5.42,5.29,5.4,140811.0,75354.157
300337.SZ,20260806,10.03,10.19,9.89,10.05,180678.0,181515.99668
300338.SZ,20260806,2.98,3.01,2.86,2.89,85610.0,25072.345
300339.SZ,20260806,39.1,40.13,38.43,38.68,338747.98,1326303.08159
300340.SZ,20260806,8.55,8.56,8.33,8.5,57299.2,48431.6444
300341.SZ,20260806,13.56,13.67,13.21,13.3,55495.25,74291.07975
300342.SZ,20260806,34.71,36.15,34.71,35.64,190866.97,680166.36632
300343.SZ,20260806,5.92,6.39,5.81,6.29,665612.36,407341.62982
300345.SZ,20260806,5.71,5.79,5.6,5.76,166376.0,94860.179
300346.SZ,20260806,51.99,56.0,51.95,55.9,755843.49,4125072.2627
300347.SZ,20260806,51.11,51.3,49.57,49.63,142012.27,709298.79378
300348.SZ,20260806,9.71,10.16,9.65,9.84,278526.49,276732.17309
300349.SZ,20260806,10.57,10.81,10.44,10.57,140266.69,148605.82055
300350.SZ,20260806,4.3,4.36,4.26,4.35,161732.0,69953.774
300351.SZ,20260806,14.08,14.45,13.99,14.45,130506.35,185640.45228
300352.SZ,20260806,2.5,2.57,2.47,2.53,288753.75,72924.1505
300353.SZ,20260806,19.69,19.93,19.28,19.54,157181.65,308436.3088
300354.SZ,20260806,29.62,31.3,29.62,30.44,26250.26,80385.55405
300355.SZ,20260806,2.94,2.97,2.9,2.94,180392.6,52879.355
300357.SZ,20260806,24.1,24.16,23.4,23.45,104989.04,248091.88497
300358.SZ,20260806,8.99,9.14,8.85,9.0,334056.56,299739.19512
300359.SZ,20260806,4.4,4.48,4.2,4.25,472735.5,204461.897
300360.SZ,20260806,12.55,12.56,12.28,12.36,54703.3,67771.5234
300363.SZ,20260806,17.52,17.78,16.98,17.03,229727.88,395939.79182
300364.SZ,20260806,25.7,26.34,24.89,25.22,850527.59,2170366.82562
300365.SZ,20260806,4.8,4.9,4.73,4.82,131328.31,63069.62711
300366.SZ,20260806,4.77,4.94,4.77,4.92,120211.0,58569.929
300368.SZ,20260806,9.4,9.76,9.27,9.49,411874.82,391600.04948
300369.SZ,20260806,7.56,8.44,7.5,8.3,1397634.97,1112017.04633
300370.SZ,20260806,2.14,2.18,2.12,2.15,289759.0,62304.893
300371.SZ,20260806,9.93,10.08,9.88,10.07,23530.57,23493.6186
300373.SZ,20260806,90.0,95.55,89.3,94.03,211325.79,1969894.5464
300374.SZ,20260806,10.99,11.1,10.79,10.97,29011.4,31675.3555
300375.SZ,20260806,3.97,4.01,3.87,3.96,90660.0,35741.529
300376.SZ,20260806,4.89,4.91,4.79,4.84,210425.0,101955.34124
300377.SZ,20260806,14.51,14.94,14.27,14.5,356827.68,520375.27707
300378.SZ,20260806,36.0,38.48,35.88,36.94,222881.35,833572.4453
300380.SZ,20260806,30.82,32.18,30.46,31.01,35372.0,110384.925
300381.SZ,20260806,5.97,5.97,5.77,5.87,57681.5,33754.5505
300382.SZ,20260806,13.62,14.19,13.54,13.96,226118.84,315110.25796
300383.SZ,20260806,13.72,13.97,13.53,13.65,830246.89,1140966.53005
300384.SZ,20260806,12.35,12.58,12.19,12.37,32411.0,40060.615
300385.SZ,20260806,11.23,11.41,11.11,11.36,48327.0,54416.975
300386.SZ,20260806,10.54,12.56,10.46,12.56,212943.39,260436.56826
300387.SZ,20260806,7.12,7.23,7.06,7.21,54479.5,38982.932
300388.SZ,20260806,6.8,6.84,6.68,6.78,50065.76,33865.99736
300389.SZ,20260806,12.51,12.68,12.4,12.59,47581.43,59791.49998
300390.SZ,20260806,59.03,60.21,58.39,59.54,316654.17,1877046.92964
300393.SZ,20260806,6.27,6.31,6.14,6.25,195380.16,121711.39728
300394.SZ,20260806,208.0,228.0,202.0,225.28,677500.8,14710774.3392
300395.SZ,20260806,78.35,82.71,78.32,81.83,233567.49,1891883.09345
300396.SZ,20260806,6.89,7.11,6.89,7.03,31659.0,22149.282
300397.SZ,20260806,10.75,11.07,10.71,11.03,194906.0,213228.70662
300398.SZ,20260806,33.66,36.0,33.66,35.59,483788.74,1700384.21801
300399.SZ,20260806,17.9,18.5,17.52,17.89,54272.46,97649.00524
300400.SZ,20260806,23.81,26.66,23.21,26.07,221083.75,564097.44175
300401.SZ,20260806,13.5,13.88,13.4,13.69,263707.37,359846.66126
300402.SZ,20260806,14.66,14.84,14.43,14.81,36226.0,53082.81
300403.SZ,20260806,9.61,9.84,9.53,9.65,108673.18,105161.54342
300404.SZ,20260806,10.07,10.11,9.77,9.91,184792.2,182658.3654
300405.SZ,20260806,5.39,5.49,5.35,5.43,84564.2,45775.1821
300406.SZ,20260806,11.66,11.7,11.46,11.53,34001.49,39209.53399
300407.SZ,20260806,12.75,12.98,12.6,12.79,130444.0,166697.772
300408.SZ,20260806,124.0,129.65,120.8,127.0,767691.45,9586754.04964
300409.SZ,20260806,18.58,18.58,18.03,18.17,193465.29,353339.26117
300410.SZ,20260806,7.43,7.68,7.32,7.66,257590.0,194473.31456
300411.SZ,20260806,7.38,7.48,7.27,7.38,77297.0,56998.404
300412.SZ,20260806,4.25,4.31,4.19,4.27,109358.1,46630.2633
300413.SZ,20260806,16.3,16.62,15.98,16.1,228247.93,370042.76808
300414.SZ,20260806,11.31,11.6,11.27,11.47,156793.22,179144.6801
300415.SZ,20260806,21.13,22.59,21.01,21.6,159046.68,349901.99316
300416.SZ,20260806,15.09,15.55,14.97,15.16,190744.61,290864.21709
300417.SZ,20260806,10.57,10.73,10.44,10.57,30989.0,32813.63
300418.SZ,20260806,43.63,44.9,43.39,43.9,720425.61,3178028.97121
300419.SZ,20260806,8.99,9.55,8.75,9.45,168175.68,156357.35828
300420.SZ,20260806,7.9,8.3,7.67,8.1,1841869.6,1473070.16065
300421.SZ,20260806,17.41,17.64,17.16,17.45,58209.45,101428.43745
300422.SZ,20260806,4.42,4.53,4.4,4.52,114582.05,51352.03879
300423.SZ,20260806,5.85,5.87,5.75,5.86,90674.0,52814.857
300424.SZ,20260806,14.13,14.44,13.95,14.28,85641.86,121759.31015
300425.SZ,20260806,3.95,4.0,3.89,3.96,132775.0,52399.177
300426.SZ,20260806,6.03,6.12,5.86,5.98,90113.0,53912.406
300427.SZ,20260806,7.01,7.03,6.78,6.87,321788.0,221907.061
300428.SZ,20260806,19.17,19.23,18.74,18.87,70365.24,133289.40912
300429.SZ,20260806,10.06,10.61,10.03,10.57,287545.95,298313.65322
300430.SZ,20260806,4.72,4.8,4.65,4.75,83678.0,39590.721
300432.SZ,20260806,16.11,16.31,15.6,15.79,492008.25,782211.69524
300433.SZ,20260806,34.3,35.58,34.24,34.82,1099273.31,3820201.36042
300434.SZ,20260806,10.61,10.72,10.41,10.52,136938.58,143938.84968
300435.SZ,20260806,17.01,17.92,16.93,17.71,192816.83,338921.80563
300436.SZ,20260806,94.5,94.94,91.7,92.73,56205.41,521914.01379
300437.SZ,20260806,10.99,11.17,10.85,11.09,59642.0,65696.466
300438.SZ,20260806,63.1,63.57,60.22,61.6,245996.11,1528199.64488
300439.SZ,20260806,8.74,8.77,8.59,8.69,23717.0,20573.002
300440.SZ,20260806,18.71,19.3,18.55,19.01,127217.31,240793.94047
300441.SZ,20260806,6.89,6.91,6.74,6.84,53908.13,36756.1554
300442.SZ,20260806,68.0,70.3,67.65,68.8,353738.86,2445101.44012
300443.SZ,20260806,21.62,21.7,21.0,21.2,58051.9,123568.6082
300444.SZ,20260806,10.73,10.88,10.48,10.63,583509.15,620509.1786
300445.SZ,20260806,18.65,19.1,18.56,18.87,22543.93,42527.5147
300446.SZ,20260806,13.95,14.05,13.7,13.89,84536.0,117393.615
300447.SZ,20260806,13.59,13.87,13.51,13.79,36457.0,49973.671
300448.SZ,20260806,5.72,5.84,5.67,5.79,168439.5,97123.77
300449.SZ,20260806,7.01,7.18,6.99,7.16,106425.0,75513.513
300450.SZ,20260806,35.06,35.32,34.1,34.5,396225.5,1373322.31555
300451.SZ,20260806,3.66,3.73,3.61,3.68,266203.5,97655.522
300452.SZ,20260806,12.2,12.29,12.11,12.29,30172.07,36823.16842
300453.SZ,20260806,9.55,9.56,9.28,9.41,98470.0,92588.86428
300454.SZ,20260806,125.24,131.58,124.06,126.01,266651.66,3396743.24239
300455.SZ,20260806,19.08,19.54,19.0,19.41,73861.7,142847.72238
300456.SZ,20260806,31.2,31.99,30.98,31.49,240304.15,756463.63025
300457.SZ,20260806,20.51,21.04,20.13,20.22,118179.81,241739.33463
300458.SZ,20260806,33.43,35.25,33.1,34.32,754151.01,2583622.0821
300459.SZ,20260806,3.87,3.94,3.79,3.82,1481728.76,570928.74434
300460.SZ,20260806,8.58,8.75,8.44,8.72,60606.0,52105.96
300461.SZ,20260806,31.01,32.33,30.51,31.93,39775.35,126079.87505
300462.SZ,20260806,11.38,12.07,11.22,11.87,30073.0,35424.235
300463.SZ,20260806,9.11,9.15,8.97,9.06,56143.62,50796.35924
300464.SZ,20260806,6.42,6.48,6.27,6.4,64759.0,41258.772
300465.SZ,20260806,13.45,13.8,13.36,13.59,236275.76,320881.5742
300466.SZ,20260806,7.37,7.44,7.27,7.36,53212.0,39131.211
300467.SZ,20260806,34.54,35.12,33.75,34.27,32480.0,111850.57916
300468.SZ,20260806,22.08,24.39,22.08,23.71,664978.71,1570203.24424
300469.SZ,20260806,55.0,59.5,54.99,59.38,112861.29,655906.73045
300470.SZ,20260806,29.91,30.03,29.23,29.44,22114.0,65287.87472
300471.SZ,20260806,9.76,10.0,9.7,9.79,108523.74,106591.48391
300472.SZ,20260806,6.84,6.99,6.73,6.73,25937.19,17670.86977
300473.SZ,20260806,22.2,22.45,21.85,22.27,40147.0,89001.568
300474.SZ,20260806,53.29,53.87,52.79,53.09,89814.21,478068.12507
300475.SZ,20260806,145.01,156.38,144.44,152.59,310118.74,4664862.27256
300476.SZ,20260806,228.01,260.53,227.0,250.15,724139.48,18012250.0998
300477.SZ,20260806,2.74,2.74,2.62,2.64,275523.0,73357.769
300478.SZ,20260806,27.83,28.66,27.59,28.31,35743.0,100607.11
300479.SZ,20260806,13.85,14.64,13.85,14.26,76861.0,110151.805
300480.SZ,20260806,30.38,34.25,30.08,32.4,368574.41,1198750.31225
300481.SZ,20260806,13.74,14.0,13.69,13.96,111798.45,154817.9815
300482.SZ,20260806,17.42,17.44,17.04,17.12,51257.79,88161.59784
300483.SZ,20260806,22.27,23.72,22.14,23.08,133127.2,307643.4486
300484.SZ,20260806,12.8,13.02,12.69,12.97,32744.0,42196.389
300485.SZ,20260806,9.17,9.23,9.02,9.09,50943.0,46285.845
300486.SZ,20260806,19.49,20.2,19.49,19.9,110191.42,219652.71763
300487.SZ,20260806,63.76,66.3,63.56,64.55,60622.6,393692.79301
300488.SZ,20260806,30.37,31.48,30.37,31.01,43207.46,133879.26072
300489.SZ,20260806,182.0,206.79,181.0,202.0,189843.0,3711434.69146
300490.SZ,20260806,12.09,12.11,11.77,11.93,116217.0,138937.097
300491.SZ,20260806,27.68,28.33,27.17,27.7,91529.19,253554.35554
300492.SZ,20260806,26.66,27.05,25.63,25.77,81465.93,213841.91814
300493.SZ,20260806,13.15,13.38,12.98,13.15,132308.38,174574.19278
300494.SZ,20260806,8.93,10.12,8.88,9.38,365534.4,346445.3998
300496.SZ,20260806,62.2,64.75,62.2,62.88,186583.54,1186760.76371
300497.SZ,20260806,17.5,18.51,17.37,18.25,394076.02,715335.67111
300498.SZ,20260806,13.63,13.73,13.38,13.55,367067.97,496225.32233
300499.SZ,20260806,27.51,28.54,27.13,28.01,194111.25,541860.95344
300500.SZ,20260806,9.04,9.16,8.92,9.14,28712.6,26063.986
300501.SZ,20260806,10.16,10.33,10.08,10.24,33925.58,34597.82124
300502.SZ,20260806,413.0,439.84,397.09,421.87,514457.77,21552830.0738
300503.SZ,20260806,70.08,73.38,69.59,72.09,226451.9,1628629.53375
300504.SZ,20260806,14.37,15.1,14.35,14.98,76558.0,113405.919
300505.SZ,20260806,19.25,19.64,18.9,19.2,193800.36,372744.6205
300506.SZ,20260806,6.18,6.58,6.0,6.53,578892.48,368460.56187
300507.SZ,20260806,6.62,6.79,6.55,6.66,77280.98,51490.86292
300508.SZ,20260806,44.14,47.87,43.6,46.05,51863.0,238689.25312
300509.SZ,20260806,8.32,8.4,8.19,8.33,38215.5,31760.1055
300510.SZ,20260806,3.5,3.51,3.4,3.47,243425.06,83998.19151
300511.SZ,20260806,5.24,5.34,5.18,5.31,245022.9,129007.5253
300512.SZ,20260806,6.96,7.08,6.89,7.06,43174.5,30338.545
300513.SZ,20260806,7.17,7.37,7.14,7.23,62913.92,45573.67016
300514.SZ,20260806,9.49,9.59,9.41,9.57,23914.0,22747.3015
300515.SZ,20260806,15.91,16.04,15.52,15.75,53865.15,85036.65485
300516.SZ,20260806,29.58,31.3,29.58,30.95,69997.8,215131.1695
300517.SZ,20260806,9.57,10.5,9.56,9.73,125890.4,124480.2721
300518.SZ,20260806,21.0,25.11,20.76,23.87,186008.81,436642.26006
300519.SZ,20260806,13.51,14.07,13.51,14.07,64243.0,88851.537
300520.SZ,20260806,26.6,27.15,26.04,26.5,115689.04,307603.19618
300521.SZ,20260806,24.38,24.38,22.91,23.32,55647.14,130631.52832
300522.SZ,20260806,13.02,13.48,12.91,13.48,200201.88,264377.46702
300523.SZ,20260806,19.99,20.25,19.4,19.62,23232.7,45916.9816
300525.SZ,20260806,9.11,9.84,9.06,9.42,504428.34,478607.26616
300527.SZ,20260806,7.7,7.97,7.69,7.88,125234.07,98012.06777
300528.SZ,20260806,14.16,14.46,13.69,14.11,219316.0,307481.7104
300529.SZ,20260806,18.35,18.52,17.8,17.82,101889.77,183603.38346
300530.SZ,20260806,19.88,19.88,18.65,19.01,86961.5,166317.8475
300531.SZ,20260806,17.8,18.68,17.54,17.68,338775.64,613777.10375
300532.SZ,20260806,7.05,7.17,6.97,7.09,113366.36,80099.3734
300533.SZ,20260806,15.49,15.87,15.08,15.29,96066.38,147686.83096
300534.SZ,20260806,13.3,15.58,12.6,14.9,1175569.39,1629078.68179
300535.SZ,20260806,14.63,14.75,14.35,14.57,21382.35,31119.16175
300536.SZ,20260806,8.87,9.09,8.72,8.88,74259.0,65732.664
300537.SZ,20260806,18.68,19.57,18.58,19.53,140756.2,270805.00217
300538.SZ,20260806,13.73,13.94,13.55,13.91,52557.0,72340.256
300539.SZ,20260806,19.25,19.7,19.02,19.27,71824.01,138958.84431
300540.SZ,20260806,27.82,33.61,27.59,33.61,241602.32,741169.0961
300541.SZ,20260806,10.73,11.11,10.73,11.09,186375.31,204755.34187
300542.SZ,20260806,12.2,12.66,12.15,12.35,66330.0,82294.728
300543.SZ,20260806,7.59,7.77,7.5,7.74,74924.1,57502.4449
300545.SZ,20260806,27.73,28.4,27.43,28.1,67240.54,188109.0758
300546.SZ,20260806,15.68,18.49,15.68,17.59,182463.37,316268.49503
300547.SZ,20260806,24.88,25.69,24.58,25.53,75584.0,191059.303
300548.SZ,20260806,159.98,175.27,154.0,171.0,243016.87,4075262.55727
300549.SZ,20260806,13.61,13.8,13.45,13.77,16397.5,22411.5625
300550.SZ,20260806,12.2,12.52,12.04,12.21,49498.72,60705.91236
300551.SZ,20260806,9.82,10.18,9.75,10.09,104369.0,104543.156
300552.SZ,20260806,24.0,24.68,23.17,23.6,244271.52,581276.11965
300553.SZ,20260806,43.6,45.2,42.67,44.93,39670.0,175631.014
300554.SZ,20260806,19.86,20.62,19.86,20.57,39314.24,79904.67516
300555.SZ,20260806,12.5,12.56,12.39,12.48,6548.0,8165.413
300556.SZ,20260806,16.27,16.52,15.97,16.22,53569.0,87068.041
300557.SZ,20260806,25.5,25.95,25.2,25.84,29636.11,76201.81733
300558.SZ,20260806,60.0,61.56,58.14,61.39,155642.31,936417.84339
300559.SZ,20260806,11.58,12.0,11.52,11.92,119513.21,140949.23524
300560.SZ,20260806,15.28,16.24,15.03,15.92,183737.75,291322.1657
300561.SZ,20260806,18.65,18.89,18.34,18.65,272614.11,508462.93593
300562.SZ,20260806,15.05,15.18,14.58,14.92,102330.12,151609.287
300563.SZ,20260806,23.41,24.4,23.41,24.15,41793.8,100431.2179
300564.SZ,20260806,11.71,12.63,11.69,12.28,63710.0,77664.5552
300565.SZ,20260806,9.5,10.07,9.4,9.83,183372.5,180146.8934
300566.SZ,20260806,24.13,25.5,24.09,25.18,152003.89,378077.28272
300567.SZ,20260806,197.0,214.79,194.25,208.0,109237.77,2252721.93339
300568.SZ,20260806,14.16,14.18,13.59,13.81,683448.43,943133.51283
300569.SZ,20260806,4.91,4.95,4.82,4.88,125568.0,61170.778
300570.SZ,20260806,131.42,140.5,126.15,137.88,287869.1,3883730.22
300571.SZ,20260806,34.68,35.43,34.0,34.57,110368.5,383235.341
300572.SZ,20260806,20.09,20.6,19.75,20.37,55176.15,111386.96825
300573.SZ,20260806,42.2,42.44,40.59,40.87,92452.25,381277.98042
300575.SZ,20260806,5.53,5.61,5.44,5.52,120634.54,66430.4635
300576.SZ,20260806,27.55,29.9,27.39,29.71,330065.46,948823.37265
300577.SZ,20260806,18.2,19.05,18.2,18.81,80963.75,151540.25834
300578.SZ,20260806,16.43,16.61,16.04,16.29,45460.5,74251.8345
300579.SZ,20260806,22.48,23.56,22.42,22.97,53522.0,123381.224
300580.SZ,20260806,21.5,22.1,21.1,21.83,165560.32,358275.41008
300581.SZ,20260806,10.09,10.25,9.88,10.09,133350.21,134238.77597
300582.SZ,20260806,11.05,11.32,10.93,11.2,73084.25,81381.11325
300583.SZ,20260806,12.2,12.48,12.03,12.33,32496.0,39753.88
300584.SZ,20260806,33.66,33.8,32.74,33.18,32515.5,108006.83981
300585.SZ,20260806,14.76,15.48,14.58,15.46,55450.0,83037.935
300586.SZ,20260806,8.59,8.85,8.51,8.78,221054.09,192597.94932
300587.SZ,20260806,4.69,4.88,4.66,4.87,522769.18,248715.89823
300588.SZ,20260806,22.61,22.98,22.31,22.64,35188.0,79804.223
300589.SZ,20260806,12.97,13.42,12.88,13.24,261720.45,344449.03523
300590.SZ,20260806,10.73,11.28,10.72,11.1,256739.28,283050.25473
300591.SZ,20260806,7.37,7.5,7.2,7.43,170044.7,124901.4719
300592.SZ,20260806,16.37,17.48,16.21,16.99,298534.37,507851.90887
300593.SZ,20260806,26.02,28.69,25.68,27.02,365273.92,1001716.62693
300594.SZ,20260806,14.58,14.83,14.24,14.68,19067.0,27767.671
300595.SZ,20260806,11.43,11.46,11.1,11.17,104937.74,117597.07304
300596.SZ,20260806,40.86,41.26,40.2,41.0,27305.95,111299.764
300597.SZ,20260806,7.53,7.88,7.46,7.67,91005.11,69739.11826
300598.SZ,20260806,30.76,31.79,30.18,30.51,106181.78,328297.10693
300599.SZ,20260806,11.12,11.5,10.85,11.44,87610.5,98412.0815
300600.SZ,20260806,10.22,10.27,10.02,10.17,47005.0,47684.062
300601.SZ,20260806,12.49,12.56,12.18,12.23,125963.2,154823.51476
300602.SZ,20260806,35.6,37.31,35.28,36.57,162764.49,593957.03806
300603.SZ,20260806,8.01,8.17,7.97,8.09,105308.1,85140.4984
300604.SZ,20260806,262.0,288.96,261.06,278.53,264964.81,7359189.70728
300605.SZ,20260806,10.8,10.86,10.43,10.59,233753.98,248699.65919
300606.SZ,20260806,31.88,34.25,31.73,34.0,142090.0,476585.45
300607.SZ,20260806,32.3,33.7,32.16,32.84,313683.48,1038150.54747
300608.SZ,20260806,10.44,10.92,10.36,10.77,175417.34,188271.10574
300609.SZ,20260806,25.9,27.9,25.72,26.72,64650.62,173965.0522
300610.SZ,20260806,9.73,9.8,9.62,9.8,29867.0,29019.173
300611.SZ,20260806,23.9,24.79,23.7,24.28,28249.0,68726.158
300612.SZ,20260806,12.35,12.69,12.13,12.38,82739.0,102527.215
300613.SZ,20260806,69.1,72.74,68.84,71.24,208199.94,1478087.56529
300614.SZ,20260806,10.53,10.58,10.28,10.47,30661.0,31987.61
300615.SZ,20260806,18.01,18.02,17.6,18.02,435440.05,783836.57546
300616.SZ,20260806,10.48,10.48,10.17,10.35,44406.5,45862.6295
300617.SZ,20260806,43.7,43.7,42.03,42.97,50542.0,216463.867
300618.SZ,20260806,35.0,35.8,33.6,33.9,85421.41,293694.07367
300619.SZ,20260806,28.0,28.44,26.21,26.7,107710.96,290089.9591
300620.SZ,20260806,250.62,288.58,249.49,275.67,206730.13,5594114.4523
300621.SZ,20260806,7.0,7.15,6.92,7.13,41912.65,29619.5833
300622.SZ,20260806,15.91,16.08,15.59,15.76,124623.02,196845.45954
300623.SZ,20260806,24.89,26.03,24.8,25.58,259463.34,660250.03907
300624.SZ,20260806,55.6,57.78,55.01,55.8,158779.36,897838.02186
300625.SZ,20260806,9.33,9.38,9.22,9.38,18262.5,17000.324
300626.SZ,20260806,30.0,31.44,29.68,31.42,86759.0,267226.741
300627.SZ,20260806,28.51,28.75,28.03,28.2,86403.8,245120.16458
300628.SZ,20260806,39.11,40.82,39.01,39.65,170754.18,682720.96388
300629.SZ,20260806,17.73,18.05,17.57,17.91,58733.62,104850.23622
300631.SZ,20260806,21.2,22.07,20.94,21.58,35806.74,77327.06881
300632.SZ,20260806,17.85,18.86,17.8,18.63,256205.75,471888.05298
300633.SZ,20260806,20.59,20.59,20.0,20.08,43978.6,88845.77914
300634.SZ,20260806,20.74,21.49,20.66,21.06,150519.79,318373.71688
300635.SZ,20260806,11.48,11.58,11.21,11.51,37141.0,42419.906
300636.SZ,20260806,6.79,6.84,6.73,6.84,37883.4,25701.884
300637.SZ,20260806,8.61,9.27,8.6,8.98,121068.6,108570.8252
300638.SZ,20260806,21.0,22.11,20.9,21.42,343880.8,742589.64202
300639.SZ,20260806,5.7,5.77,5.6,5.7,147653.78,83867.55982
300640.SZ,20260806,6.51,6.6,6.39,6.52,101908.0,66336.265
300641.SZ,20260806,14.66,14.75,14.33,14.69,84341.77,122657.58932
300642.SZ,20260806,12.9,12.95,12.63,12.88,30196.8,38705.48662
300643.SZ,20260806,17.2,17.42,16.96,17.24,62295.28,106989.02421
300644.SZ,20260806,21.49,21.61,21.1,21.48,17748.7,37898.8039
300645.SZ,20260806,12.95,13.31,12.9,13.14,42206.9,55373.7752
300647.SZ,20260806,5.55,5.7,5.45,5.6,185081.33,103155.67997
300648.SZ,20260806,37.13,39.49,36.6,38.56,37509.94,144379.96518
300649.SZ,20260806,20.49,21.02,20.1,20.75,41088.6,84612.1058
300650.SZ,20260806,11.24,11.45,11.16,11.43,53487.0,60566.095
300651.SZ,20260806,17.57,17.63,17.08,17.44,60827.87,105728.01716
300652.SZ,20260806,29.24,29.72,28.98,29.52,16205.62,47531.97368
300653.SZ,20260806,14.68,14.68,14.41,14.53,10769.75,15645.5605
300654.SZ,20260806,11.98,12.2,10.98,11.18,568085.81,646690.56777
300655.SZ,20260806,12.48,13.28,12.47,13.28,878044.63,1139105.57757
300656.SZ,20260806,24.41,25.34,24.22,25.17,63871.82,158639.00008
300657.SZ,20260806,34.9,35.85,34.72,35.27,260092.59,917779.41698
300658.SZ,20260806,10.49,10.7,10.36,10.61,78188.7,82458.17955
300659.SZ,20260806,10.33,10.78,10.15,10.62,104183.2,109774.221
300660.SZ,20260806,28.0,28.6,27.81,28.05,80826.6,227524.95277
300661.SZ,20260806,102.0,106.5,100.58,106.24,133548.26,1394994.5651
300662.SZ,20260806,20.66,21.49,20.55,20.99,82101.77,173098.59671
300663.SZ,20260806,9.73,10.04,9.55,9.81,769452.08,753805.12315
300664.SZ,20260806,4.57,4.59,4.51,4.58,65952.0,30023.747
300665.SZ,20260806,9.58,9.78,9.41,9.58,99538.14,95323.93416
300666.SZ,20260806,215.0,240.0,215.0,238.62,241554.39,5614238.10711
300667.SZ,20260806,14.03,14.28,13.95,14.25,53249.25,75361.337
300668.SZ,20260806,39.75,41.35,39.46,40.49,44397.0,178822.579
300669.SZ,20260806,22.23,23.23,21.81,23.11,13980.0,31965.309
300670.SZ,20260806,5.93,6.11,5.87,6.06,77314.0,46499.04
300671.SZ,20260806,57.98,61.97,57.1,61.16,176793.88,1060445.04051
300672.SZ,20260806,140.0,149.88,140.0,146.73,109166.37,1587791.28606
300673.SZ,20260806,13.36,13.36,13.0,13.13,33076.0,43486.512
300674.SZ,20260806,16.62,17.28,16.53,16.66,238805.98,403578.02826
300675.SZ,20260806,12.34,12.56,12.22,12.47,21025.0,26035.661
300676.SZ,20260806,39.99,40.2,37.97,38.06,90933.97,352512.85704
300677.SZ,20260806,49.0,50.49,48.35,49.82,108449.36,538537.22028
300678.SZ,20260806,24.01,24.5,23.58,23.77,92448.1,221526.38302
300679.SZ,20260806,40.03,41.68,39.58,40.7,150399.86,609038.30837
300680.SZ,20260806,22.01,22.44,21.6,21.91,74707.88,164149.82232
300681.SZ,20260806,21.0,21.33,20.74,21.2,91090.67,191669.40668
300682.SZ,20260806,11.74,12.06,11.62,11.72,195753.47,231248.77278
300683.SZ,20260806,27.16,27.32,26.01,26.29,66048.83,174586.89023
300684.SZ,20260806,46.66,49.01,45.68,48.15,133070.49,633627.59959
300685.SZ,20260806,17.85,17.89,17.36,17.47,60791.96,106721.68342
300686.SZ,20260806,15.0,15.8,14.5,15.23,371716.8,565412.7116
300687.SZ,20260806,26.97,28.5,26.67,27.72,231879.01,641941.73586
300688.SZ,20260806,31.02,31.8,29.83,31.45,200248.7,618287.3327
300689.SZ,20260806,46.68,51.8,45.71,51.62,45085.5,221901.8127
300690.SZ,20260806,21.85,22.08,21.23,21.53,38937.92,84339.28736
300691.SZ,20260806,13.51,13.78,13.42,13.68,43606.99,59434.78926
300692.SZ,20260806,8.99,9.02,8.49,8.62,331926.87,289488.76828
300693.SZ,20260806,36.5,36.65,35.88,36.36,97099.82,351460.37539
300694.SZ,20260806,10.42,10.84,10.38,10.6,62765.32,66700.9328
300695.SZ,20260806,50.0,50.79,48.86,49.68,9494.81,47261.58314
300696.SZ,20260806,20.37,20.86,20.0,20.5,60325.7,123222.34112
300697.SZ,20260806,14.79,14.98,13.87,14.06,136897.55,195629.60585
300698.SZ,20260806,25.62,26.62,25.58,26.2,69927.1,182146.4801
300699.SZ,20260806,26.22,26.77,25.9,26.19,149514.33,393435.64568
300700.SZ,20260806,17.09,17.57,16.81,17.19,128746.55,221368.24122
300701.SZ,20260806,9.5,9.77,9.42,9.66,47918.0,46002.207
300702.SZ,20260806,20.91,21.17,20.71,21.01,31150.13,65344.64356
300703.SZ,20260806,13.46,13.46,13.13,13.37,39080.0,52062.48
300705.SZ,20260806,11.03,11.04,10.82,10.93,50273.6,54804.3144
300706.SZ,20260806,48.0,51.5,47.4,51.09,155072.0,777695.956
300707.SZ,20260806,11.91,12.03,11.75,11.99,30412.0,36202.835
300708.SZ,20260806,7.79,7.82,7.65,7.74,196025.81,151796.27824
300709.SZ,20260806,36.47,38.97,36.41,38.15,108070.78,410492.76791
300710.SZ,20260806,27.83,28.55,27.83,28.4,23784.5,67158.825
300711.SZ,20260806,15.9,19.03,15.81,19.03,145107.43,264320.84709
300712.SZ,20260806,21.3,21.35,20.71,20.98,13850.3,29115.3444
300713.SZ,20260806,12.71,12.84,12.56,12.84,30339.0,38573.774
300715.SZ,20260806,12.52,13.31,12.52,13.31,150490.0,196748.235
300716.SZ,20260806,17.31,18.8,17.23,18.26,29966.0,54409.55495
300717.SZ,20260806,17.9,18.48,17.75,18.43,26679.0,48367.994
300718.SZ,20260806,67.72,71.8,67.01,68.46,152164.12,1054973.1286
300719.SZ,20260806,11.7,11.76,11.4,11.61,41566.5,48125.618
300720.SZ,20260806,64.0,73.5,63.39,72.7,230509.38,1602340.67489
300721.SZ,20260806,21.71,23.69,21.5,23.41,164670.0,374165.7601
300722.SZ,20260806,21.87,22.08,21.4,21.8,29926.98,65125.70318
300723.SZ,20260806,36.5,36.99,35.62,36.46,120818.14,438335.31847
300724.SZ,20260806,59.35,59.88,58.45,59.12,91000.95,537795.56207
300725.SZ,20260806,40.9,41.66,39.8,40.12,136533.55,549704.36795
300726.SZ,20260806,51.82,54.3,51.16,53.8,158375.42,840520.75662
300727.SZ,20260806,28.01,29.47,28.0,28.62,37869.39,108278.29228
300729.SZ,20260806,10.21,10.26,10.07,10.2,20266.13,20608.53969
300730.SZ,20260806,12.02,12.4,11.93,12.24,65351.0,79767.6535
300731.SZ,20260806,36.39,37.94,36.01,37.74,68017.0,253172.8198
300732.SZ,20260806,5.93,6.01,5.88,5.99,48611.72,28950.46112
300733.SZ,20260806,14.16,14.47,13.94,14.43,93167.74,132372.24422
300735.SZ,20260806,20.5,21.5,20.35,20.79,153245.69,320564.78649
300736.SZ,20260806,28.01,28.91,27.27,28.63,45229.0,128343.432
300737.SZ,20260806,5.1,5.16,5.03,5.15,208503.08,106269.01268
300738.SZ,20260806,23.03,23.48,22.73,22.93,813959.98,1873396.28135
300739.SZ,20260806,21.63,22.66,21.42,22.37,139682.95,309925.21918
300740.SZ,20260806,21.51,21.9,21.2,21.89,256549.56,553472.06804
300741.SZ,20260806,13.41,13.48,13.12,13.21,22473.01,29764.0239
300743.SZ,20260806,14.81,15.12,14.72,14.93,25973.2,38718.1712
300745.SZ,20260806,27.99,29.89,27.32,29.42,140519.0,407228.32861
300746.SZ,20260806,14.22,14.71,14.03,14.71,109719.1,159013.784
300747.SZ,20260806,34.87,35.81,34.3,35.25,195405.27,685470.99518
300748.SZ,20260806,27.65,28.09,26.81,27.03,424377.08,1165423.12906
300749.SZ,20260806,19.48,21.03,19.18,20.38,61204.0,124380.348
300750.SZ,20260806,410.0,410.0,384.16,388.0,453201.03,17750194.5412
300751.SZ,20260806,164.31,172.83,161.72,169.38,78009.5,1310142.68824
300752.SZ,20260806,9.98,10.28,9.91,10.13,69422.63,70093.05463
300753.SZ,20260806,23.54,24.4,22.85,22.97,216011.81,505757.62895
300755.SZ,20260806,11.62,11.66,11.35,11.51,44734.0,51436.506
300756.SZ,20260806,28.21,30.72,28.21,30.11,71879.2,214151.0492
300757.SZ,20260806,466.0,478.0,458.18,470.9,69261.09,3252536.32811
300758.SZ,20260806,10.38,10.45,10.1,10.4,76382.3,78755.7932
300759.SZ,20260806,40.3,40.5,38.6,39.6,559869.99,2227513.93544
300760.SZ,20260806,154.32,154.99,149.62,149.75,120380.2,1819952.75209
300761.SZ,20260806,18.93,18.98,18.46,18.79,58673.4,109884.497
300762.SZ,20260806,31.68,32.84,31.51,32.12,238775.47,768659.28979
300763.SZ,20260806,62.58,62.9,60.78,61.71,105151.11,648525.03565
300765.SZ,20260806,38.29,40.32,37.01,40.0,251923.72,984466.18243
300766.SZ,20260806,24.51,25.45,24.5,24.65,376307.53,937026.75736
300767.SZ,20260806,17.41,18.39,17.4,18.34,96068.36,173302.03275
300768.SZ,20260806,16.51,17.37,16.5,17.37,221124.77,377501.55008
300769.SZ,20260806,46.29,47.0,45.51,46.55,157053.29,726377.02354
300770.SZ,20260806,35.05,35.05,34.19,34.3,18083.5,62368.208
300771.SZ,20260806,11.91,12.65,11.83,12.33,103062.13,126539.62321
300772.SZ,20260806,12.85,13.06,12.48,12.61,180902.51,230242.37166
300773.SZ,20260806,15.95,16.79,15.89,16.31,909734.0,1500511.42813
300774.SZ,20260806,10.59,10.87,10.24,10.42,74739.0,78487.894
300775.SZ,20260806,21.72,21.92,21.25,21.62,126858.14,273786.62856
300776.SZ,20260806,109.33,117.25,108.0,116.75,125257.42,1430852.64801
300777.SZ,20260806,24.97,25.23,24.43,24.59,98755.52,245141.70915
300778.SZ,20260806,10.34,10.38,10.09,10.32,27670.15,28371.46825
300779.SZ,20260806,85.75,86.61,70.0,75.41,360034.1,2729410.51553
300780.SZ,20260806,18.99,20.57,18.99,20.23,108391.74,216784.19386
300781.SZ,20260806,28.9,29.88,28.43,28.93,83452.73,242725.63806
300782.SZ,20260806,71.11,77.6,71.02,75.38,191720.13,1438194.02676
300783.SZ,20260806,18.05,18.19,17.55,17.66,68207.09,120996.67542
300784.SZ,20260806,39.2,40.04,39.05,39.83,6592.0,26081.365
300785.SZ,20260806,40.31,41.85,39.99,40.6,158626.2,650002.12485
300786.SZ,20260806,14.92,15.63,14.77,15.48,106601.46,163557.98986
300787.SZ,20260806,8.73,8.88,8.64,8.77,36932.0,32374.209
300788.SZ,20260806,25.89,26.41,25.47,25.82,52625.0,135888.462
300789.SZ,20260806,18.53,19.9,18.3,19.39,123615.03,237472.07196
300790.SZ,20260806,17.46,18.05,17.21,17.68,238223.02,421557.30432
300791.SZ,20260806,17.06,17.07,16.71,16.91,10850.42,18281.38938
300792.SZ,20260806,25.73,26.58,25.09,25.43,115712.5,298423.845
300793.SZ,20260806,11.2,11.34,11.03,11.25,62852.5,70440.169
300795.SZ,20260806,15.6,16.8,15.35,15.7,424800.71,681047.38886
300796.SZ,20260806,6.56,6.66,6.51,6.66,45073.1,29692.2836
300797.SZ,20260806,12.49,12.7,12.31,12.5,33619.0,42110.951
300798.SZ,20260806,7.59,7.71,7.25,7.38,427461.68,317868.85868
300800.SZ,20260806,9.49,9.63,9.42,9.58,30164.5,28841.254
300801.SZ,20260806,23.49,23.99,23.39,23.79,87870.0,208108.776
300802.SZ,20260806,20.9,21.89,20.65,21.58,106713.5,229027.06936
300803.SZ,20260806,83.81,86.56,83.42,84.34,176137.47,1494485.14307
300804.SZ,20260806,39.17,41.6,38.3,40.82,25275.07,101000.20143
300805.SZ,20260806,8.44,8.51,8.21,8.35,120561.0,100597.365
300806.SZ,20260806,45.0,48.14,44.26,46.97,352882.48,1643779.18325
300807.SZ,20260806,37.47,38.27,37.08,37.72,15594.5,58717.8145
300808.SZ,20260806,18.31,18.72,18.0,18.62,15327.0,28320.512
300809.SZ,20260806,24.38,24.45,23.82,24.3,57611.37,139238.53927
300810.SZ,20260806,24.2,24.49,23.7,24.32,18967.0,45809.91
300811.SZ,20260806,68.34,69.68,66.0,68.73,128845.51,877807.04846
300812.SZ,20260806,18.91,19.54,18.81,19.38,76771.4,147582.255
300813.SZ,20260806,19.16,19.48,19.03,19.48,18777.9,36241.3124
300814.SZ,20260806,118.2,129.46,115.37,125.28,104674.65,1292879.56195
300815.SZ,20260806,16.63,16.88,16.26,16.48,69150.53,114216.99733
300816.SZ,20260806,48.93,52.0,48.36,50.71,23785.54,119611.54972
300817.SZ,20260806,15.68,15.88,15.42,15.68,18086.15,28298.6362
300818.SZ,20260806,21.99,22.4,20.98,21.15,60815.85,131050.1262
300819.SZ,20260806,45.15,47.16,45.0,46.61,38841.0,180013.991
300820.SZ,20260806,51.81,54.65,50.9,53.61,109579.83,580130.68009
300821.SZ,20260806,16.19,16.94,15.97,16.75,961381.14,1592273.62671
300822.SZ,20260806,12.4,12.4,11.92,12.09,121011.29,147287.83308
300823.SZ,20260806,14.26,14.46,14.07,14.46,23881.6,34032.87
300824.SZ,20260806,7.83,7.84,7.62,7.81,40921.5,31714.4045
300825.SZ,20260806,11.28,11.68,11.11,11.32,235037.97,267137.70816
300826.SZ,20260806,13.4,13.73,13.31,13.72,31588.75,42717.12075
300827.SZ,20260806,25.86,25.99,25.23,25.44,132541.76,338936.37178
300828.SZ,20260806,15.3,15.45,15.03,15.36,42201.0,64282.826
300829.SZ,20260806,14.44,14.49,14.09,14.46,26085.87,37396.07628
300830.SZ,20260806,8.5,8.74,8.42,8.59,126373.39,108492.30877
300831.SZ,20260806,15.98,16.31,15.74,15.89,85754.01,137154.26385
300832.SZ,20260806,46.78,47.5,46.57,46.94,41291.59,194234.45559
300833.SZ,20260806,35.93,37.36,35.5,37.23,10956.5,39984.0315
300834.SZ,20260806,39.81,40.79,39.58,40.29,20082.17,80738.27816
300835.SZ,20260806,137.92,146.65,135.0,142.08,48352.14,685335.69428
300836.SZ,20260806,49.09,51.5,48.02,50.44,31002.11,155358.76307
300837.SZ,20260806,22.81,22.98,22.22,22.76,18708.0,42244.504
300838.SZ,20260806,13.07,13.34,13.0,13.29,24554.0,32377.119
300839.SZ,20260806,10.84,11.08,10.7,10.95,58998.1,64361.27013
300840.SZ,20260806,19.69,20.28,18.79,19.38,106343.5,206696.611
300841.SZ,20260806,46.79,46.97,45.36,45.57,19390.25,89014.68305
300842.SZ,20260806,55.0,56.39,54.5,55.85,37108.73,205975.27676
300843.SZ,20260806,114.0,119.11,112.3,116.44,71082.84,823162.32584
300844.SZ,20260806,22.7,23.13,22.42,22.7,12640.2,28741.104
300845.SZ,20260806,10.62,10.94,10.56,10.91,76751.6,82448.50137
300846.SZ,20260806,21.35,21.67,20.72,21.03,321571.62,682897.89311
300847.SZ,20260806,17.0,17.18,16.02,16.06,288804.97,476801.22007
300848.SZ,20260806,12.96,13.1,12.81,13.01,50863.85,65923.72125
300849.SZ,20260806,20.91,22.67,20.65,22.58,51856.99,112317.58571
300850.SZ,20260806,29.87,30.2,29.04,29.58,160422.56,473162.37406
300851.SZ,20260806,23.03,23.3,22.88,23.2,10048.0,23228.792
300852.SZ,20260806,41.42,43.34,41.17,43.34,99958.09,424173.33501
300853.SZ,20260806,26.0,27.1,25.82,26.41,61292.0,161998.4662
300854.SZ,20260806,16.66,17.44,16.57,17.31,121810.77,208531.26656
300855.SZ,20260806,29.7,29.8,28.88,29.3,78182.48,229288.43361
300856.SZ,20260806,11.16,11.21,10.87,10.99,37685.18,41445.4841
300857.SZ,20260806,244.14,257.89,241.86,250.11,281184.77,7050757.2188
300858.SZ,20260806,14.42,14.42,14.14,14.39,29080.6,41585.7722
300859.SZ,20260806,27.26,27.29,26.6,27.09,23697.72,63821.74652
300860.SZ,20260806,26.34,27.27,26.34,26.74,38627.2,103390.6482
300861.SZ,20260806,16.8,17.34,16.72,17.2,185077.55,316628.28164
300863.SZ,20260806,37.7,39.24,36.62,38.6,96510.57,368967.27957
300864.SZ,20260806,18.82,19.05,18.66,18.88,11844.27,22359.59403
300865.SZ,20260806,22.66,23.02,22.37,22.96,12481.0,28383.254
300866.SZ,20260806,117.0,118.62,114.14,114.65,45721.6,527001.22877
300867.SZ,20260806,16.5,16.62,16.28,16.45,31257.34,51396.90832
300868.SZ,20260806,79.92,85.22,77.0,83.35,41304.0,337718.097
300869.SZ,20260806,11.13,11.18,10.93,11.13,25462.37,28170.5077
300870.SZ,20260806,199.94,215.25,195.01,213.4,85725.37,1775335.5167
300871.SZ,20260806,21.91,22.24,21.75,22.1,45911.67,100897.20429
300872.SZ,20260806,16.87,17.35,16.48,16.65,186033.8,315012.6783
300873.SZ,20260806,16.0,16.8,15.9,16.38,189284.32,308607.79828
300875.SZ,20260806,33.75,33.98,32.9,33.59,56628.74,188940.34276
300876.SZ,20260806,15.39,15.77,13.94,15.3,30928.89,47266.75049
300877.SZ,20260806,24.16,25.29,23.9,25.16,18126.35,44591.4649
300878.SZ,20260806,32.0,33.89,31.2,33.65,82116.25,266634.60433
300879.SZ,20260806,17.0,17.45,16.61,17.24,67048.29,114532.83673
300880.SZ,20260806,19.92,20.19,19.4,19.69,34686.92,68483.66948
300881.SZ,20260806,33.68,34.37,33.27,33.88,16163.3,54637.84369
300882.SZ,20260806,15.32,15.4,14.97,15.12,28506.68,43182.4681
300883.SZ,20260806,5.67,5.75,5.54,5.72,162266.5,91905.214
300884.SZ,20260806,11.5,11.94,11.45,11.68,55593.85,65127.69745
300885.SZ,20260806,20.94,21.13,20.52,20.8,37142.4,77387.7095
300886.SZ,20260806,22.3,22.74,22.3,22.58,10498.3,23625.3599
300887.SZ,20260806,7.69,8.68,7.5,8.28,565616.01,462480.39075
300888.SZ,20260806,29.81,29.81,29.33,29.54,34422.0,101579.5256
300889.SZ,20260806,19.63,20.47,19.32,20.36,58652.4,117684.7468
300890.SZ,20260806,26.11,26.25,25.66,26.14,40458.57,105159.69253
300891.SZ,20260806,7.01,7.06,6.88,7.03,58455.0,40813.65355
300892.SZ,20260806,22.39,22.79,21.76,22.0,46091.69,101874.89452
300893.SZ,20260806,16.73,16.73,16.25,16.51,17312.87,28446.48847
300894.SZ,20260806,11.93,12.28,11.77,12.13,124932.6,150649.26986
300895.SZ,20260806,53.55,54.88,53.1,54.06,63296.98,342624.43413
300896.SZ,20260806,105.5,105.96,101.7,102.6,54033.57,556456.61674
300897.SZ,20260806,16.08,17.66,15.9,17.45,134607.02,226779.58954
300898.SZ,20260806,20.31,20.55,20.11,20.33,32711.38,66486.55215
300899.SZ,20260806,27.85,28.55,27.52,28.15,7038.0,19721.189
300900.SZ,20260806,23.8,24.54,23.52,24.18,191990.98,463156.56587
300901.SZ,20260806,15.47,15.81,15.33,15.55,39034.0,60888.612
300902.SZ,20260806,16.45,16.79,15.88,16.66,47998.4,78177.49009
300903.SZ,20260806,53.24,64.32,52.3,64.32,428958.26,2525332.88565
300904.SZ,20260806,41.2,42.8,40.33,41.14,8523.52,34927.69232
300905.SZ,20260806,38.88,39.42,38.21,39.07,59035.94,229145.92136
300906.SZ,20260806,26.03,26.5,25.62,26.13,11885.0,30913.45
300907.SZ,20260806,39.43,41.0,38.84,40.28,27274.0,108735.115
300908.SZ,20260806,24.22,24.28,23.59,23.84,14131.18,33675.66169
300909.SZ,20260806,44.3,48.5,44.01,48.28,50033.2,236838.98964
300910.SZ,20260806,29.52,30.04,29.08,29.31,35128.79,103777.3612
300911.SZ,20260806,21.92,22.7,21.61,21.89,110838.77,244571.19355
300912.SZ,20260806,19.76,20.32,19.36,19.78,108271.05,214819.11579
300913.SZ,20260806,35.3,36.19,35.01,35.64,73181.3,260828.9718
300915.SZ,20260806,19.9,20.06,19.49,19.77,13902.1,27452.00508
300916.SZ,20260806,20.76,22.0,20.57,22.0,46221.96,98498.27114
300917.SZ,20260806,26.3,26.7,25.98,26.6,63731.33,168299.65415
300918.SZ,20260806,10.58,10.86,10.5,10.7,58635.66,62574.052
300919.SZ,20260806,40.99,41.55,40.58,40.85,131218.83,537195.40446
300920.SZ,20260806,29.92,31.56,29.8,31.52,17856.77,55390.8762
300921.SZ,20260806,15.04,15.32,14.81,15.12,83137.8,125672.90284
300922.SZ,20260806,17.5,17.95,16.87,17.08,74703.89,129326.16059
300923.SZ,20260806,22.55,23.1,22.19,22.94,14619.72,33328.85064
300925.SZ,20260806,15.61,16.04,15.49,15.65,95755.0,150786.37
300926.SZ,20260806,18.09,18.12,17.62,17.81,32679.0,58310.426
300927.SZ,20260806,21.5,21.85,21.16,21.52,31696.0,68093.58549
300928.SZ,20260806,25.19,25.58,24.86,25.3,14658.0,36961.214
300929.SZ,20260806,13.8,14.07,13.69,13.98,50518.6,70052.4088
300930.SZ,20260806,24.59,25.02,24.28,24.86,14279.19,35278.49511
300931.SZ,20260806,11.45,11.77,11.19,11.62,44819.31,51729.14988
300932.SZ,20260806,9.99,10.06,9.78,9.9,144186.14,142762.00001
300933.SZ,20260806,6.75,6.92,6.62,6.72,244660.93,165048.27598
300935.SZ,20260806,30.3,35.2,30.3,33.85,111726.33,373427.88364
300936.SZ,20260806,65.36,68.79,64.5,67.78,32247.79,214891.53849
300937.SZ,20260806,24.6,29.1,24.0,26.93,168466.24,440665.71636
300938.SZ,20260806,26.68,27.73,26.02,27.35,154280.36,416870.75609
300939.SZ,20260806,56.66,62.62,56.0,59.9,53973.05,323911.19575
300940.SZ,20260806,13.85,14.14,13.75,14.14,62907.1,88012.1642
300941.SZ,20260806,14.94,17.34,14.77,16.29,212692.77,346058.16872
300942.SZ,20260806,6.55,6.93,6.5,6.69,144659.7,96848.82816
300943.SZ,20260806,26.16,27.41,25.61,26.8,110536.39,294205.91926
300945.SZ,20260806,12.29,12.59,11.63,11.8,238583.05,288274.72079
300946.SZ,20260806,39.31,40.77,39.31,39.86,9225.42,36912.4848
300947.SZ,20260806,14.1,14.22,13.83,14.03,24123.75,33860.11425
300948.SZ,20260806,19.76,21.39,19.5,20.72,83490.07,171341.67041
300949.SZ,20260806,21.51,21.95,21.38,21.74,11622.6,25152.88755
300950.SZ,20260806,16.71,17.09,16.4,16.73,16543.41,27775.2627
300951.SZ,20260806,64.13,68.21,63.0,67.26,90049.31,596046.86967
300952.SZ,20260806,17.38,17.48,16.87,17.17,38971.42,66913.8289
300953.SZ,20260806,99.94,103.58,99.1,101.3,68158.59,693150.23806
300955.SZ,20260806,31.0,31.45,30.6,31.42,14818.16,46029.09199
300956.SZ,20260806,10.84,11.35,10.79,11.16,81507.64,90812.50544
300957.SZ,20260806,33.65,33.75,32.41,32.77,124121.51,407676.05768
300958.SZ,20260806,11.34,11.41,11.06,11.26,47483.31,53439.45371
300959.SZ,20260806,95.72,100.79,95.01,100.6,35488.2,351212.024
300960.SZ,20260806,15.65,15.92,15.45,15.86,18825.2,29687.75578
300961.SZ,20260806,10.61,11.54,10.6,11.43,121977.0,136580.95156
300962.SZ,20260806,13.21,13.43,13.05,13.23,26591.91,35202.7758
300963.SZ,20260806,12.71,12.8,12.4,12.45,211149.6,266097.98734
300964.SZ,20260806,51.0,56.49,50.5,54.48,76483.8,416510.94814
300965.SZ,20260806,42.97,44.09,42.63,43.37,8050.21,34909.14142
300966.SZ,20260806,25.63,27.5,25.63,26.41,45019.5,120753.624
300967.SZ,20260806,15.17,15.28,14.9,15.28,48194.99,72959.22481
300968.SZ,20260806,10.88,11.16,10.77,10.97,175360.55,192532.52969
300969.SZ,20260806,75.4,76.89,74.42,75.26,21716.68,163930.39616
300970.SZ,20260806,17.23,17.6,17.01,17.48,57817.04,100268.63983
300971.SZ,20260806,18.57,18.75,18.35,18.75,21791.4,40458.2548
300972.SZ,20260806,204.5,206.6,200.0,202.66,19434.01,392282.41486
300973.SZ,20260806,25.44,25.5,24.63,24.88,25250.3,62903.9245
300975.SZ,20260806,25.86,28.0,25.51,27.45,756774.23,2046320.09775
300976.SZ,20260806,51.75,55.14,51.0,53.79,51046.93,272884.19057
300977.SZ,20260806,15.79,15.99,15.49,15.81,11883.88,18703.34078
300978.SZ,20260806,8.58,8.58,8.4,8.5,34921.0,29580.322
300979.SZ,20260806,34.27,34.47,33.85,34.42,26490.6,90694.2598
300980.SZ,20260806,21.4,21.99,21.22,21.77,43524.0,93980.45223
300981.SZ,20260806,15.13,15.13,14.15,14.46,310300.25,448690.31754
300982.SZ,20260806,15.45,15.45,14.97,15.22,25891.18,39310.73526
300983.SZ,20260806,38.82,41.08,38.06,40.64,20823.41,83349.06406
300984.SZ,20260806,33.22,34.3,32.92,33.77,31705.52,107001.27657
300985.SZ,20260806,30.0,32.0,29.48,31.51,49121.05,153117.62155
300986.SZ,20260806,12.65,12.75,12.22,12.33,491386.49,610745.79277
300987.SZ,20260806,13.62,13.99,13.37,13.62,37091.8,50628.0686
300988.SZ,20260806,14.71,14.9,14.52,14.84,41396.5,61076.68
300989.SZ,20260806,13.0,13.09,12.42,12.84,134144.13,171071.66017
300990.SZ,20260806,68.92,71.0,67.2,70.16,57936.98,402173.70418
300991.SZ,20260806,26.6,27.99,26.51,27.77,31954.04,87937.95748
300992.SZ,20260806,22.54,23.43,22.26,23.23,17586.0,40459.686
300993.SZ,20260806,9.91,10.0,9.78,9.91,24626.0,24371.161
300994.SZ,20260806,10.99,11.04,10.78,10.96,19779.27,21568.5533
300995.SZ,20260806,25.9,26.35,25.63,26.32,12087.0,31566.032
300996.SZ,20260806,19.14,20.75,18.51,20.31,1042893.63,2090969.68242
300997.SZ,20260806,17.87,18.4,17.3,17.4,220613.6,387650.54683
300998.SZ,20260806,23.94,25.5,23.94,25.18,31141.01,77700.02648
300999.SZ,20260806,26.18,26.4,25.85,26.09,81283.79,211630.96588
301000.SZ,20260806,25.85,26.62,25.4,25.62,44786.98,115978.16051
301001.SZ,20260806,23.62,24.13,23.21,23.55,18760.4,44260.8458
301002.SZ,20260806,28.6,29.35,28.23,28.96,44615.06,128757.97278
301003.SZ,20260806,49.13,50.84,48.5,50.77,17125.34,85195.06894
301004.SZ,20260806,35.62,36.43,35.2,36.0,9265.78,33130.44138
301005.SZ,20260806,73.96,77.19,72.86,76.6,119189.12,903596.52848
301006.SZ,20260806,13.09,13.25,12.94,13.25,15670.19,20579.70266
301007.SZ,20260806,28.2,34.0,28.2,33.78,121339.25,384661.11864
301008.SZ,20260806,33.95,34.91,33.02,34.51,62353.99,213672.81843
301009.SZ,20260806,8.92,8.97,8.75,8.92,24812.0,22010.887
301010.SZ,20260806,16.61,16.82,16.33,16.68,13345.0,22096.361
301011.SZ,20260806,15.08,15.29,14.81,15.04,20288.0,30611.18
301012.SZ,20260806,26.55,26.89,25.98,26.32,135161.56,357515.83739
301013.SZ,20260806,44.17,46.53,42.81,45.27,435909.02,1944280.61768
301015.SZ,20260806,23.52,23.63,22.2,22.43,90044.89,204860.20975
301016.SZ,20260806,13.45,13.59,12.97,13.17,115891.03,152981.15027
301017.SZ,20260806,14.05,14.2,13.6,13.72,119324.03,165646.88112
301018.SZ,20260806,82.52,86.0,80.57,83.35,133860.16,1115012.72446
301019.SZ,20260806,15.41,15.41,15.05,15.37,26571.33,40468.07175
301020.SZ,20260806,20.46,21.04,20.36,21.0,22933.94,47448.28691
301021.SZ,20260806,59.9,66.17,59.4,65.25,108672.69,691111.88629
301022.SZ,20260806,23.13,23.31,22.42,22.76,17682.0,40324.516
301023.SZ,20260806,29.54,30.6,29.17,29.96,15142.92,45527.35542
301024.SZ,20260806,31.82,32.49,31.36,32.25,10203.0,32679.951
301025.SZ,20260806,9.0,9.35,8.88,8.95,78149.05,70895.39474
301026.SZ,20260806,21.7,23.2,21.38,22.44,338823.58,755472.72859
301027.SZ,20260806,20.22,20.55,19.71,20.0,40777.01,82284.97082
301028.SZ,20260806,12.32,12.83,12.32,12.73,64364.0,81169.434
301029.SZ,20260806,25.5,27.79,25.28,27.27,210210.7,565657.92032
301030.SZ,20260806,8.91,9.01,8.5,8.53,80619.0,70035.78
301031.SZ,20260806,87.29,88.94,86.26,88.0,25287.78,221607.12051
301032.SZ,20260806,9.85,9.96,9.68,9.92,33228.59,32691.74192
301033.SZ,20260806,59.4,59.5,58.05,59.16,12180.81,71506.29688
301035.SZ,20260806,54.61,55.0,53.35,53.43,21963.09,118496.98681
301036.SZ,20260806,21.18,21.49,20.97,21.42,10708.9,22797.62344
301037.SZ,20260806,12.32,13.36,12.25,12.89,31205.39,39861.14063
301038.SZ,20260806,16.65,16.79,16.38,16.59,32693.0,54095.017
301039.SZ,20260806,8.17,8.22,7.94,8.01,205295.06,165045.66042
301040.SZ,20260806,25.93,26.25,25.31,25.76,26955.01,69563.44306
301041.SZ,20260806,23.02,24.02,23.02,23.88,49275.95,116557.93471
301042.SZ,20260806,29.38,32.01,29.18,31.48,116102.35,356328.29667
301043.SZ,20260806,41.55,43.96,41.34,43.21,8436.0,36166.134
301045.SZ,20260806,65.4,66.88,63.65,66.18,88057.74,575060.85483
301046.SZ,20260806,19.07,19.51,18.71,19.31,28049.8,53780.8698
301047.SZ,20260806,91.23,92.1,87.0,89.9,84901.12,757316.19553
301048.SZ,20260806,9.02,9.18,8.93,9.09,36074.0,32660.901
301049.SZ,20260806,19.17,19.35,18.83,19.21,11099.0,21203.273
301050.SZ,20260806,31.38,31.72,30.97,31.39,37886.95,118826.94911
301051.SZ,20260806,14.62,15.83,14.41,15.47,111664.15,170834.08466
301052.SZ,20260806,24.75,25.65,24.28,24.72,55394.0,138048.263
301053.SZ,20260806,40.9,41.38,39.2,40.3,66079.17,265215.23502
301055.SZ,20260806,29.7,30.42,28.02,29.65,52618.0,155119.435
301056.SZ,20260806,9.91,10.57,9.87,10.52,55253.0,56532.574
301057.SZ,20260806,22.38,22.56,20.79,21.12,27964.4,59771.1226
301058.SZ,20260806,8.26,8.86,8.16,8.67,183494.25,155743.2651
301059.SZ,20260806,11.24,11.31,11.05,11.26,26706.27,29893.79156
301060.SZ,20260806,8.96,9.07,8.82,8.93,50806.0,45365.399
301061.SZ,20260806,36.3,36.4,35.41,35.68,33157.4,118365.6662
301062.SZ,20260806,6.48,6.65,6.35,6.52,129922.0,84404.629
301063.SZ,20260806,17.42,17.51,17.19,17.5,13627.5,23685.04261
301065.SZ,20260806,18.54,18.59,18.23,18.53,9522.5,17564.4585
301066.SZ,20260806,12.56,12.64,12.31,12.5,29526.09,36792.69104
301067.SZ,20260806,27.12,28.16,26.83,27.8,29501.99,81730.25378
301068.SZ,20260806,28.64,29.64,28.15,29.29,12755.2,36785.3037
301069.SZ,20260806,16.74,16.91,16.53,16.73,64947.47,108403.87465
301070.SZ,20260806,57.73,61.75,57.38,61.63,32442.84,194965.1262
301071.SZ,20260806,56.02,58.88,55.1,58.11,165319.06,949793.46426
301072.SZ,20260806,33.86,34.09,32.3,33.67,34471.0,114733.39372
301073.SZ,20260806,18.14,18.35,17.73,17.92,60282.7,108842.0028
301075.SZ,20260806,55.48,56.64,53.71,55.7,11457.0,63439.65502
301076.SZ,20260806,22.85,23.9,22.54,22.88,98821.66,227784.69958
301077.SZ,20260806,20.43,20.59,20.0,20.54,26623.66,54262.19602
301078.SZ,20260806,7.63,7.64,7.41,7.44,183369.25,137287.4691
301079.SZ,20260806,28.5,29.71,28.42,29.1,42774.0,124430.682
301080.SZ,20260806,53.72,56.18,53.3,53.96,61480.12,336361.46186
301081.SZ,20260806,12.32,12.4,11.91,12.34,45019.37,54906.08886
301082.SZ,20260806,11.41,11.9,11.15,11.46,383066.58,438040.46269
301083.SZ,20260806,13.51,13.63,13.26,13.54,17084.35,23041.38115
301085.SZ,20260806,62.26,63.88,61.29,62.34,41634.3,261138.01316
301086.SZ,20260806,103.52,111.5,101.81,109.22,37178.5,399126.18555
301087.SZ,20260806,53.12,53.16,51.51,51.76,20243.24,105363.43406
301088.SZ,20260806,12.04,12.08,11.81,12.03,14516.38,17308.14995
301089.SZ,20260806,23.9,23.95,23.37,23.65,22252.16,52472.07576
301090.SZ,20260806,6.63,6.64,6.46,6.56,72598.0,47556.843
301091.SZ,20260806,17.86,18.32,17.75,18.22,104171.57,188205.25924
301092.SZ,20260806,42.89,44.49,42.47,43.93,46806.36,205401.16918
301093.SZ,20260806,67.08,74.72,65.0,71.38,85495.99,604337.87435
301095.SZ,20260806,70.08,73.1,69.68,71.67,67274.59,480406.71593
301096.SZ,20260806,41.5,42.01,41.08,41.84,18301.0,76093.17
301097.SZ,20260806,33.0,33.71,32.66,33.28,8188.29,27178.71151
301098.SZ,20260806,8.25,8.8,8.22,8.48,132307.34,112948.19593
301099.SZ,20260806,46.45,49.24,46.13,48.57,96750.58,463755.44113
301100.SZ,20260806,15.99,16.32,15.77,16.18,27714.05,44488.4396
301101.SZ,20260806,29.97,30.06,29.24,29.44,21241.79,62793.52972
301102.SZ,20260806,9.72,9.98,9.67,9.87,42398.53,41691.51222
301103.SZ,20260806,16.05,16.19,15.87,16.09,16846.91,27050.68355
301105.SZ,20260806,45.63,47.81,45.29,47.17,7199.6,33788.3652
301106.SZ,20260806,16.6,16.88,16.41,16.84,20638.8,34487.1784
301107.SZ,20260806,18.48,19.44,18.24,19.15,21638.4,41169.5452
301108.SZ,20260806,35.75,36.98,35.6,36.82,21179.0,77621.3564
301109.SZ,20260806,13.79,13.82,13.45,13.6,53314.73,72531.46932
301110.SZ,20260806,38.11,39.18,37.34,38.01,45717.93,174789.49319
301111.SZ,20260806,18.94,19.82,18.85,19.58,49725.99,96082.30351
301112.SZ,20260806,32.02,32.18,31.33,31.77,14745.04,46891.24692
301113.SZ,20260806,15.42,15.74,15.21,15.62,14098.28,21810.09695
301115.SZ,20260806,27.0,27.66,26.0,26.98,52821.07,141861.78754
301116.SZ,20260806,8.72,8.85,8.55,8.72,50587.24,43877.8147
301117.SZ,20260806,18.29,18.93,18.16,18.6,67324.2,125173.21276
301118.SZ,20260806,20.87,22.54,20.81,21.99,53557.2,117336.7891
301119.SZ,20260806,20.76,21.3,20.65,21.05,15604.8,32755.98944
301120.SZ,20260806,15.8,15.8,15.17,15.38,168402.1,259926.89407
301121.SZ,20260806,34.13,34.9,33.44,33.87,14119.54,48275.83128
301122.SZ,20260806,31.28,31.98,30.51,31.15,45292.91,141863.19009
301123.SZ,20260806,64.0,70.28,62.98,70.12,103927.7,701285.92886
301125.SZ,20260806,13.6,13.98,13.48,13.85,31743.83,43601.77258
301126.SZ,20260806,9.3,9.38,9.12,9.33,48418.0,44820.3303
301127.SZ,20260806,14.83,15.45,14.59,14.88,323356.53,485032.7463
301128.SZ,20260806,102.9,111.0,102.8,106.88,88332.05,944506.42287
301129.SZ,20260806,21.0,21.25,20.73,21.02,12692.0,26643.866
301130.SZ,20260806,24.28,24.45,23.96,24.42,12354.22,29953.4394
301131.SZ,20260806,33.02,33.23,32.66,33.18,7321.01,24120.39466
301132.SZ,20260806,31.18,32.71,31.0,32.54,60732.75,195002.70315
301133.SZ,20260806,26.07,26.56,25.52,26.2,23784.69,61947.42658
301135.SZ,20260806,16.28,16.49,16.08,16.35,22504.71,36739.20876
301136.SZ,20260806,11.67,11.67,11.32,11.54,50902.0,58577.773
301137.SZ,20260806,37.02,37.79,36.53,36.53,113581.06,421278.87584
301138.SZ,20260806,25.93,26.33,25.63,26.15,8058.0,20968.51
301139.SZ,20260806,3.92,3.98,3.64,3.72,197765.09,74518.67912
301141.SZ,20260806,39.99,44.0,39.25,41.81,74890.32,310105.0447
301148.SZ,20260806,47.98,48.25,46.6,47.28,12919.0,61176.757
301149.SZ,20260806,7.75,7.92,7.74,7.9,71828.06,56443.57681
301150.SZ,20260806,35.87,38.1,35.86,37.45,224011.91,831218.83496
301151.SZ,20260806,16.06,17.94,16.0,17.06,88791.63,151884.46751
301152.SZ,20260806,19.92,20.07,19.26,19.68,44563.0,87586.276
301153.SZ,20260806,18.31,18.78,18.08,18.3,53156.83,97926.82758
301155.SZ,20260806,45.99,47.39,45.34,46.51,67374.2,312248.32106
301156.SZ,20260806,10.93,11.2,10.8,11.2,37035.55,40753.2133
301157.SZ,20260806,57.21,59.48,55.51,59.31,9799.6,57046.402
301158.SZ,20260806,14.8,14.86,14.49,14.79,73101.55,107311.37645
301159.SZ,20260806,32.01,33.79,32.01,32.32,66780.27,218967.87375
301160.SZ,20260806,36.57,37.77,36.5,37.34,33727.74,125574.72265
301161.SZ,20260806,26.4,26.83,25.93,26.45,44275.92,116904.69434
301162.SZ,20260806,40.8,41.9,40.47,40.76,21508.24,88461.56984
301163.SZ,20260806,22.73,23.01,22.29,22.78,11427.32,25905.35276
301165.SZ,20260806,109.49,125.45,108.6,119.18,367094.9,4276191.61606
301166.SZ,20260806,26.34,26.68,26.2,26.51,9863.0,26082.482
301167.SZ,20260806,13.32,13.56,13.26,13.48,16412.67,22031.10592
301168.SZ,20260806,42.09,43.0,41.9,42.75,14492.91,61517.54752
301169.SZ,20260806,54.45,56.18,53.18,55.57,32679.18,178837.0273
301170.SZ,20260806,22.01,22.26,21.8,22.18,11070.92,24418.26404
301171.SZ,20260806,38.0,39.65,37.55,38.42,1038392.52,4003779.84117
301172.SZ,20260806,17.49,18.17,17.49,17.94,80558.74,143992.76902
301173.SZ,20260806,30.33,30.6,29.78,30.34,9263.0,28008.038
301175.SZ,20260806,5.46,5.51,5.39,5.45,168474.32,91662.18844
301176.SZ,20260806,42.64,46.1,42.25,45.11,111288.91,497512.29192
301177.SZ,20260806,23.63,23.97,23.1,23.31,17833.92,41822.79106
301178.SZ,20260806,35.9,37.69,35.27,35.79,36904.8,133700.67796
301179.SZ,20260806,19.84,20.08,19.73,19.97,35640.68,70968.06352
301180.SZ,20260806,11.46,11.57,11.28,11.54,29511.0,33786.13459
301181.SZ,20260806,22.28,22.93,21.47,22.7,34218.54,77054.64856
301182.SZ,20260806,67.81,70.27,63.63,68.5,62609.76,420046.20549
301183.SZ,20260806,158.0,168.88,157.01,164.3,47854.12,781163.63008
301185.SZ,20260806,16.71,16.97,16.55,16.87,25027.06,41913.6849
301186.SZ,20260806,35.12,35.53,34.2,35.51,14275.58,50097.35262
301187.SZ,20260806,15.89,16.02,15.64,15.88,19444.4,30733.912
301188.SZ,20260806,36.75,39.12,36.57,38.41,177533.68,675653.34676
301189.SZ,20260806,45.38,48.15,45.35,47.57,45679.0,215234.72066
301190.SZ,20260806,18.0,18.4,17.81,18.15,69032.53,124466.34387
301191.SZ,20260806,88.01,95.41,88.0,93.86,72697.62,671238.19842
301192.SZ,20260806,18.75,19.38,18.75,19.19,11665.0,22252.30744
301193.SZ,20260806,17.6,17.81,17.34,17.68,42095.68,73968.34831
301195.SZ,20260806,26.35,26.9,26.1,26.57,13557.79,35996.19503
301196.SZ,20260806,75.3,81.69,74.1,79.38,93927.68,739255.23936
301197.SZ,20260806,25.29,26.5,25.29,26.06,47419.0,123036.051
301198.SZ,20260806,11.77,12.16,11.52,11.86,36600.57,42973.47386
301199.SZ,20260806,18.32,18.62,18.11,18.28,19342.2,35430.7852
301200.SZ,20260806,256.05,275.46,253.07,269.31,46395.17,1232783.5462
301201.SZ,20260806,31.7,34.1,30.98,33.24,112145.57,367365.5844
301202.SZ,20260806,33.48,34.14,32.71,33.39,13191.12,44047.45976
301203.SZ,20260806,32.89,32.89,31.96,32.32,6105.0,19815.186
301205.SZ,20260806,255.46,298.39,253.0,284.08,115783.56,3230081.65286
301206.SZ,20260806,23.65,23.65,23.16,23.45,10015.0,23395.715
301207.SZ,20260806,17.81,17.82,17.33,17.43,40203.8,70339.66299
301208.SZ,20260806,29.8,30.46,29.51,30.04,15761.6,47329.2006
301209.SZ,20260806,48.68,49.8,47.59,48.86,26055.25,126838.3936
301210.SZ,20260806,24.2,24.34,23.52,24.0,38059.39,91193.50428
301211.SZ,20260806,10.83,11.02,10.7,10.96,90592.65,98529.72369
301212.SZ,20260806,21.24,21.91,21.17,21.76,11479.0,24765.669
301213.SZ,20260806,45.22,45.62,43.96,44.76,25271.16,113085.51625
301215.SZ,20260806,5.27,5.38,5.21,5.28,182934.62,96659.51014
301216.SZ,20260806,16.74,16.92,16.46,16.73,111207.64,185460.38578
301217.SZ,20260806,94.77,101.93,93.0,99.0,499659.4,4889885.42636
301218.SZ,20260806,40.0,45.92,39.75,44.42,147975.28,646773.66578
301219.SZ,20260806,47.76,48.39,46.77,47.29,95567.76,454042.44715
301220.SZ,20260806,28.38,28.38,27.13,27.75,12499.13,34537.3845
301221.SZ,20260806,29.15,29.98,28.43,29.09,28258.56,82513.47804
301222.SZ,20260806,24.37,24.62,23.85,24.29,13670.2,33180.759
301223.SZ,20260806,16.42,16.54,16.18,16.45,8385.0,13707.39
301225.SZ,20260806,54.53,55.73,53.1,54.9,34408.36,187604.80368
301226.SZ,20260806,28.78,30.06,28.58,29.55,22016.42,64872.3768
301227.SZ,20260806,23.09,25.3,23.09,25.12,59361.25,144503.21887
301228.SZ,20260806,61.05,67.88,60.01,66.77,42151.12,275085.34432
301229.SZ,20260806,11.97,12.15,11.83,11.99,29842.88,35764.91492
301230.SZ,20260806,27.38,27.93,26.78,27.02,107631.33,292735.57048
301231.SZ,20260806,27.6,29.13,27.0,27.95,66728.21,187670.38903
301232.SZ,20260806,109.0,113.9,107.8,113.9,42819.34,479436.34349
301233.SZ,20260806,31.97,32.76,31.61,32.62,6633.0,21496.7528
301234.SZ,20260806,71.0,75.55,67.15,69.68,59951.1,425494.85967
301235.SZ,20260806,40.28,41.28,39.28,40.7,63645.28,257368.75465
301236.SZ,20260806,41.8,43.18,41.43,42.18,458886.31,1933575.5852
301237.SZ,20260806,50.38,54.49,50.38,53.9,25695.39,135621.47001
301238.SZ,20260806,16.68,16.72,16.4,16.58,97292.54,161082.32698
301239.SZ,20260806,32.29,32.46,31.48,32.02,17882.15,57136.48207
301246.SZ,20260806,19.98,20.4,19.8,20.36,94490.98,189650.83812
301248.SZ,20260806,60.75,63.9,60.65,62.33,74596.97,463683.39435
301251.SZ,20260806,32.53,39.83,32.15,39.83,134253.6,498119.23693
301252.SZ,20260806,30.4,31.35,30.26,30.81,23653.0,73053.57061
301255.SZ,20260806,20.47,20.77,20.15,20.51,11756.98,24106.54747
301256.SZ,20260806,10.1,10.47,10.07,10.47,64524.67,66567.71322
301257.SZ,20260806,42.2,42.49,40.72,41.17,40596.28,168380.37125
301258.SZ,20260806,24.73,25.13,24.52,25.1,12317.01,30618.79729
301259.SZ,20260806,23.61,24.18,23.41,23.9,48321.94,114797.5646
301260.SZ,20260806,14.02,14.16,13.77,13.94,22377.2,31196.51346
301261.SZ,20260806,56.99,59.18,56.68,57.4,22464.34,129804.85386
301262.SZ,20260806,20.65,20.74,20.06,20.2,87184.27,177251.50004
301263.SZ,20260806,20.12,20.52,20.01,20.13,38539.15,77597.82615
301265.SZ,20260806,19.26,19.59,18.53,19.34,65287.0,124955.936
301266.SZ,20260806,21.11,21.29,20.65,21.09,26208.99,54989.17974
301267.SZ,20260806,16.41,16.41,15.85,15.95,42657.9,68461.1747
301268.SZ,20260806,13.33,13.38,13.06,13.26,43641.48,57763.65741
301269.SZ,20260806,91.34,94.86,91.05,94.4,94208.88,874190.44955
301270.SZ,20260806,33.0,33.68,32.52,33.16,91938.68,304374.36654
301272.SZ,20260806,32.84,33.22,32.61,33.17,6952.7,22900.3276
301273.SZ,20260806,35.28,37.12,34.01,37.1,43242.36,154299.07441
301275.SZ,20260806,45.16,45.57,44.3,44.54,69964.94,313470.50574
301276.SZ,20260806,19.8,20.01,19.4,19.96,14550.4,28724.9536
301277.SZ,20260806,10.44,10.47,10.15,10.24,59377.06,60872.90848
301278.SZ,20260806,27.32,27.47,26.74,27.33,14179.0,38461.72
301279.SZ,20260806,18.0,18.33,17.82,18.32,17167.09,31163.78405
301280.SZ,20260806,39.27,40.12,38.8,39.73,13925.76,55017.55602
301281.SZ,20260806,36.51,39.13,36.51,38.2,23964.51,90672.29015
301282.SZ,20260806,22.74,23.49,22.3,23.12,79584.78,182804.49181
301283.SZ,20260806,25.61,25.74,25.18,25.48,8748.45,22306.0544
301285.SZ,20260806,69.69,72.28,67.8,70.72,24233.0,170345.683
301286.SZ,20260806,39.31,40.88,38.81,40.67,18289.0,73376.877
301287.SZ,20260806,33.8,34.5,33.37,34.14,6718.0,22822.632
301288.SZ,20260806,16.49,16.56,16.02,16.45,13193.0,21488.466
301289.SZ,20260806,43.73,44.14,43.07,43.86,4793.28,20978.18296
301290.SZ,20260806,26.68,27.49,26.66,27.18,11351.0,30829.355
301291.SZ,20260806,40.23,41.78,39.36,41.26,103654.7,419609.36678
301292.SZ,20260806,69.0,72.45,68.51,70.39,168979.11,1193145.86287
301293.SZ,20260806,56.0,56.63,54.7,55.11,128708.55,715549.54545
301295.SZ,20260806,43.62,44.28,42.07,43.62,21564.56,93186.23807
301296.SZ,20260806,6.32,6.32,6.19,6.28,32301.0,20251.412
301297.SZ,20260806,33.06,34.31,32.56,33.77,191259.84,642403.66181
301298.SZ,20260806,12.11,12.33,12.0,12.24,14535.2,17695.2956
301299.SZ,20260806,44.44,45.56,43.95,44.77,11386.9,50899.472
301300.SZ,20260806,30.4,30.78,30.0,30.58,6429.48,19534.4018
301301.SZ,20260806,8.8,8.8,8.68,8.76,111330.72,97214.81444
301302.SZ,20260806,23.64,24.7,23.61,24.21,96986.28,234800.5116
301303.SZ,20260806,13.65,13.73,13.32,13.39,52522.72,70636.21303
301305.SZ,20260806,22.5,22.98,22.3,22.66,50009.92,113333.65814
301306.SZ,20260806,90.18,94.55,89.6,93.15,38186.5,354060.37262
301307.SZ,20260806,48.52,51.64,47.76,51.05,90571.41,452159.71466
301308.SZ,20260806,346.16,372.99,344.51,366.33,199247.68,7143117.25877
301309.SZ,20260806,29.76,30.87,29.76,30.78,8141.0,24704.004
301310.SZ,20260806,54.79,59.71,54.01,59.71,95494.3,548107.44972
301311.SZ,20260806,13.64,14.12,13.64,13.85,53704.95,74604.14765
301312.SZ,20260806,61.52,67.1,60.65,64.99,88520.88,570273.04299
301313.SZ,20260806,36.43,38.14,36.11,36.85,120973.55,450901.48292
301314.SZ,20260806,39.88,40.4,39.2,40.35,6828.6,27301.8938
301315.SZ,20260806,38.31,39.76,38.02,38.75,16886.97,65539.56551
301316.SZ,20260806,39.14,40.1,38.41,39.31,109359.21,429610.50657
301317.SZ,20260806,43.64,44.94,43.0,44.11,29073.99,127921.01739
301318.SZ,20260806,20.83,20.98,20.5,20.85,12215.0,25380.212
301319.SZ,20260806,91.34,109.24,91.34,108.3,216370.82,2146099.12433
301320.SZ,20260806,12.53,12.71,12.43,12.67,18570.0,23408.524
301321.SZ,20260806,34.83,35.82,33.0,35.15,56766.0,197994.89945
301322.SZ,20260806,35.64,36.78,35.01,36.22,37344.09,133867.71514
301323.SZ,20260806,73.61,77.5,72.61,76.3,24069.85,181744.79532
301325.SZ,20260806,31.8,32.16,31.02,31.51,16315.99,51536.29917
301326.SZ,20260806,87.74,94.09,85.65,91.93,25304.07,228961.14744
301327.SZ,20260806,46.16,46.16,44.91,45.2,13259.06,60088.28602
301328.SZ,20260806,47.68,52.81,47.13,52.46,38711.84,194152.48325
301329.SZ,20260806,19.28,19.68,19.16,19.56,30700.9,59650.60449
301330.SZ,20260806,24.68,25.19,24.16,24.51,27282.0,67258.2148
301331.SZ,20260806,20.87,20.97,20.61,20.89,11727.4,24423.2398
301332.SZ,20260806,8.28,8.38,8.12,8.24,37033.93,30591.61283
301333.SZ,20260806,50.97,51.8,50.18,50.5,18857.58,95763.8911
301335.SZ,20260806,21.3,21.43,20.92,21.12,11323.0,23976.452
301336.SZ,20260806,39.32,39.95,39.0,39.62,6121.9,24154.3582
301337.SZ,20260806,25.39,26.27,24.81,24.96,18179.0,46191.137
301338.SZ,20260806,88.86,95.5,88.07,95.14,78546.37,730931.90601
301339.SZ,20260806,11.37,11.64,11.29,11.37,56569.68,64582.66033
301345.SZ,20260806,244.15,254.2,229.11,252.67,24986.0,599298.19812
301348.SZ,20260806,19.3,20.12,19.21,19.86,132975.39,262146.34468
301349.SZ,20260806,41.29,42.68,40.88,42.2,44976.0,188550.79195
301353.SZ,20260806,17.45,18.12,17.15,18.05,19977.36,35523.60479
301355.SZ,20260806,9.68,9.84,9.61,9.8,31754.0,30935.192
301356.SZ,20260806,18.5,19.73,18.49,19.28,27185.94,52119.57278
301357.SZ,20260806,95.93,95.99,90.38,92.3,49818.99,459472.392
301358.SZ,20260806,65.39,66.08,64.0,65.15,157193.46,1021493.05838
301359.SZ,20260806,15.85,16.13,15.78,16.11,13027.76,20822.1166
301360.SZ,20260806,49.33,51.23,49.03,50.35,25321.1,127336.8886
301361.SZ,20260806,29.38,29.56,28.72,29.2,18864.0,54912.509
301362.SZ,20260806,122.81,138.0,121.65,133.01,65106.44,853424.66926
301363.SZ,20260806,16.78,17.15,16.63,16.82,105035.4,177237.91158
301365.SZ,20260806,36.45,38.84,36.45,38.53,40928.96,156401.25334
301366.SZ,20260806,44.4,46.46,43.87,44.44,133133.0,597847.38906
301367.SZ,20260806,45.2,47.84,44.52,47.66,38124.13,175033.36745
301368.SZ,20260806,43.53,44.21,42.71,43.2,23849.65,103464.6367
301369.SZ,20260806,128.0,137.32,125.63,135.24,27165.23,359903.65769
301370.SZ,20260806,8.72,8.75,8.55,8.68,57974.0,50203.727
301371.SZ,20260806,25.72,25.72,24.95,25.42,24458.25,61752.627
301372.SZ,20260806,29.7,29.9,29.16,29.77,9195.0,27202.728
301373.SZ,20260806,83.88,90.62,82.6,89.5,60984.31,535005.74514
301376.SZ,20260806,20.25,20.49,19.8,20.34,42715.99,86186.9408
301377.SZ,20260806,411.01,448.0,401.88,428.0,64298.69,2741010.41734
301378.SZ,20260806,26.21,26.85,25.78,26.12,46271.31,121620.52272
301379.SZ,20260806,20.78,22.34,20.7,21.92,223848.23,485681.47412
301380.SZ,20260806,32.11,32.48,30.91,31.49,53815.43,170348.37402
301381.SZ,20260806,23.8,23.98,23.19,23.39,55129.98,129622.27896
301382.SZ,20260806,40.0,42.49,39.0,41.01,303295.4,1232921.22409
301383.SZ,20260806,21.67,21.95,21.33,21.74,14254.17,30875.60879
301386.SZ,20260806,20.09,20.09,19.58,19.96,9864.0,19556.028
301387.SZ,20260806,52.14,54.93,51.91,53.91,24818.98,132904.58924
301388.SZ,20260806,23.77,23.82,23.21,23.66,10917.0,25672.726
301389.SZ,20260806,48.26,50.49,47.51,49.48,81455.53,400771.00723
301390.SZ,20260806,29.79,30.22,29.22,29.97,8869.0,26343.356
301391.SZ,20260806,48.8,50.52,48.79,49.94,12443.29,62020.83682
301392.SZ,20260806,148.15,161.34,146.88,157.37,75227.49,1167369.55881
301393.SZ,20260806,58.44,59.9,57.07,58.21,26799.95,156308.96275
301395.SZ,20260806,11.96,12.15,11.76,12.12,43320.4,51670.25
301396.SZ,20260806,197.84,203.8,193.99,199.6,266944.26,5302163.04066
301397.SZ,20260806,25.5,26.75,25.3,26.55,67028.43,176287.20916
301398.SZ,20260806,35.2,35.2,33.44,34.35,29478.63,101143.1118
301399.SZ,20260806,15.74,15.88,15.52,15.85,16564.34,26039.14006
301408.SZ,20260806,14.98,15.96,14.6,15.13,329044.77,500044.30062
301413.SZ,20260806,66.57,69.94,65.5,66.48,67154.88,454610.33606
301418.SZ,20260806,35.99,37.59,35.45,37.4,23795.0,87209.495
301419.SZ,20260806,29.98,31.38,29.29,31.03,47082.76,144427.30077
301421.SZ,20260806,70.95,75.5,70.81,75.07,87400.0,644116.59495
301428.SZ,20260806,29.28,30.22,29.02,29.47,29063.62,86126.68755
301429.SZ,20260806,16.43,16.58,16.26,16.55,15050.0,24737.69
301439.SZ,20260806,15.21,15.21,14.89,15.1,74852.56,112794.43401
301446.SZ,20260806,35.6,36.6,35.16,36.56,6210.9,22271.3507
301448.SZ,20260806,43.0,44.07,41.44,42.28,19075.77,80960.67906
301449.SZ,20260806,38.79,39.4,37.82,38.3,24982.27,95993.2642
301456.SZ,20260806,23.0,23.32,22.73,23.05,13336.0,30672.98
301458.SZ,20260806,36.79,37.7,35.81,37.02,78568.32,289289.92841
301459.SZ,20260806,35.09,35.6,34.86,35.4,11048.5,38982.9975
301468.SZ,20260806,32.82,34.25,32.5,33.9,59301.26,199595.62839
301469.SZ,20260806,26.66,27.01,26.54,26.97,9925.0,26630.5
301479.SZ,20260806,47.98,49.13,47.58,48.26,16598.2,80144.71926
301486.SZ,20260806,139.99,147.11,138.5,145.8,58786.77,846018.62174
301487.SZ,20260806,16.23,16.37,15.93,16.16,109301.35,176870.76738
301488.SZ,20260806,108.51,112.41,107.5,109.73,35986.97,394979.65535
301489.SZ,20260806,95.0,99.92,93.0,98.05,58033.86,563145.25619
301491.SZ,20260806,39.34,40.76,39.1,39.8,11740.71,47014.97485
301498.SZ,20260806,43.29,43.49,41.61,42.18,82957.37,351247.97078
301499.SZ,20260806,24.26,24.53,23.8,24.31,18894.8,45707.5242
301500.SZ,20260806,23.91,24.38,23.04,23.32,161970.9,381611.47864
301501.SZ,20260806,28.6,28.7,27.83,28.02,18204.89,51408.81014
301502.SZ,20260806,50.26,51.82,49.15,51.82,7757.89,39401.1371
301503.SZ,20260806,21.41,21.7,21.2,21.6,8011.5,17242.2711
301505.SZ,20260806,15.97,16.26,15.83,16.07,23100.0,37078.103
301507.SZ,20260806,12.18,12.22,12.07,12.2,29600.07,35961.71273
301508.SZ,20260806,24.22,25.47,24.22,24.59,33542.0,82833.065
301509.SZ,20260806,29.64,29.7,28.2,28.51,36040.8,103445.8272
301510.SZ,20260806,26.68,27.05,26.27,26.56,73300.93,195345.48454
301511.SZ,20260806,75.24,80.23,73.18,78.22,390178.86,3020178.62613
301512.SZ,20260806,29.47,30.27,29.25,29.87,10994.4,32815.7304
301513.SZ,20260806,49.99,50.27,48.76,49.51,11910.58,58995.91819
301515.SZ,20260806,18.0,18.35,17.89,18.2,12873.0,23342.93
301516.SZ,20260806,15.73,15.9,15.4,15.81,49436.05,77535.1332
301517.SZ,20260806,39.08,40.55,38.91,40.08,29644.37,118455.36643
301518.SZ,20260806,25.1,25.34,24.64,25.01,16146.2,40256.64595
301519.SZ,20260806,11.46,11.64,11.25,11.51,26495.94,30272.51726
301520.SZ,20260806,51.0,54.18,47.51,50.2,149743.8,757040.41733
301522.SZ,20260806,23.61,23.63,22.95,23.11,45755.77,106394.81969
301525.SZ,20260806,40.8,41.76,40.1,40.58,11428.6,46791.641
301526.SZ,20260806,32.89,36.39,32.89,35.2,2465041.66,8583294.46345
301528.SZ,20260806,47.43,50.65,47.32,50.52,18513.05,90943.5482
301529.SZ,20260806,78.32,82.0,78.3,79.7,22179.52,177174.27053
301531.SZ,20260806,51.35,53.5,50.38,51.15,43095.1,221895.46774
301533.SZ,20260806,25.45,26.02,24.93,25.96,13945.76,35362.37164
301535.SZ,20260806,16.65,16.92,15.36,15.59,88582.72,141687.80344
301536.SZ,20260806,111.0,122.2,110.5,119.0,202621.88,2387108.53873
301538.SZ,20260806,39.31,39.9,38.66,39.49,19967.74,78519.46208
301539.SZ,20260806,14.27,14.27,13.94,14.2,15356.56,21689.4624
301548.SZ,20260806,63.95,64.94,63.08,64.72,17494.31,111996.7938
301550.SZ,20260806,72.48,75.3,71.53,73.77,59728.43,441215.74604
301551.SZ,20260806,21.35,21.59,20.79,21.03,59749.81,126176.32328
301552.SZ,20260806,23.39,23.58,22.92,23.13,19283.61,44837.39264
301555.SZ,20260806,30.43,30.99,30.12,30.75,17752.0,54277.742
301556.SZ,20260806,60.17,63.66,59.0,62.85,38155.41,234302.47082
301557.SZ,20260806,77.52,80.5,75.8,77.64,9379.11,73268.48872
301558.SZ,20260806,6.7,6.76,6.55,6.63,61753.0,41018.722
301559.SZ,20260806,13.59,13.7,13.23,13.37,33811.02,45327.1393
301560.SZ,20260806,23.21,23.61,22.78,23.31,18682.0,43426.20505
301563.SZ,20260806,122.5,127.66,121.93,125.3,20628.5,257738.32314
301565.SZ,20260806,19.58,20.12,19.55,19.88,93247.89,185001.53266
301566.SZ,20260806,23.41,24.7,23.06,24.22,288646.7,694184.66899
301567.SZ,20260806,32.1,33.94,32.1,33.77,12428.5,41721.1585
301568.SZ,20260806,63.0,67.21,61.72,65.66,44052.96,285717.74844
301571.SZ,20260806,57.99,61.13,57.2,60.17,52868.94,312960.17207
301575.SZ,20260806,27.07,27.34,26.76,27.32,7380.22,19962.1783
301577.SZ,20260806,52.51,53.7,51.8,53.33,14492.81,76459.02568
301578.SZ,20260806,21.88,23.2,21.6,23.12,40303.3,91842.08213
301580.SZ,20260806,52.08,54.0,51.31,53.3,76238.97,403877.41003
301581.SZ,20260806,35.65,36.29,35.2,35.86,6009.5,21489.423
301583.SZ,20260806,150.0,155.7,147.0,150.39,114517.27,1732054.40876
301584.SZ,20260806,22.05,24.0,21.75,23.95,126722.76,292386.75497
301585.SZ,20260806,25.77,25.88,25.29,25.64,6426.43,16448.09888
301586.SZ,20260806,31.37,31.76,30.97,31.41,8051.0,25289.068
301587.SZ,20260806,21.38,21.38,20.81,21.22,30858.97,65194.90193
301588.SZ,20260806,30.71,31.79,29.33,30.48,71503.63,218284.49336
301589.SZ,20260806,144.43,150.22,143.48,146.36,9073.27,133608.98096
301590.SZ,20260806,74.93,76.39,73.5,76.0,9216.4,68996.24596
301591.SZ,20260806,28.64,29.66,28.39,29.43,45464.91,132505.88791
301592.SZ,20260806,100.12,105.9,99.38,104.0,12521.47,129448.80943
301595.SZ,20260806,40.65,41.66,39.71,40.28,8815.44,35682.9412
301596.SZ,20260806,49.09,50.14,48.87,49.5,32882.07,162721.1947
301598.SZ,20260806,48.0,48.75,47.31,48.05,5125.0,24573.615
301599.SZ,20260806,34.92,35.98,34.86,35.18,38267.35,135444.348
301600.SZ,20260806,91.8,93.29,90.04,90.9,9569.15,87391.36661
301601.SZ,20260806,15.71,15.96,15.57,15.86,19597.0,30879.227
301602.SZ,20260806,15.1,15.17,14.8,14.94,26657.34,39917.78717
301603.SZ,20260806,119.34,123.98,117.11,121.59,20523.66,247952.68153
301606.SZ,20260806,53.28,54.22,52.57,53.5,30090.35,160711.36533
301607.SZ,20260806,36.01,38.19,35.77,37.17,109680.91,406770.97959
301608.SZ,20260806,48.86,49.0,46.25,46.72,15536.08,73305.64425
301609.SZ,20260806,37.02,37.02,35.35,35.97,48533.39,174175.14326
301611.SZ,20260806,91.5,98.5,90.1,95.57,136821.4,1298209.26337
301613.SZ,20260806,39.19,39.3,37.88,38.33,12018.64,46234.4
301616.SZ,20260806,34.75,35.08,34.14,34.8,5541.2,19221.44642
301617.SZ,20260806,48.1,49.16,47.05,47.7,17185.7,82641.5633
301618.SZ,20260806,33.11,33.78,32.94,33.39,11930.28,39765.11444
301622.SZ,20260806,42.97,43.57,42.27,42.61,15444.3,66257.65627
301626.SZ,20260806,228.79,233.99,223.46,230.44,16223.43,371848.12984
301628.SZ,20260806,78.88,81.58,78.66,80.7,18889.4,151444.66214
301629.SZ,20260806,235.0,249.85,234.32,247.01,13850.53,337824.93781
301630.SZ,20260806,160.99,169.87,159.6,166.2,14727.82,243273.21938
301631.SZ,20260806,61.0,61.58,59.9,60.9,21485.21,130338.32563
301632.SZ,20260806,15.45,15.72,15.26,15.37,36110.57,55850.21983
301633.SZ,20260806,57.6,59.73,56.88,58.44,12157.76,70873.55326
301636.SZ,20260806,39.91,41.29,39.5,41.22,15037.71,60694.33975
301638.SZ,20260806,24.16,24.39,23.6,23.84,194845.66,466677.06023
301656.SZ,20260806,17.07,17.26,16.88,16.95,52463.05,89523.86221
301658.SZ,20260806,24.99,25.04,24.29,24.61,37847.4,93248.59112
301662.SZ,20260806,71.0,72.05,69.31,70.24,26261.39,185257.23652
301665.SZ,20260806,22.54,22.71,22.36,22.53,23028.84,51776.12733
301666.SZ,20260806,418.99,445.88,415.0,439.2,28591.78,1239612.20074
301667.SZ,20260806,69.9,71.88,68.38,68.74,53536.39,375360.55278
301668.SZ,20260806,37.69,37.87,36.51,36.88,33725.88,124758.73024
301669.SZ,20260806,30.32,30.94,29.71,30.31,95731.55,290891.04683
301677.SZ,20260806,67.05,67.09,63.88,64.17,100272.38,656230.01952
301678.SZ,20260806,44.32,45.35,43.92,44.99,37169.94,166018.70101
301680.SZ,20260806,94.05,94.05,91.52,92.54,8441.67,78525.68349
301682.SZ,20260806,127.6,130.49,126.18,128.23,24603.35,315132.89154
301683.SZ,20260806,101.5,103.95,101.2,102.5,7136.14,73172.71841
301687.SZ,20260806,49.34,51.46,48.86,50.5,59256.59,298046.26239
301696.SZ,20260806,104.09,107.49,103.4,104.8,33368.74,352649.77476
302132.SZ,20260806,57.97,58.34,57.11,57.85,51163.24,295371.78459
600000.SH,20260806,9.28,9.35,9.16,9.29,672329.05,621683.353
600004.SH,20260806,7.7,7.74,7.61,7.66,82503.45,63224.589
600006.SH,20260806,5.58,5.58,5.42,5.46,157739.0,86445.898
600007.SH,20260806,18.45,18.5,18.22,18.41,20621.98,37816.553
600008.SH,20260806,2.88,2.89,2.84,2.86,752477.18,215088.508
600009.SH,20260806,24.12,24.16,23.81,23.93,107545.86,257328.236
600010.SH,20260806,2.26,2.3,2.23,2.25,5569901.43,1261961.239
600011.SH,20260806,7.09,7.12,6.97,7.01,1358442.99,953626.965
600012.SH,20260806,16.22,16.31,15.81,16.04,94121.28,150424.512
600015.SH,20260806,6.8,6.84,6.71,6.81,641967.26,434802.835
600016.SH,20260806,3.52,3.53,3.47,3.52,2837272.68,993425.027
600017.SH,20260806,2.74,2.75,2.68,2.72,344555.01,93347.076
600018.SH,20260806,5.17,5.24,5.14,5.2,509411.98,263891.929
600019.SH,20260806,5.87,5.89,5.76,5.85,952819.11,554116.481
600020.SH,20260806,3.84,3.85,3.78,3.82,130733.91,49842.498
600021.SH,20260806,14.89,14.9,14.56,14.77,417418.61,614156.458
600022.SH,20260806,1.38,1.39,1.35,1.37,1051544.53,143636.539
600023.SH,20260806,4.92,4.96,4.91,4.96,346850.52,171111.475
600025.SH,20260806,9.79,9.8,9.65,9.75,212432.78,206511.136
600026.SH,20260806,17.61,17.89,17.13,17.46,622527.59,1079105.54
600027.SH,20260806,4.71,4.72,4.63,4.69,734281.32,342801.031
600028.SH,20260806,4.99,5.09,4.99,5.08,2719991.3,1370437.711
600029.SH,20260806,5.22,5.27,5.15,5.18,724443.65,375924.885
600030.SH,20260806,28.06,28.15,27.82,27.92,1055684.99,2949256.586
600031.SH,20260806,19.65,19.87,19.4,19.76,646566.34,1273929.35
600032.SH,20260806,7.41,7.41,7.24,7.36,258850.9,189049.042
600033.SH,20260806,3.59,3.61,3.54,3.59,259468.16,92803.554
600035.SH,20260806,3.49,3.5,3.42,3.47,166987.0,57650.903
600036.SH,20260806,39.0,39.15,38.47,38.97,853754.64,3312252.529
600037.SH,20260806,7.11,7.19,7.0,7.07,182908.55,129716.592
600038.SH,20260806,26.66,26.76,26.17,26.43,64484.4,170248.32
600039.SH,20260806,8.61,8.64,8.39,8.54,207031.92,175521.761
600048.SH,20260806,5.12,5.3,5.08,5.27,1930057.34,1000004.3
600050.SH,20260806,4.38,4.43,4.35,4.38,1623001.17,711410.488
600051.SH,20260806,6.0,6.08,5.96,6.07,40355.5,24301.443
600052.SH,20260806,3.8,3.88,3.76,3.81,97111.0,36988.844
600053.SH,20260806,7.43,7.53,7.37,7.47,11314.0,8416.301
600054.SH,20260806,11.2,11.3,11.11,11.15,57886.54,64696.478
600055.SH,20260806,11.8,11.81,11.41,11.51,67540.64,77998.413
600056.SH,20260806,9.32,9.33,9.1,9.2,202520.4,186171.548
600057.SH,20260806,6.45,6.46,6.25,6.35,201343.7,127637.779
600058.SH,20260806,10.17,10.87,10.11,10.45,187478.94,197467.75
600059.SH,20260806,8.16,8.16,8.01,8.04,64585.21,52086.571
600060.SH,20260806,27.1,27.16,26.38,26.4,185667.92,495291.958
600061.SH,20260806,6.53,6.53,6.38,6.42,344229.8,221743.212
600062.SH,20260806,16.19,16.22,15.89,16.0,89712.49,143664.588
600063.SH,20260806,5.9,6.01,5.86,5.94,454519.5,269672.24
600064.SH,20260806,7.78,7.8,7.65,7.71,199078.23,153710.406
600066.SH,20260806,32.11,32.41,31.66,32.33,119042.06,381160.569
600067.SH,20260806,2.76,2.78,2.7,2.77,172162.1,47124.433
600071.SH,20260806,15.65,15.78,15.41,15.74,22853.01,35759.989
600072.SH,20260806,9.05,9.12,8.85,8.94,204001.62,182878.886
600073.SH,20260806,5.14,5.17,5.05,5.13,80034.97,40854.866
600075.SH,20260806,4.59,4.61,4.48,4.59,198365.33,90237.018
600076.SH,20260806,3.04,3.09,3.0,3.06,235419.97,71737.14
600078.SH,20260806,10.71,11.07,10.62,10.82,330799.62,358406.758
600079.SH,20260806,17.61,17.84,17.58,17.81,84594.79,149860.751
600080.SH,20260806,4.9,4.93,4.86,4.89,14218.0,6943.888
600081.SH,20260806,9.89,10.03,9.75,9.87,23183.06,22889.775
600082.SH,20260806,2.86,2.93,2.85,2.91,58468.49,16894.098
600084.SH,20260806,4.29,4.49,4.28,4.38,46362.0,20320.445
600085.SH,20260806,25.11,25.15,24.43,24.83,142175.37,351082.046
600088.SH,20260806,11.91,12.07,11.63,11.79,41930.0,49543.844
600089.SH,20260806,21.65,21.68,21.11,21.18,1064987.53,2268157.73
600094.SH,20260806,4.57,4.69,4.49,4.66,325005.57,149325.119
600095.SH,20260806,8.4,8.43,8.17,8.22,293336.82,242261.443
600096.SH,20260806,30.1,30.36,29.7,30.02,248418.42,746358.109
600097.SH,20260806,8.21,8.34,8.14,8.34,30519.0,25145.163
600098.SH,20260806,6.35,6.35,6.22,6.28,242572.27,152116.214
600099.SH,20260806,8.52,8.62,8.4,8.61,29788.0,25383.509
600100.SH,20260806,7.17,7.24,7.1,7.15,259886.98,186338.69
600101.SH,20260806,8.27,8.32,8.14,8.23,167329.46,137319.666
600103.SH,20260806,3.05,3.07,2.94,2.99,1300145.71,389344.773
600104.SH,20260806,10.9,10.93,10.66,10.77,582478.12,627418.879
600105.SH,20260806,35.6,38.54,35.39,38.38,1973975.03,7310919.836
600106.SH,20260806,4.56,4.56,4.44,4.53,118571.0,53326.917
600107.SH,20260806,5.19,5.22,5.11,5.16,10452.41,5389.619
600108.SH,20260806,3.16,3.22,3.1,3.19,1158894.1,367390.904
600109.SH,20260806,8.76,8.79,8.65,8.7,206686.3,180108.096
600110.SH,20260806,9.21,9.69,9.15,9.51,1428544.72,1350872.161
600111.SH,20260806,42.14,43.2,41.5,41.91,1056869.96,4468914.7
600113.SH,20260806,31.11,31.69,30.45,30.67,65901.64,203536.471
600114.SH,20260806,28.6,29.13,28.27,28.61,186956.18,535763.718
600115.SH,20260806,3.75,3.82,3.71,3.74,1219333.75,456819.628
600116.SH,20260806,6.56,6.56,6.42,6.5,206163.43,133639.02
600117.SH,20260806,2.29,2.31,2.26,2.31,176402.87,40319.43
600118.SH,20260806,62.5,66.4,62.4,65.33,471162.12,3059145.675
600119.SH,20260806,4.49,4.54,4.43,4.53,21573.0,9676.047
600120.SH,20260806,5.18,5.22,5.08,5.12,416243.97,213824.447
600121.SH,20260806,3.92,4.3,3.9,4.26,1626767.32,665725.971
600123.SH,20260806,6.89,7.11,6.86,6.99,394874.62,275619.432
600125.SH,20260806,5.52,5.53,5.45,5.51,75073.0,41205.356
600126.SH,20260806,6.56,6.98,6.53,6.6,1181436.46,791062.949
600127.SH,20260806,5.59,6.17,5.52,6.17,475038.09,283422.997
600128.SH,20260806,8.01,8.11,7.93,8.1,33767.0,27093.529
600129.SH,20260806,15.75,15.75,15.16,15.25,264032.18,405304.677
600130.SH,20260806,4.3,4.39,4.2,4.29,666870.13,286260.163
600131.SH,20260806,16.1,16.15,15.78,15.85,84156.0,133962.659
600132.SH,20260806,44.84,44.95,43.75,43.97,47899.85,211021.038
600133.SH,20260806,8.31,8.52,8.23,8.4,227992.71,191391.95
600135.SH,20260806,7.3,7.43,7.21,7.39,59685.08,43746.232
600136.SH,20260806,1.43,1.46,1.42,1.45,114978.0,16613.845
600137.SH,20260806,17.44,17.71,17.25,17.56,11969.5,20908.931
600138.SH,20260806,7.11,7.15,7.0,7.07,78577.21,55501.962
600141.SH,20260806,31.5,32.58,31.35,32.0,451972.27,1447692.895
600143.SH,20260806,16.0,16.33,15.76,16.15,689127.83,1110329.482
600148.SH,20260806,15.1,15.22,14.86,15.15,15169.44,22840.786
600149.SH,20260806,4.78,4.84,4.72,4.82,88670.0,42380.481
600150.SH,20260806,34.9,35.12,34.54,34.9,678005.44,2359365.26
600151.SH,20260806,10.27,11.26,10.22,11.0,612588.24,659315.374
600152.SH,20260806,8.0,8.1,7.87,8.07,171162.01,136990.181
600153.SH,20260806,8.79,8.83,8.55,8.71,268867.46,233072.736
600155.SH,20260806,6.01,6.01,5.9,5.93,228235.89,135788.766
600156.SH,20260806,8.12,8.84,8.12,8.84,107047.85,93794.992
600157.SH,20260806,1.59,1.62,1.56,1.61,7058567.53,1119285.664
600158.SH,20260806,7.16,7.22,6.99,7.08,352286.07,249401.229
600159.SH,20260806,2.4,2.48,2.38,2.48,217668.5,53013.653
600160.SH,20260806,42.71,43.99,42.35,43.84,403920.7,1749639.508
600161.SH,20260806,12.53,12.55,12.15,12.25,185427.52,227973.05
600162.SH,20260806,3.34,3.67,3.25,3.51,2429807.02,840898.514
600163.SH,20260806,5.28,5.3,5.18,5.26,225199.01,117874.532
600165.SH,20260806,2.41,2.49,2.38,2.47,73943.5,17992.997
600166.SH,20260806,3.11,3.11,3.0,3.04,1579321.84,479920.946
600167.SH,20260806,5.92,5.92,5.78,5.87,67279.52,39262.543
600168.SH,20260806,4.29,4.31,4.23,4.3,46761.33,19959.541
600169.SH,20260806,2.05,2.06,2.03,2.06,95724.0,19600.448
600170.SH,20260806,2.36,2.36,2.31,2.33,1367593.4,318478.082
600171.SH,20260806,23.4,23.76,23.26,23.43,164620.07,385897.677
600172.SH,20260806,11.21,11.96,11.05,11.74,2329150.47,2696940.895
600173.SH,20260806,6.27,6.43,6.24,6.34,78131.0,49439.84
600176.SH,20260806,38.5,41.97,38.17,40.78,3328705.47,13376976.141
600177.SH,20260806,7.56,7.67,7.46,7.63,373480.21,282302.888
600178.SH,20260806,9.68,9.69,9.45,9.55,60648.0,57924.116
600179.SH,20260806,4.38,4.4,4.29,4.29,320995.0,138862.773
600180.SH,20260806,1.55,1.61,1.53,1.56,239548.4,37636.356
600182.SH,20260806,13.07,13.26,13.0,13.08,19018.0,24848.417
600183.SH,20260806,120.0,130.99,119.5,127.25,760588.2,9560626.247
600184.SH,20260806,17.52,18.09,17.5,17.89,177998.47,317073.116
600185.SH,20260806,4.83,4.86,4.7,4.74,202237.06,96456.953
600186.SH,20260806,9.48,9.83,9.4,9.68,2419217.41,2329596.953
600187.SH,20260806,1.39,1.44,1.38,1.41,376969.0,53061.728
600188.SH,20260806,19.33,21.27,19.24,21.27,930268.62,1904392.321
600189.SH,20260806,7.36,7.36,7.23,7.34,99902.9,72773.415
600191.SH,20260806,10.96,11.19,10.65,11.18,139093.0,152017.435
600192.SH,20260806,7.54,7.58,7.28,7.34,266983.53,197518.091
600195.SH,20260806,6.5,6.55,6.44,6.54,43138.5,28017.089
600196.SH,20260806,22.96,23.07,22.69,22.76,183175.35,418194.338
600197.SH,20260806,10.4,10.44,10.3,10.38,66238.61,68624.463
600198.SH,20260806,7.19,7.34,7.17,7.28,207141.5,150404.895
600199.SH,20260806,7.93,8.59,7.76,8.13,722224.69,580840.808
600201.SH,20260806,13.25,13.55,13.05,13.09,169742.12,224867.085
600202.SH,20260806,4.8,4.87,4.74,4.86,76061.0,36587.086
600203.SH,20260806,10.27,10.86,10.19,10.4,331148.32,346495.261
600206.SH,20260806,40.8,43.79,40.5,43.79,1030099.92,4413325.53
600207.SH,20260806,4.43,4.43,4.3,4.41,144420.0,63183.676
600208.SH,20260806,2.98,2.98,2.91,2.95,897575.5,264145.959
600210.SH,20260806,6.24,6.25,6.1,6.15,178520.74,109911.286
600211.SH,20260806,38.62,38.83,37.8,37.91,33198.1,126308.327
600212.SH,20260806,5.51,5.52,5.3,5.39,86146.0,46480.418
600215.SH,20260806,6.22,6.31,6.15,6.24,52130.0,32480.393
600216.SH,20260806,12.13,12.15,11.91,11.96,151701.1,182095.716
600217.SH,20260806,3.17,3.19,3.1,3.17,131674.9,41388.299
600218.SH,20260806,7.58,7.66,7.47,7.55,44869.51,33897.362
600219.SH,20260806,4.81,4.84,4.63,4.72,2225661.16,1053193.997
600221.SH,20260806,1.35,1.36,1.33,1.34,2924928.51,392688.167
600222.SH,20260806,7.44,7.63,7.4,7.63,130896.3,98941.52
600223.SH,20260806,5.53,5.54,5.42,5.49,62003.0,33935.422
600226.SH,20260806,5.69,5.9,5.59,5.85,1561770.46,904018.59
600227.SH,20260806,3.22,3.24,3.13,3.21,1118813.0,355725.661
600228.SH,20260806,7.73,7.99,7.62,7.77,442350.28,344917.273
600229.SH,20260806,5.07,5.12,5.01,5.07,34573.5,17499.639
600230.SH,20260806,14.28,14.48,13.95,14.23,164318.99,233084.311
600231.SH,20260806,1.71,1.72,1.67,1.7,132905.34,22528.734
600232.SH,20260806,6.08,6.13,5.99,6.13,46813.0,28368.419
600233.SH,20260806,18.8,18.92,18.43,18.7,255879.83,476944.972
600234.SH,20260806,19.32,20.49,18.6,19.91,39267.0,77428.966
600235.SH,20260806,5.43,5.5,5.38,5.48,37333.0,20308.611
600236.SH,20260806,11.17,11.28,10.72,10.97,292266.51,317551.478
600237.SH,20260806,8.4,8.62,8.33,8.48,396780.08,335708.282
600238.SH,20260806,4.36,4.39,4.3,4.3,54554.0,23631.454
600239.SH,20260806,1.39,1.42,1.39,1.42,118882.51,16695.489
600241.SH,20260806,7.1,7.38,7.04,7.28,73383.0,52737.444
600243.SH,20260806,3.57,3.8,3.52,3.7,109535.0,40305.529
600246.SH,20260806,11.48,12.65,11.48,12.31,1315522.07,1589920.297
600248.SH,20260806,2.9,2.91,2.84,2.88,196283.5,56499.372
600249.SH,20260806,5.09,5.14,5.01,5.11,93402.03,47433.884
600250.SH,20260806,8.44,8.54,8.32,8.45,52332.0,44041.473
600251.SH,20260806,9.38,9.68,9.33,9.61,167592.17,158996.397
600252.SH,20260806,2.23,2.23,2.15,2.2,445099.93,97177.885
600255.SH,20260806,3.3,3.36,3.27,3.35,822464.65,273225.324
600256.SH,20260806,5.39,5.65,5.38,5.59,1853439.28,1022479.027
600257.SH,20260806,5.16,5.26,5.08,5.26,185506.37,95988.382
600258.SH,20260806,12.17,12.25,11.92,12.01,156930.64,188783.421
600259.SH,20260806,84.47,88.6,83.05,84.98,163633.19,1398336.487
600261.SH,20260806,3.05,3.07,3.01,3.05,76035.0,23096.457
600262.SH,20260806,14.15,15.63,14.15,15.63,179342.29,275043.564
600265.SH,20260806,22.03,22.14,21.71,21.99,5276.0,11570.553
600266.SH,20260806,4.13,4.15,4.04,4.1,263014.83,107532.012
600267.SH,20260806,12.06,12.28,11.85,11.92,494976.96,594243.67
600268.SH,20260806,11.53,11.54,11.2,11.29,214541.79,242750.183
600269.SH,20260806,4.0,4.01,3.93,3.95,273692.5,108369.901
600271.SH,20260806,6.99,7.14,6.94,7.04,199770.85,140886.383
600272.SH,20260806,10.7,11.79,10.62,11.79,133096.94,152111.655
600273.SH,20260806,6.9,6.92,6.76,6.89,173505.7,118791.383
600276.SH,20260806,53.65,53.81,52.0,52.11,898631.25,4727889.147
600278.SH,20260806,6.27,6.29,6.2,6.28,33882.61,21178.782
600279.SH,20260806,4.29,4.32,4.23,4.29,69493.41,29710.097
600280.SH,20260806,2.9,2.93,2.84,2.9,278690.02,80422.121
600281.SH,20260806,4.38,4.52,4.25,4.34,183251.0,79993.062
600282.SH,20260806,4.9,5.03,4.86,4.96,593539.2,293881.842
600283.SH,20260806,7.99,8.01,7.9,7.94,25379.72,20146.044
600284.SH,20260806,5.17,5.22,5.1,5.16,87508.64,45092.94
600285.SH,20260806,22.46,22.54,22.11,22.19,74832.35,166428.803
600287.SH,20260806,4.55,4.65,4.5,4.65,38059.02,17404.3
600288.SH,20260806,10.75,11.36,10.66,11.07,380597.64,420469.887
600289.SH,20260806,4.68,4.68,4.37,4.4,69201.0,30713.715
600292.SH,20260806,12.9,12.9,12.56,12.64,105075.57,133622.758
600293.SH,20260806,2.77,2.8,2.73,2.8,335332.63,92869.341
600295.SH,20260806,12.19,12.24,11.93,12.14,129819.52,157317.555
600298.SH,20260806,41.28,41.34,40.66,41.05,153026.9,626890.484
600299.SH,20260806,8.45,8.78,8.36,8.69,630624.38,537074.344
600300.SH,20260806,3.18,3.19,3.12,3.15,193408.45,60837.552
600301.SH,20260806,48.6,49.67,47.8,48.92,177926.86,867023.266
600302.SH,20260806,6.18,6.64,6.18,6.62,59465.0,38195.202
600303.SH,20260806,2.79,2.8,2.72,2.79,252357.0,69867.64
600305.SH,20260806,6.97,6.97,6.84,6.88,80137.77,55205.589
600307.SH,20260806,1.49,1.49,1.45,1.47,439971.0,64556.887
600308.SH,20260806,3.22,3.23,3.17,3.22,60912.4,19505.99
600309.SH,20260806,74.12,75.81,74.0,74.97,333198.3,2497312.204
600310.SH,20260806,4.44,4.47,4.35,4.47,538687.03,237382.601
600312.SH,20260806,20.8,20.8,20.31,20.46,267929.11,549106.565
600313.SH,20260806,5.64,6.09,5.57,5.95,670764.18,389999.263
600315.SH,20260806,17.62,17.67,17.12,17.29,115409.97,199712.381
600316.SH,20260806,25.56,26.43,25.24,26.04,161725.59,416513.086
600318.SH,20260806,6.58,6.72,6.49,6.62,138778.0,91543.479
600319.SH,20260806,5.91,6.13,5.89,6.12,57358.65,34580.508
600320.SH,20260806,4.25,4.27,4.16,4.2,356578.51,149988.783
600322.SH,20260806,2.65,2.71,2.63,2.7,225460.0,60329.559
600323.SH,20260806,30.31,30.5,29.88,30.21,56887.9,171639.242
600325.SH,20260806,2.56,2.57,2.48,2.53,591149.4,149102.658
600326.SH,20260806,6.84,7.52,6.81,7.52,579348.34,425888.077
600327.SH,20260806,3.59,3.61,3.54,3.61,95119.36,34004.833
600328.SH,20260806,6.36,6.4,6.28,6.34,135460.41,85829.746
600329.SH,20260806,37.28,37.4,36.51,36.87,39011.3,143511.452
600330.SH,20260806,19.48,21.65,19.34,21.65,1609317.31,3309751.361
600331.SH,20260806,13.68,13.77,13.03,13.19,642226.55,855974.741
600332.SH,20260806,21.51,21.56,21.13,21.39,110100.02,234780.121
600333.SH,20260806,6.09,6.17,6.01,6.12,121898.01,74359.134
600335.SH,20260806,5.19,5.2,5.06,5.13,108693.91,55683.436
600336.SH,20260806,6.25,6.3,6.15,6.24,46120.08,28683.547
600337.SH,20260806,2.6,2.64,2.54,2.57,156225.0,40256.823
600338.SH,20260806,13.77,13.83,13.25,13.47,541253.25,734936.572
600339.SH,20260806,3.34,3.39,3.31,3.37,452749.35,151974.088
600340.SH,20260806,1.1,1.11,1.08,1.1,440218.3,48267.972
600343.SH,20260806,18.91,19.87,18.8,19.56,344644.27,672026.461
600345.SH,20260806,45.1,47.36,44.9,46.42,103182.45,476683.911
600346.SH,20260806,17.23,17.65,17.22,17.45,299567.71,522568.482
600348.SH,20260806,8.44,8.71,8.35,8.55,553838.02,470376.117
600350.SH,20260806,10.78,10.88,10.58,10.81,165002.36,176807.58
600351.SH,20260806,6.73,6.75,6.61,6.66,255504.39,170110.243
600352.SH,20260806,13.16,13.55,12.95,13.1,571439.41,750896.797
600353.SH,20260806,25.02,27.12,24.81,26.48,584320.43,1530049.015
600354.SH,20260806,5.92,6.53,5.88,6.42,976688.44,614221.649
600356.SH,20260806,8.38,8.39,8.19,8.32,41022.5,33975.162
600358.SH,20260806,5.18,5.5,5.16,5.26,90781.0,48276.087
600359.SH,20260806,6.03,6.21,5.95,6.14,102616.0,62579.036
600360.SH,20260806,9.91,10.39,9.88,10.37,788579.22,804648.929
600361.SH,20260806,3.77,3.79,3.68,3.72,389348.14,145263.041
600362.SH,20260806,47.75,47.85,45.71,46.25,779235.26,3646846.703
600363.SH,20260806,22.18,22.18,22.18,22.18,36423.0,80786.214
600365.SH,20260806,2.67,2.77,2.67,2.77,26161.0,7131.327
600366.SH,20260806,11.99,12.2,11.77,11.95,676820.06,809563.195
600367.SH,20260806,30.38,31.95,29.96,31.49,581003.74,1806807.633
600368.SH,20260806,3.92,3.94,3.87,3.93,149310.12,58290.689
600369.SH,20260806,4.18,4.18,4.11,4.13,315125.47,130365.293
600370.SH,20260806,1.57,1.57,1.52,1.53,298562.53,45983.674
600371.SH,20260806,6.91,7.24,6.82,7.09,96189.4,67661.672
600372.SH,20260806,11.5,11.53,11.33,11.4,284961.82,325026.03
600373.SH,20260806,7.48,7.52,7.25,7.31,141461.25,103993.167
600375.SH,20260806,4.09,4.09,3.98,4.02,168451.0,67866.457
600376.SH,20260806,4.14,4.37,4.07,4.09,1719570.13,722017.858
600377.SH,20260806,11.91,11.95,11.82,11.89,80554.79,95699.614
600378.SH,20260806,43.9,48.48,43.35,48.26,883431.05,4085766.828
600379.SH,20260806,12.4,13.2,12.33,13.15,212888.86,273873.582
600380.SH,20260806,10.13,10.15,9.96,10.01,115581.27,115764.277
600381.SH,20260806,4.08,4.3,4.07,4.28,78240.0,32715.361
600382.SH,20260806,6.26,6.35,6.17,6.34,145661.6,91318.378
600383.SH,20260806,2.28,2.31,2.24,2.28,720310.81,163797.528
600386.SH,20260806,3.32,3.34,3.27,3.32,65428.0,21652.505
600388.SH,20260806,17.63,17.87,17.37,17.75,119184.17,210030.438
600389.SH,20260806,20.44,21.13,20.33,20.79,148764.98,308117.394
600390.SH,20260806,4.98,4.99,4.86,4.92,357463.4,175910.972
600391.SH,20260806,30.89,31.6,29.82,31.48,125160.36,384042.167
600392.SH,20260806,22.97,23.34,22.36,22.64,1190967.78,2727667.668
600395.SH,20260806,4.85,5.13,4.82,5.06,688298.8,344900.744
600396.SH,20260806,17.22,17.49,16.76,17.35,2468949.66,4225174.799
600397.SH,20260806,16.5,16.89,16.5,16.89,242789.2,407628.793
600398.SH,20260806,6.11,6.12,5.98,6.06,301630.34,182132.425
600399.SH,20260806,4.3,4.33,4.22,4.27,308509.65,131528.76
600400.SH,20260806,3.02,3.09,2.95,3.08,472530.02,142056.818
600403.SH,20260806,5.83,6.41,5.81,6.41,1026607.91,625302.381
600405.SH,20260806,4.33,4.6,4.32,4.56,150404.1,66958.953
600406.SH,20260806,24.45,24.47,23.98,24.17,679236.33,1640132.577
600408.SH,20260806,2.79,2.9,2.73,2.87,874191.0,247081.735
600409.SH,20260806,6.56,6.59,6.43,6.51,312475.0,203369.82
600410.SH,20260806,15.85,16.4,15.65,15.97,1367713.86,2195128.611
600415.SH,20260806,12.42,12.68,12.12,12.23,778015.55,958501.428
600416.SH,20260806,9.32,9.34,9.1,9.18,163196.63,150130.21
600418.SH,20260806,25.38,25.56,23.79,24.25,1222142.18,2989791.045
600419.SH,20260806,8.76,8.81,8.53,8.66,64637.2,55891.842
600420.SH,20260806,8.68,8.69,8.51,8.58,80316.0,69003.11
600422.SH,20260806,8.83,8.84,8.58,8.75,108187.27,94016.682
600423.SH,20260806,2.77,2.83,2.75,2.83,63352.0,17655.754
600425.SH,20260806,3.48,3.58,3.47,3.53,181594.2,63893.422
600426.SH,20260806,20.92,21.35,20.82,21.23,433662.56,913908.543
600428.SH,20260806,11.71,12.12,11.63,12.0,730593.07,872711.89
600429.SH,20260806,4.55,4.56,4.43,4.47,130624.0,58495.6
600433.SH,20260806,3.41,3.44,3.32,3.39,321859.96,108525.408
600435.SH,20260806,10.72,10.79,10.56,10.66,153605.22,164007.286
600436.SH,20260806,137.02,137.8,133.3,135.79,65036.74,876793.659
600438.SH,20260806,12.6,12.76,12.12,12.31,853262.7,1053267.259
600439.SH,20260806,1.87,1.91,1.84,1.9,586343.38,109902.084
600444.SH,20260806,13.24,13.38,13.08,13.3,20976.0,27772.264
600446.SH,20260806,11.5,12.05,11.38,11.43,419654.0,488387.236
600448.SH,20260806,2.74,2.8,2.71,2.79,128380.22,35390.699
600449.SH,20260806,13.79,15.16,13.71,14.09,287277.66,417062.68
600452.SH,20260806,9.83,9.85,9.62,9.71,252381.87,244895.124
600455.SH,20260806,23.33,23.78,23.25,23.69,15724.0,36952.527
600456.SH,20260806,29.16,29.33,28.3,28.46,75697.63,217560.588
600458.SH,20260806,11.76,11.76,11.44,11.55,173844.44,201346.024
600459.SH,20260806,21.1,21.45,20.33,20.62,487491.5,1020774.259
600460.SH,20260806,29.9,31.7,29.8,31.16,1022784.34,3158696.36
600461.SH,20260806,8.94,9.0,8.86,8.93,112040.91,99894.369
600463.SH,20260806,7.88,7.99,7.75,7.95,32079.51,25258.713
600467.SH,20260806,2.24,2.26,2.21,2.25,292977.2,65517.245
600468.SH,20260806,6.57,6.59,6.36,6.45,699371.02,451691.239
600469.SH,20260806,5.38,5.41,5.26,5.35,56573.23,30122.327
600470.SH,20260806,5.65,5.72,5.6,5.71,236961.36,134229.491
600475.SH,20260806,15.71,15.71,14.84,14.95,159794.37,241879.658
600476.SH,20260806,8.99,9.3,8.95,9.3,19325.41,17714.709
600477.SH,20260806,2.43,2.45,2.38,2.43,344162.35,83145.18
600478.SH,20260806,5.06,5.1,4.94,5.0,285031.1,142823.783
600479.SH,20260806,9.74,9.76,9.65,9.71,39624.96,38431.994
600480.SH,20260806,8.85,8.9,8.61,8.68,165925.51,144755.25
600481.SH,20260806,4.33,4.39,4.25,4.32,466130.41,200721.896
600482.SH,20260806,28.0,29.09,28.0,29.02,202024.71,580447.607
600483.SH,20260806,10.75,10.77,10.58,10.66,134311.65,143183.064
600486.SH,20260806,55.08,55.55,54.0,54.86,62251.9,340965.544
600487.SH,20260806,53.87,57.18,53.68,56.15,2889338.61,16026986.041
600488.SH,20260806,5.59,5.93,5.38,5.86,1517865.4,860907.068
600489.SH,20260806,25.49,25.93,24.78,25.11,1587078.21,4027391.273
600490.SH,20260806,7.24,7.29,6.9,7.01,727586.89,515386.178
600491.SH,20260806,1.24,1.25,1.23,1.24,270776.01,33456.025
600493.SH,20260806,5.81,5.94,5.76,5.92,52907.0,30950.777
600495.SH,20260806,3.83,3.87,3.79,3.85,97351.45,37284.751
600496.SH,20260806,3.33,3.34,3.25,3.29,253173.0,83045.786
600497.SH,20260806,10.35,10.61,10.19,10.32,2322693.06,2416223.718
600498.SH,20260806,36.16,38.37,36.16,37.79,885615.05,3310585.564
600499.SH,20260806,14.2,14.73,14.1,14.4,627894.15,899571.592
600500.SH,20260806,4.92,5.04,4.84,5.01,810032.4,401642.47
600501.SH,20260806,14.63,15.13,14.57,14.87,75561.98,112419.613
600502.SH,20260806,4.64,4.65,4.52,4.6,354822.99,162277.307
600503.SH,20260806,2.12,2.15,2.09,2.14,333461.19,70675.458
600505.SH,20260806,11.33,11.39,11.08,11.31,93257.82,104685.747
600506.SH,20260806,14.44,14.66,14.3,14.63,59706.08,86704.121
600507.SH,20260806,4.37,4.42,4.29,4.34,280227.17,121710.204
600508.SH,20260806,8.48,8.83,8.44,8.72,159515.75,137939.641
600509.SH,20260806,7.78,7.82,7.63,7.69,267031.37,205609.379
600510.SH,20260806,6.76,6.92,6.7,6.89,103359.01,70490.495
600511.SH,20260806,27.56,27.69,27.16,27.36,46143.57,126178.782
600512.SH,20260806,2.02,2.02,1.98,2.02,180009.65,36035.271
600513.SH,20260806,17.35,18.09,17.09,17.71,383118.17,673085.05
600515.SH,20260806,2.95,2.96,2.88,2.91,817872.72,238157.68
600516.SH,20260806,5.27,5.31,5.16,5.21,479786.15,251035.477
600517.SH,20260806,5.12,5.14,5.02,5.07,243699.1,123421.037
600518.SH,20260806,1.37,1.37,1.33,1.34,1875633.2,251934.338
600519.SH,20260806,1310.0,1314.4,1300.01,1308.55,25463.28,3326230.801
600520.SH,20260806,23.0,24.1,22.89,23.95,95746.0,226702.432
600521.SH,20260806,16.58,16.9,16.42,16.46,297593.01,494392.097
600522.SH,20260806,31.25,33.09,31.25,32.29,2897838.54,9327448.567
600523.SH,20260806,11.43,11.49,11.22,11.38,39836.5,45293.987
600525.SH,20260806,4.81,4.96,4.81,4.92,102392.63,50145.515
600526.SH,20260806,4.42,4.43,4.35,4.4,65403.71,28676.193
600527.SH,20260806,2.17,2.2,2.14,2.19,445530.28,96555.746
600528.SH,20260806,7.24,7.27,7.15,7.21,120156.79,86507.718
600529.SH,20260806,19.45,19.5,19.2,19.31,96946.05,187223.191
600530.SH,20260806,4.01,4.02,3.88,3.94,448123.39,177136.046
600531.SH,20260806,13.27,13.45,12.73,12.97,835356.42,1089708.226
600533.SH,20260806,2.07,2.16,2.06,2.16,173583.0,36881.395
600535.SH,20260806,15.78,15.95,15.48,15.49,199772.13,312268.853
600536.SH,20260806,33.01,33.94,32.43,32.77,267735.06,885299.827
600537.SH,20260806,2.32,2.33,2.16,2.23,277005.0,61679.358
600538.SH,20260806,4.93,5.01,4.88,4.98,76643.0,37988.766
600539.SH,20260806,14.25,14.63,14.04,14.59,163205.2,234971.237
600540.SH,20260806,3.84,3.98,3.77,3.92,735858.64,285207.03
600543.SH,20260806,3.87,3.92,3.84,3.89,16351.0,6350.367
600545.SH,20260806,4.2,4.38,4.18,4.35,860653.66,370027.275
600546.SH,20260806,12.27,13.27,12.24,13.22,609563.1,780646.814
600547.SH,20260806,30.53,30.72,29.35,29.96,1214650.56,3653816.645
600548.SH,20260806,8.45,8.5,8.37,8.42,31628.0,26620.987
600549.SH,20260806,55.87,58.28,54.0,57.47,1446572.76,8079788.997
600550.SH,20260806,12.2,12.3,11.84,11.9,536473.42,641228.674
600551.SH,20260806,7.03,7.04,6.9,6.97,36959.0,25721.206
600552.SH,20260806,16.9,17.79,16.77,17.57,776427.0,1353002.739
600556.SH,20260806,5.27,5.68,5.13,5.21,1785408.89,955372.658
600557.SH,20260806,12.57,12.58,12.17,12.29,95916.8,118007.153
600558.SH,20260806,4.82,4.84,4.75,4.82,99429.0,47670.434
600559.SH,20260806,12.16,12.2,11.91,12.04,171999.17,206845.839
600560.SH,20260806,11.0,11.12,10.88,11.07,19044.0,20962.585
600561.SH,20260806,5.45,5.57,5.34,5.57,51396.22,28120.104
600562.SH,20260806,25.1,25.46,24.5,25.21,89737.0,224100.956
600563.SH,20260806,140.01,140.38,135.41,137.22,63522.96,875893.645
600566.SH,20260806,26.2,27.1,26.1,27.09,95196.13,254149.809
600567.SH,20260806,1.35,1.35,1.33,1.34,534971.43,71623.917
600568.SH,20260806,2.26,2.26,2.23,2.25,61668.0,13846.769
600569.SH,20260806,1.81,1.82,1.76,1.79,199145.87,35649.988
600570.SH,20260806,23.06,23.85,22.9,23.17,399371.4,929582.05
600571.SH,20260806,10.79,11.68,10.78,10.99,213419.84,237511.021
600572.SH,20260806,4.27,4.29,4.21,4.24,432685.42,183275.869
600573.SH,20260806,9.77,9.78,9.56,9.69,51469.0,49753.024
600575.SH,20260806,3.49,3.49,3.37,3.41,651153.0,221608.978
600576.SH,20260806,5.65,5.67,5.53,5.59,71894.26,40133.595
600577.SH,20260806,8.2,8.32,8.08,8.15,533874.87,437387.38
600578.SH,20260806,5.99,5.99,5.78,5.87,1148104.39,671031.118
600579.SH,20260806,7.21,7.3,7.11,7.26,66227.25,47762.448
600580.SH,20260806,35.97,37.4,35.6,36.23,861095.67,3151916.152
600581.SH,20260806,2.3,2.32,2.28,2.31,68630.0,15775.575
600582.SH,20260806,4.83,4.86,4.78,4.83,198435.0,95552.031
600583.SH,20260806,5.6,5.64,5.51,5.6,245596.0,137281.682
600584.SH,20260806,67.01,75.87,67.01,75.87,2359070.84,17259959.743
600585.SH,20260806,17.69,17.82,17.55,17.8,254156.96,449740.569
600586.SH,20260806,4.25,4.26,4.15,4.22,117016.81,49229.596
600587.SH,20260806,12.91,12.92,12.68,12.72,61236.25,78045.646
600588.SH,20260806,11.64,12.45,11.61,11.99,1541442.39,1860105.55
600589.SH,20260806,8.3,8.39,8.13,8.22,788484.42,651336.923
600590.SH,20260806,8.6,8.69,8.43,8.55,262915.08,225111.075
600592.SH,20260806,14.56,14.82,14.34,14.54,83759.05,121783.635
600593.SH,20260806,38.8,39.5,38.68,39.23,32112.0,125435.342
600594.SH,20260806,3.56,3.59,3.46,3.53,265101.83,93381.974
600595.SH,20260806,6.69,6.73,6.45,6.55,1436213.19,941816.333
600596.SH,20260806,10.8,11.06,10.74,10.93,369563.09,402758.373
600597.SH,20260806,6.93,6.94,6.78,6.83,101440.7,69350.655
600598.SH,20260806,12.17,12.35,12.05,12.2,250169.7,304841.606
600600.SH,20260806,54.02,54.1,53.31,53.56,58940.44,316005.341
600601.SH,20260806,10.39,11.7,10.39,11.7,3512078.66,4024133.331
600602.SH,20260806,18.25,18.59,17.9,18.14,457922.79,834003.84
600603.SH,20260806,4.63,4.68,4.5,4.56,115674.0,52818.746
600604.SH,20260806,4.57,4.67,4.52,4.58,117388.62,53842.892
600605.SH,20260806,23.0,23.6,22.65,23.01,35854.7,82214.279
600606.SH,20260806,1.29,1.31,1.27,1.3,1242545.85,160189.304
600609.SH,20260806,3.34,3.34,3.25,3.3,153048.92,50351.136
600610.SH,20260806,7.08,7.13,6.95,7.05,127040.04,89361.111
600611.SH,20260806,4.69,5.16,4.58,4.89,2595310.82,1269976.609
600612.SH,20260806,35.8,35.94,34.67,35.0,31186.09,109961.181
600613.SH,20260806,4.95,5.0,4.87,5.0,76207.0,37628.12
600615.SH,20260806,9.13,9.24,9.0,9.18,18370.0,16740.436
600616.SH,20260806,4.14,4.17,4.09,4.16,48266.6,19949.881
600617.SH,20260806,3.4,3.5,3.37,3.47,564281.67,193637.446
600618.SH,20260806,10.43,10.51,10.3,10.5,66554.22,69337.121
600619.SH,20260806,14.32,14.55,14.1,14.19,253215.04,362374.818
600620.SH,20260806,4.27,4.27,4.18,4.25,42338.43,17921.198
600621.SH,20260806,13.38,13.38,13.17,13.27,73049.23,96861.095
600622.SH,20260806,2.18,2.2,2.15,2.19,175533.89,38197.905
600623.SH,20260806,8.61,8.82,8.43,8.64,400879.82,346273.188
600624.SH,20260806,3.87,3.99,3.86,3.96,64740.19,25376.804
600626.SH,20260806,3.47,3.5,3.43,3.48,92411.97,32058.027
600628.SH,20260806,6.03,6.08,5.98,6.07,53604.0,32341.277
600629.SH,20260806,15.5,16.24,15.32,15.59,606811.26,954993.02
600630.SH,20260806,6.64,6.71,6.56,6.7,131827.6,87472.266
600633.SH,20260806,11.31,11.81,11.18,11.33,366766.99,419579.005
600635.SH,20260806,4.86,4.89,4.76,4.82,418546.34,201824.227
600637.SH,20260806,8.3,8.37,8.13,8.19,413230.05,339695.824
600638.SH,20260806,4.96,5.06,4.93,4.98,75957.6,37847.956
600639.SH,20260806,9.59,9.63,9.5,9.57,45923.0,43851.583
600640.SH,20260806,11.0,11.22,10.78,10.85,67394.13,73795.835
600641.SH,20260806,26.2,28.48,26.01,28.44,913012.97,2526220.621
600642.SH,20260806,8.36,8.42,8.28,8.35,210395.59,175547.661
600643.SH,20260806,4.05,4.11,4.02,4.07,119895.86,48713.037
600644.SH,20260806,10.3,10.44,10.15,10.35,477768.61,491759.167
600645.SH,20260806,18.98,19.47,18.81,18.87,117003.15,223649.003
600648.SH,20260806,8.84,9.07,8.84,9.06,37191.01,33402.667
600649.SH,20260806,3.7,3.73,3.65,3.7,142088.0,52502.727
600650.SH,20260806,10.68,11.94,10.56,11.15,185784.01,204699.292
600651.SH,20260806,5.9,5.98,5.78,5.82,186962.0,109448.908
600653.SH,20260806,1.66,1.67,1.63,1.66,176407.4,29131.6
600654.SH,20260806,2.97,3.0,2.91,2.97,686055.5,202885.957
600655.SH,20260806,4.68,4.69,4.56,4.61,144393.0,66713.046
600657.SH,20260806,2.62,2.64,2.55,2.62,184542.0,48058.335
600658.SH,20260806,4.01,4.11,3.98,4.09,130997.6,53072.887
600660.SH,20260806,56.58,56.58,55.85,56.05,96033.34,538818.925
600661.SH,20260806,9.48,9.73,9.21,9.33,174584.2,164435.17
600662.SH,20260806,4.52,4.54,4.43,4.45,136449.27,60990.563
600663.SH,20260806,8.79,9.15,8.78,9.06,320041.65,288670.127
600664.SH,20260806,6.85,6.92,6.1,6.22,5322894.47,3483927.267
600665.SH,20260806,3.04,3.33,3.01,3.33,334917.4,108553.279
600666.SH,20260806,3.82,4.01,3.82,3.91,2464899.28,967923.277
600667.SH,20260806,17.8,19.6,17.75,19.17,4541065.95,8512306.27
600668.SH,20260806,7.3,7.34,7.23,7.33,48337.02,35244.156
600671.SH,20260806,22.15,22.49,21.0,21.88,45771.0,98305.003
600673.SH,20260806,32.0,33.2,31.78,32.17,475841.26,1546901.727
600674.SH,20260806,15.0,15.04,14.88,15.01,238548.14,356831.467
600675.SH,20260806,2.26,2.28,2.2,2.26,290349.61,65107.148
600676.SH,20260806,7.35,7.35,6.88,6.98,256526.2,181007.607
600678.SH,20260806,5.54,5.7,5.51,5.69,102682.0,57570.093
600679.SH,20260806,9.45,9.58,9.33,9.51,26094.0,24669.17
600681.SH,20260806,3.4,3.43,3.37,3.42,210612.6,71596.561
600682.SH,20260806,5.61,5.62,5.5,5.55,112763.47,62561.998
600683.SH,20260806,8.5,8.86,8.5,8.84,172497.5,150652.508
600684.SH,20260806,3.45,3.48,3.4,3.47,117389.69,40384.575
600685.SH,20260806,26.32,26.47,25.92,26.12,116909.71,306028.136
600686.SH,20260806,12.0,12.15,11.7,11.83,238490.63,282976.85
600688.SH,20260806,2.83,2.86,2.8,2.86,672634.38,190688.565
600689.SH,20260806,10.14,10.29,10.08,10.24,22807.0,23233.054
600690.SH,20260806,22.32,22.39,21.91,22.12,343024.5,757638.937
600691.SH,20260806,2.47,2.48,2.4,2.47,240898.0,58966.294
600692.SH,20260806,5.93,6.03,5.87,6.02,73299.01,43722.916
600693.SH,20260806,9.78,10.01,9.45,9.55,766749.68,738416.057
600694.SH,20260806,14.57,14.66,14.47,14.62,33374.35,48580.585
600697.SH,20260806,10.4,10.51,10.29,10.5,26404.0,27509.037
600698.SH,20260806,6.66,6.66,6.47,6.58,179017.0,117352.329
600699.SH,20260806,21.4,21.86,21.12,21.28,342741.77,734035.281
600702.SH,20260806,37.56,38.49,37.07,38.16,212829.68,802943.308
600703.SH,20260806,13.14,13.98,13.11,13.71,2527122.86,3457023.667
600704.SH,20260806,4.98,5.04,4.94,5.02,415848.42,207294.062
600706.SH,20260806,7.64,7.71,7.48,7.58,46761.8,35421.629
600707.SH,20260806,8.74,9.3,8.7,9.18,1452450.02,1322442.702
600708.SH,20260806,3.22,3.31,3.2,3.26,197767.89,64536.111
600710.SH,20260806,10.84,10.89,10.65,10.72,81698.57,87733.065
600711.SH,20260806,11.92,11.95,11.24,11.4,1510173.26,1744166.692
600712.SH,20260806,5.5,5.7,5.4,5.45,465998.0,256621.149
600713.SH,20260806,5.06,5.09,5.0,5.09,115518.9,58284.198
600714.SH,20260806,14.82,16.3,14.76,15.35,414271.0,643366.386
600715.SH,20260806,1.64,1.65,1.59,1.62,322239.0,52149.581
600716.SH,20260806,3.47,3.51,3.44,3.51,60135.28,20876.23
600717.SH,20260806,4.36,4.36,4.26,4.3,178061.85,76524.26
600718.SH,20260806,8.5,8.62,8.39,8.43,143361.0,121486.738
600719.SH,20260806,7.59,7.62,7.42,7.62,129651.66,97505.29
600720.SH,20260806,5.35,5.4,5.21,5.28,134065.06,70942.226
600721.SH,20260806,9.54,9.58,8.95,9.58,1258271.13,1188527.589
600722.SH,20260806,10.68,11.12,10.43,10.75,800408.03,855454.963
600724.SH,20260806,5.01,5.15,5.0,5.11,88928.0,45086.747
600725.SH,20260806,3.21,3.25,3.16,3.24,186044.62,59757.079
600726.SH,20260806,6.18,6.29,6.02,6.26,1738188.08,1064579.16
600727.SH,20260806,7.56,7.68,7.4,7.64,369135.0,278742.147
600728.SH,20260806,4.92,5.02,4.83,4.85,415102.75,203221.41
600729.SH,20260806,20.72,20.76,20.21,20.44,44643.34,91313.728
600730.SH,20260806,10.8,11.73,10.78,11.58,137729.0,155554.474
600731.SH,20260806,5.79,5.83,5.69,5.78,63458.7,36542.983
600732.SH,20260806,12.52,12.88,12.2,12.36,375645.02,470139.406
600733.SH,20260806,5.85,5.9,5.5,5.57,1859020.51,1054947.672
600734.SH,20260806,1.73,1.74,1.69,1.72,372761.0,63852.151
600735.SH,20260806,6.38,6.6,6.38,6.51,41360.05,26876.56
600736.SH,20260806,6.75,6.77,6.62,6.71,238373.05,159564.001
600737.SH,20260806,12.98,13.38,12.63,12.82,611839.5,790741.62
600738.SH,20260806,3.97,3.99,3.89,3.97,101300.0,39880.495
600739.SH,20260806,10.88,10.91,10.66,10.72,143555.53,154110.156
600740.SH,20260806,3.53,3.66,3.52,3.62,473800.94,170193.477
600741.SH,20260806,16.09,16.11,15.8,16.0,155443.74,247765.926
600742.SH,20260806,7.56,7.74,7.56,7.7,68583.12,52615.23
600743.SH,20260806,2.22,2.24,2.17,2.21,238572.4,52407.916
600744.SH,20260806,7.37,7.37,7.06,7.16,1171118.51,837959.583
600745.SH,20260806,16.87,17.05,16.61,16.76,348657.0,587263.491
600746.SH,20260806,6.62,6.66,6.47,6.6,171429.0,112724.078
600748.SH,20260806,3.9,3.92,3.81,3.89,173181.9,66794.207
600749.SH,20260806,13.98,14.3,13.92,14.29,87857.5,124386.226
600750.SH,20260806,25.2,25.32,24.73,25.0,44889.57,112126.064
600751.SH,20260806,3.29,3.3,3.17,3.2,339241.86,108966.886
600753.SH,20260806,9.57,10.17,9.57,10.15,17803.0,17546.614
600754.SH,20260806,19.32,19.69,19.07,19.18,107542.97,207829.356
600755.SH,20260806,5.78,5.78,5.67,5.72,182700.01,104421.159
600756.SH,20260806,16.13,16.41,15.7,15.85,327072.62,524809.158
600757.SH,20260806,7.95,7.96,7.7,7.77,119179.5,92891.255
600758.SH,20260806,3.33,3.67,3.3,3.67,1023790.25,355762.418
600759.SH,20260806,2.34,2.36,2.32,2.33,992514.65,231752.257
600760.SH,20260806,42.5,42.88,42.19,42.65,128814.92,547765.526
600761.SH,20260806,17.86,17.93,17.2,17.4,152077.26,266177.843
600763.SH,20260806,36.4,36.5,35.5,35.89,72870.06,261481.965
600764.SH,20260806,18.55,18.65,18.17,18.33,75248.0,138311.923
600765.SH,20260806,13.54,13.59,13.33,13.47,140269.8,188538.795
600768.SH,20260806,14.41,14.64,14.28,14.63,31910.5,46254.734
600769.SH,20260806,14.3,14.92,14.3,14.75,116115.57,169789.533
600770.SH,20260806,5.26,5.3,5.15,5.25,255879.81,133972.913
600771.SH,20260806,14.37,14.41,14.04,14.14,88834.81,125943.815
600773.SH,20260806,10.99,11.32,10.95,11.15,226990.37,252470.474
600774.SH,20260806,6.7,6.86,6.69,6.86,39408.0,26683.899
600775.SH,20260806,10.0,10.05,9.79,9.96,234185.26,232299.395
600776.SH,20260806,12.85,13.28,12.82,13.2,231934.38,304900.224
600777.SH,20260806,4.29,4.37,4.28,4.36,261555.14,113265.074
600778.SH,20260806,5.31,5.38,5.26,5.36,53003.0,28242.63
600779.SH,20260806,28.92,28.99,28.3,28.51,42523.46,121340.921
600780.SH,20260806,6.1,6.1,5.94,6.01,95975.0,57559.281
600782.SH,20260806,2.85,2.88,2.79,2.82,453977.48,128138.7
600783.SH,20260806,17.8,18.72,17.61,18.34,371035.8,676027.22
600784.SH,20260806,7.67,7.83,7.59,7.7,122747.0,94497.164
600785.SH,20260806,8.7,8.78,8.56,8.74,78143.05,67809.687
600787.SH,20260806,4.68,4.69,4.57,4.64,187149.3,86468.811
600789.SH,20260806,7.44,7.47,7.29,7.36,253446.73,186459.552
600790.SH,20260806,3.34,3.36,3.27,3.31,113655.0,37656.615
600791.SH,20260806,7.08,7.3,6.99,7.24,142796.0,102605.258
600792.SH,20260806,3.54,3.68,3.54,3.66,314147.0,113829.078
600793.SH,20260806,14.4,14.56,14.2,14.48,106922.0,153781.797
600794.SH,20260806,3.13,3.15,3.11,3.14,78359.0,24546.963
600795.SH,20260806,4.98,5.03,4.95,5.02,1004803.37,501176.166
600796.SH,20260806,4.99,5.04,4.96,5.03,48260.76,24137.377
600797.SH,20260806,7.25,7.48,7.22,7.33,502335.53,369075.414
600798.SH,20260806,3.23,3.24,3.18,3.24,167640.57,53860.868
600800.SH,20260806,3.36,3.41,3.31,3.4,227534.0,76420.786
600801.SH,20260806,21.93,23.12,21.81,23.01,238448.4,542397.305
600802.SH,20260806,4.39,4.48,4.33,4.46,64530.32,28512.83
600803.SH,20260806,17.36,17.48,17.15,17.37,66015.75,114236.255
600805.SH,20260806,4.39,4.41,4.31,4.4,65153.38,28410.475
600807.SH,20260806,2.51,2.56,2.47,2.54,165797.68,41676.587
600808.SH,20260806,2.63,2.64,2.54,2.58,623367.0,161081.846
600809.SH,20260806,121.01,121.75,119.07,119.6,86860.97,1041980.832
600810.SH,20260806,6.36,6.45,6.29,6.43,112536.0,71768.164
600812.SH,20260806,4.76,4.79,4.68,4.76,204339.68,96774.039
600814.SH,20260806,6.63,6.65,6.56,6.64,38108.94,25194.502
600815.SH,20260806,3.36,3.38,3.18,3.28,812154.0,263639.312
600816.SH,20260806,2.58,2.59,2.52,2.54,614018.6,156443.008
600817.SH,20260806,9.32,9.35,9.17,9.26,19653.0,18150.2
600818.SH,20260806,7.13,7.48,7.04,7.42,121503.77,88639.716
600819.SH,20260806,5.39,5.45,5.31,5.42,71369.42,38389.141
600820.SH,20260806,5.49,5.49,5.37,5.43,203571.79,110301.029
600821.SH,20260806,6.57,6.61,6.39,6.47,760132.09,491436.495
600822.SH,20260806,8.26,8.29,8.11,8.24,31555.97,25832.007
600824.SH,20260806,3.53,3.56,3.48,3.53,77438.0,27243.485
600825.SH,20260806,5.11,5.19,5.04,5.09,106446.01,54232.429
600826.SH,20260806,8.21,8.21,7.94,8.03,51825.51,41699.571
600827.SH,20260806,7.85,7.85,7.69,7.74,149232.0,115696.193
600828.SH,20260806,3.97,3.97,3.87,3.92,136604.0,53560.047
600829.SH,20260806,9.39,10.35,9.24,10.35,281057.6,277752.2
600830.SH,20260806,8.05,8.12,7.99,8.1,38441.01,31011.264
600831.SH,20260806,3.34,3.37,3.27,3.33,121885.91,40500.649
600833.SH,20260806,9.77,10.06,9.66,10.01,93602.42,92425.991
600834.SH,20260806,7.33,7.36,7.22,7.36,18451.0,13453.074
600835.SH,20260806,19.28,19.46,18.95,19.08,53809.47,103038.559
600838.SH,20260806,7.32,7.36,7.2,7.31,56787.0,41343.206
600839.SH,20260806,7.02,7.13,6.91,6.98,825418.57,579327.907
600841.SH,20260806,5.98,5.98,5.79,5.86,150960.0,88502.756
600843.SH,20260806,7.08,7.15,7.0,7.12,71313.0,50493.48
600844.SH,20260806,3.45,3.57,3.38,3.46,587544.0,202293.41
600845.SH,20260806,19.09,19.45,18.71,18.94,254788.69,483724.886
600846.SH,20260806,12.01,12.18,11.86,12.05,56913.53,68577.999
600847.SH,20260806,12.18,12.31,11.92,12.22,19445.0,23584.061
600848.SH,20260806,8.7,8.79,8.6,8.7,77186.0,67064.539
600850.SH,20260806,15.85,16.24,15.6,15.7,184840.32,293641.743
600851.SH,20260806,8.03,8.09,7.82,7.92,80432.99,63685.888
600853.SH,20260806,3.23,3.25,3.18,3.24,82696.26,26568.335
600854.SH,20260806,4.39,4.43,4.33,4.43,55174.0,24209.672
600855.SH,20260806,12.61,12.89,12.52,12.71,63954.98,81414.421
600857.SH,20260806,17.18,18.06,17.11,17.62,59033.0,103331.336
600858.SH,20260806,4.79,4.84,4.73,4.82,85458.0,40942.344
600859.SH,20260806,10.29,10.29,10.04,10.12,154278.08,156320.418
600860.SH,20260806,8.25,8.36,8.18,8.35,45682.28,37780.093
600861.SH,20260806,13.55,13.66,13.41,13.58,22245.0,30014.107
600862.SH,20260806,18.48,18.5,18.11,18.27,148851.0,272266.288
600863.SH,20260806,4.8,4.8,4.66,4.73,1152731.68,543550.567
600864.SH,20260806,5.47,5.49,5.38,5.42,230551.0,125101.529
600865.SH,20260806,8.79,8.84,8.64,8.77,49527.0,43271.746
600866.SH,20260806,4.46,4.49,4.34,4.43,339243.87,149813.165
600867.SH,20260806,8.25,8.26,8.07,8.11,236233.51,191946.901
600868.SH,20260806,2.8,2.8,2.72,2.78,552561.01,152244.822
600869.SH,20260806,14.98,15.83,14.92,15.6,1361342.41,2097702.658
600871.SH,20260806,2.2,2.24,2.18,2.22,1204950.62,266697.144
600872.SH,20260806,19.66,19.67,19.16,19.26,145895.88,282525.369
600873.SH,20260806,7.93,8.03,7.79,7.9,278731.69,220015.896
600874.SH,20260806,5.53,5.55,5.48,5.53,64842.7,35733.037
600875.SH,20260806,27.7,27.92,27.03,27.31,626719.14,1716991.716
600876.SH,20260806,7.01,7.04,6.88,7.03,26678.81,18621.564
600877.SH,20260806,12.94,13.1,12.73,12.91,174095.33,225009.623
600879.SH,20260806,15.77,16.36,15.7,16.05,1011260.59,1625663.617
600880.SH,20260806,4.12,4.18,4.04,4.07,222892.08,91335.838
600881.SH,20260806,1.75,1.76,1.7,1.72,721850.93,124112.589
600882.SH,20260806,22.35,22.48,21.62,22.18,94892.48,208641.994
600883.SH,20260806,7.3,7.49,7.26,7.46,49328.01,36443.723
600884.SH,20260806,12.73,12.77,12.45,12.57,585874.9,737753.405
600885.SH,20260806,36.45,36.9,34.84,35.55,204036.01,727942.845
600886.SH,20260806,14.83,14.93,14.68,14.88,285653.0,423841.859
600887.SH,20260806,26.4,26.54,26.18,26.32,419285.9,1102186.276
600888.SH,20260806,9.73,9.98,9.6,9.87,655787.2,643682.924
600889.SH,20260806,13.64,13.7,13.51,13.66,18317.0,24939.545
600892.SH,20260806,4.58,4.58,4.21,4.58,1453596.0,656784.579
600893.SH,20260806,35.58,36.09,34.95,35.91,381279.82,1354270.848
600894.SH,20260806,7.87,7.88,7.75,7.84,43920.55,34313.739
600895.SH,20260806,32.6,33.4,32.4,32.7,392170.98,1287389.507
600897.SH,20260806,14.74,14.8,14.64,14.71,11770.2,17321.548
600900.SH,20260806,27.77,27.83,27.57,27.75,1070926.91,2963193.717
600901.SH,20260806,6.37,6.46,6.32,6.4,299563.83,191100.547
600903.SH,20260806,6.31,6.38,6.24,6.36,193591.04,122236.147
600905.SH,20260806,3.81,3.82,3.77,3.8,898413.75,340238.32
600906.SH,20260806,6.65,6.65,6.55,6.62,258715.32,170706.068
600908.SH,20260806,5.5,5.54,5.38,5.46,255502.3,139007.794
600909.SH,20260806,8.0,8.16,7.94,8.1,1183892.71,955987.92
600916.SH,20260806,8.15,8.23,7.7,7.73,747779.29,591449.244
600917.SH,20260806,4.87,4.87,4.78,4.84,52212.0,25173.069
600918.SH,20260806,5.65,5.66,5.55,5.58,295708.91,165365.886
600919.SH,20260806,11.63,11.8,11.58,11.75,942379.68,1101641.745
600925.SH,20260806,4.29,4.34,4.26,4.3,134502.78,57772.693
600926.SH,20260806,16.22,16.26,15.96,16.18,347983.0,560088.502
600927.SH,20260806,13.54,13.57,13.16,13.2,64022.0,85267.194
600928.SH,20260806,3.58,3.6,3.52,3.57,241825.97,85953.564
600929.SH,20260806,5.58,5.63,5.44,5.49,221135.65,122075.958
600930.SH,20260806,4.3,4.31,4.18,4.21,2154231.88,909523.309
600933.SH,20260806,13.97,14.04,13.72,13.79,95261.0,131753.162
600935.SH,20260806,2.3,2.31,2.27,2.31,137088.17,31376.624
600936.SH,20260806,6.06,6.09,5.85,5.88,1055313.79,627777.276
600938.SH,20260806,30.51,30.99,30.42,30.96,415787.89,1276524.62
600939.SH,20260806,2.66,2.69,2.64,2.68,70907.0,18885.564
600941.SH,20260806,95.99,97.0,95.15,96.45,96494.67,926945.913
600955.SH,20260806,12.71,12.88,12.63,12.83,26285.0,33536.95
600956.SH,20260806,7.44,7.44,7.21,7.3,87949.14,64088.64
600958.SH,20260806,9.19,9.21,9.08,9.1,502817.68,458924.722
600959.SH,20260806,3.12,3.16,3.07,3.11,353591.68,109876.131
600960.SH,20260806,4.01,4.02,3.91,4.0,97890.08,38709.106
600961.SH,20260806,27.3,28.12,26.45,26.97,913666.47,2492482.275
600962.SH,20260806,28.92,31.76,28.88,30.51,214863.04,658719.622
600963.SH,20260806,3.37,3.39,3.29,3.34,279433.08,93022.651
600965.SH,20260806,2.62,2.64,2.58,2.63,35425.0,9246.376
600966.SH,20260806,4.96,4.97,4.84,4.91,89929.51,44041.134
600967.SH,20260806,11.65,11.65,11.35,11.42,243146.89,278601.919
600968.SH,20260806,3.86,3.9,3.83,3.89,313190.32,121159.619
600969.SH,20260806,8.18,8.26,8.11,8.26,85340.85,69746.79
600970.SH,20260806,7.83,7.86,7.66,7.81,242857.31,188300.779
600971.SH,20260806,7.78,8.34,7.78,8.26,288616.78,235197.034
600973.SH,20260806,6.28,6.3,6.1,6.16,219466.68,135752.164
600975.SH,20260806,4.96,5.0,4.87,4.97,93014.91,45952.807
600976.SH,20260806,28.09,30.08,27.88,29.99,80726.98,235437.619
600977.SH,20260806,13.0,13.15,12.47,12.6,576204.16,736366.616
600979.SH,20260806,4.06,4.06,3.97,4.03,244166.6,97936.004
600980.SH,20260806,18.7,19.0,18.38,18.76,41463.0,77621.134
600981.SH,20260806,2.4,2.42,2.37,2.41,146087.0,34985.21
600982.SH,20260806,5.14,5.14,5.0,5.1,280012.5,141799.309
600983.SH,20260806,7.86,7.9,7.73,7.85,18454.0,14407.456
600984.SH,20260806,4.11,4.18,4.07,4.17,291303.89,120607.224
600985.SH,20260806,15.0,16.5,14.91,16.5,421597.62,668869.951
600986.SH,20260806,8.0,8.3,7.92,8.04,1276220.76,1035570.095
600987.SH,20260806,6.58,6.7,6.56,6.67,92606.36,61546.596
600988.SH,20260806,43.53,43.6,41.08,41.3,882900.61,3721211.659
600989.SH,20260806,23.09,23.55,22.95,23.47,722123.35,1680709.454
600990.SH,20260806,17.86,18.88,17.79,18.06,67278.25,122288.444
600992.SH,20260806,9.82,10.2,9.81,10.16,99628.0,100136.804
600993.SH,20260806,23.65,23.68,23.28,23.42,47920.0,112178.668
600995.SH,20260806,12.91,12.93,12.61,12.68,150233.18,190801.639
600996.SH,20260806,7.11,7.28,7.05,7.14,186537.11,133725.075
600997.SH,20260806,5.52,5.67,5.48,5.56,204383.67,113958.482
600998.SH,20260806,4.9,4.98,4.87,4.95,391731.56,192749.949
600999.SH,20260806,17.85,18.05,17.73,18.0,744793.09,1332076.941
601000.SH,20260806,4.77,4.77,4.69,4.74,374385.68,177210.43
601001.SH,20260806,16.28,17.86,16.28,17.78,595018.35,1030944.379
601002.SH,20260806,5.33,5.63,5.33,5.42,253087.08,138549.245
601003.SH,20260806,3.95,4.12,3.88,3.92,509362.12,202677.452
601005.SH,20260806,1.21,1.22,1.19,1.2,736111.0,88618.878
601006.SH,20260806,4.81,4.86,4.76,4.84,1400423.75,673117.015
601007.SH,20260806,6.55,6.58,6.47,6.56,47700.28,31151.388
601008.SH,20260806,4.41,4.41,4.29,4.34,115031.0,49834.359
601009.SH,20260806,11.22,11.37,11.12,11.28,435077.14,488742.732
601010.SH,20260806,1.45,1.46,1.43,1.45,153275.0,22104.502
601011.SH,20260806,2.6,2.67,2.57,2.66,559242.5,147136.12
601012.SH,20260806,12.87,12.97,12.64,12.74,1085497.33,1386191.342
601015.SH,20260806,3.35,3.66,3.31,3.58,1124953.41,392042.364
601016.SH,20260806,3.64,3.66,3.55,3.58,1414634.12,507396.48
601018.SH,20260806,3.39,3.4,3.35,3.38,564692.0,190463.127
601019.SH,20260806,7.24,7.27,7.07,7.15,113117.21,80813.358
601020.SH,20260806,21.55,21.66,20.4,20.7,352313.85,739336.029
601021.SH,20260806,46.62,47.37,46.08,46.4,51786.74,241177.512
601022.SH,20260806,8.19,8.21,8.06,8.11,51440.0,41732.144
601026.SH,20260806,15.19,15.24,14.85,15.02,53206.02,79865.744
601033.SH,20260806,14.65,14.66,14.3,14.46,41077.1,59209.834
601038.SH,20260806,13.45,13.57,13.3,13.52,77001.74,103389.51
601058.SH,20260806,13.65,13.82,13.58,13.73,215926.5,295747.645
601059.SH,20260806,16.83,16.83,16.57,16.64,55721.0,92853.085
601061.SH,20260806,12.44,12.49,11.92,12.0,267930.81,325763.608
601065.SH,20260806,6.87,6.9,6.81,6.88,32307.0,22153.137
601066.SH,20260806,25.98,26.0,25.61,25.95,242236.23,624956.518
601068.SH,20260806,4.61,4.62,4.52,4.57,101714.76,46437.905
601069.SH,20260806,28.5,28.98,27.65,28.6,500677.67,1420532.042
601077.SH,20260806,6.46,6.52,6.38,6.48,607581.95,391733.828
601083.SH,20260806,11.25,11.32,11.12,11.2,49841.4,55850.856
601086.SH,20260806,8.03,8.1,7.76,7.85,128871.89,101442.852
601088.SH,20260806,42.9,44.27,42.9,43.97,395056.66,1722450.883
601089.SH,20260806,17.43,17.46,17.1,17.15,35598.0,61282.998
601096.SH,20260806,4.43,4.49,4.34,4.43,285473.0,125738.055
601098.SH,20260806,10.8,10.8,10.51,10.57,111611.0,118369.19
601099.SH,20260806,3.5,3.5,3.42,3.45,926676.86,320186.956
601100.SH,20260806,105.18,106.98,104.2,105.1,52288.01,551173.347
601101.SH,20260806,11.72,12.72,11.7,12.72,309296.9,385607.354
601106.SH,20260806,3.23,3.26,3.15,3.18,739763.0,236346.761
601107.SH,20260806,5.7,5.7,5.57,5.64,113354.8,63778.584
601108.SH,20260806,8.52,8.53,8.39,8.43,370763.19,313149.281
601111.SH,20260806,6.15,6.24,6.09,6.13,629169.81,386345.799
601112.SH,20260806,15.5,15.65,15.32,15.48,50876.25,78778.161
601113.SH,20260806,3.41,3.46,3.4,3.46,83805.0,28801.21
601116.SH,20260806,10.63,10.66,10.42,10.55,91860.0,96703.749
601117.SH,20260806,7.76,7.89,7.72,7.82,898111.3,700120.998
601118.SH,20260806,5.35,5.37,5.22,5.33,648997.47,343434.254
601121.SH,20260806,7.15,7.19,6.93,7.02,143403.82,101204.274
601126.SH,20260806,44.32,45.62,43.57,44.67,318735.06,1420171.093
601127.SH,20260806,58.2,58.27,56.55,57.11,335557.13,1922450.98
601128.SH,20260806,6.23,6.27,6.14,6.21,462346.14,286094.492
601133.SH,20260806,24.42,25.6,24.16,25.4,164898.52,415206.592
601136.SH,20260806,14.85,14.88,14.59,14.69,87231.52,128160.215
601137.SH,20260806,17.75,17.87,17.46,17.61,119495.06,211141.205
601138.SH,20260806,65.55,69.8,64.87,68.27,2466615.13,16718421.116
601139.SH,20260806,6.44,6.46,6.35,6.41,200358.0,128359.594
601155.SH,20260806,10.95,11.23,10.91,11.14,267740.85,296535.528
601156.SH,20260806,17.09,17.54,16.85,17.37,124600.38,215574.27
601158.SH,20260806,4.16,4.17,4.1,4.13,72460.0,29944.377
601162.SH,20260806,3.73,3.74,3.64,3.66,1568366.19,577270.038
601163.SH,20260806,13.21,13.35,13.07,13.31,38491.98,50814.056
601166.SH,20260806,18.3,18.56,18.22,18.48,805255.43,1479938.685
601168.SH,20260806,41.95,42.62,39.21,39.73,1056224.88,4278196.366
601169.SH,20260806,5.04,5.06,5.0,5.03,1088923.61,547283.247
601177.SH,20260806,13.2,13.33,12.99,13.2,52294.69,68909.074
601179.SH,20260806,14.3,14.3,13.93,14.03,1872549.11,2634368.116
601186.SH,20260806,6.21,6.23,6.16,6.2,399910.0,247405.873
601187.SH,20260806,7.45,7.48,7.26,7.37,178286.0,130785.722
601188.SH,20260806,2.87,2.88,2.82,2.85,162964.33,46375.578
601198.SH,20260806,14.03,14.03,13.75,13.84,200113.57,277068.974
601199.SH,20260806,5.63,5.64,5.48,5.5,163732.0,90568.316
601200.SH,20260806,7.08,7.11,6.99,7.04,85730.57,60284.48
601208.SH,20260806,39.33,43.1,39.33,41.76,965356.19,3980342.361
601211.SH,20260806,17.96,18.07,17.82,17.86,687885.89,1231529.085
601212.SH,20260806,5.66,5.68,5.3,5.44,2793868.77,1533869.858
601216.SH,20260806,4.64,4.66,4.58,4.63,507775.79,234648.905
601218.SH,20260806,4.6,4.69,4.51,4.57,407418.28,186859.232
601222.SH,20260806,5.72,5.74,5.59,5.65,208997.99,118080.299
601225.SH,20260806,23.9,25.1,23.9,24.88,552217.65,1361115.99
601226.SH,20260806,6.27,6.3,6.18,6.27,100652.0,62749.671
601228.SH,20260806,3.08,3.09,3.03,3.06,270837.4,82784.906
601229.SH,20260806,9.3,9.33,9.23,9.3,434004.32,402865.898
601231.SH,20260806,25.96,27.88,25.8,27.52,737955.14,2004772.518
601233.SH,20260806,22.94,23.66,22.77,23.35,386813.27,901152.165
601236.SH,20260806,7.08,7.09,6.99,7.01,136169.08,95706.463
601238.SH,20260806,5.33,5.37,5.23,5.26,241043.4,127319.557
601279.SH,20260806,3.19,3.21,3.12,3.18,126250.0,39892.269
601288.SH,20260806,6.49,6.53,6.41,6.5,5906837.19,3819354.471
601298.SH,20260806,8.93,9.04,8.87,8.93,91178.0,81490.524
601311.SH,20260806,7.96,7.97,7.8,7.9,147303.42,116012.849
601318.SH,20260806,54.0,54.21,53.16,53.5,661674.63,3541174.548
601319.SH,20260806,7.16,7.23,7.09,7.12,734955.58,524850.557
601326.SH,20260806,3.44,3.47,3.39,3.44,276491.5,94750.089
601328.SH,20260806,6.95,6.98,6.86,6.94,1491896.5,1032512.132
601330.SH,20260806,7.22,7.24,7.13,7.18,87026.54,62415.96
601333.SH,20260806,3.01,3.01,2.96,2.99,679919.59,202812.459
601336.SH,20260806,63.0,63.18,61.88,62.43,215323.59,1344592.921
601339.SH,20260806,8.39,8.4,8.04,8.15,144082.2,117854.391
601360.SH,20260806,9.68,10.0,9.62,9.86,1464656.63,1438525.583
601366.SH,20260806,3.54,3.55,3.47,3.53,90943.0,31960.24
601368.SH,20260806,4.4,4.45,4.37,4.44,48804.2,21529.88
601369.SH,20260806,9.45,9.8,9.34,9.68,223405.54,213179.912
601375.SH,20260806,4.19,4.21,4.13,4.15,354723.48,147541.093
601377.SH,20260806,6.0,6.0,5.89,5.91,953190.09,565209.195
601388.SH,20260806,3.24,3.27,3.17,3.22,373853.7,120370.378
601390.SH,20260806,4.5,4.57,4.46,4.49,1134112.45,510656.13
601398.SH,20260806,7.54,7.58,7.46,7.57,4905355.57,3690034.686
601399.SH,20260806,3.36,3.38,3.3,3.34,648292.8,216280.938
601456.SH,20260806,9.08,9.08,8.94,8.97,158951.83,142829.769
601500.SH,20260806,4.03,4.04,3.97,4.02,113702.6,45525.254
601512.SH,20260806,7.81,7.89,7.78,7.88,27734.0,21718.677
601515.SH,20260806,3.3,3.33,3.26,3.32,160883.81,52905.363
601518.SH,20260806,2.78,2.79,2.75,2.77,118850.86,32868.595
601519.SH,20260806,8.54,8.65,8.34,8.42,312084.43,264628.011
601528.SH,20260806,5.01,5.05,4.89,4.98,233745.2,115808.424
601555.SH,20260806,8.21,8.27,8.15,8.22,334246.12,274234.343
601566.SH,20260806,8.42,8.46,8.31,8.43,49686.11,41690.204
601567.SH,20260806,16.16,16.22,15.83,16.12,191936.27,307191.34
601568.SH,20260806,3.72,3.76,3.67,3.73,207024.0,76966.855
601577.SH,20260806,9.32,9.43,9.22,9.34,206703.6,192180.565
601579.SH,20260806,15.5,15.85,15.18,15.36,73615.8,113774.478
601588.SH,20260806,1.72,1.73,1.68,1.71,284927.01,48601.306
601595.SH,20260806,18.23,18.92,17.95,18.08,73004.44,133920.193
601598.SH,20260806,6.37,6.5,6.33,6.46,240582.58,154524.493
601599.SH,20260806,3.04,3.09,3.01,3.05,217442.0,66344.627
601600.SH,20260806,9.86,9.9,9.47,9.61,2682147.67,2595830.281
601601.SH,20260806,31.87,32.2,31.45,31.67,326959.42,1036502.582
601606.SH,20260806,34.09,34.2,32.11,32.66,418633.75,1372373.555
601607.SH,20260806,16.49,16.5,16.25,16.43,104993.0,171730.292
601608.SH,20260806,4.86,4.97,4.81,4.84,481978.3,235601.376
601609.SH,20260806,10.53,10.58,10.15,10.26,285269.0,295178.9
601611.SH,20260806,12.32,12.35,11.91,11.98,1133630.5,1370945.845
601615.SH,20260806,11.6,11.88,11.38,11.48,471188.18,546727.514
601616.SH,20260806,3.73,3.73,3.65,3.72,344727.17,127151.64
601618.SH,20260806,2.65,2.66,2.59,2.63,1015777.91,266270.644
601619.SH,20260806,4.64,4.68,4.56,4.64,347629.07,160348.861
601628.SH,20260806,38.0,38.23,37.83,38.15,287189.17,1092074.746
601633.SH,20260806,15.97,15.98,15.51,15.72,195298.27,306300.167
601636.SH,20260806,5.91,6.1,5.83,6.03,762463.85,456835.723
601658.SH,20260806,4.97,4.99,4.92,4.97,1774148.2,879122.961
601665.SH,20260806,6.16,6.26,6.1,6.24,479913.7,296259.073
601666.SH,20260806,8.1,8.92,8.09,8.92,628527.41,536057.359
601668.SH,20260806,4.58,4.59,4.53,4.57,1907136.63,869724.624
601669.SH,20260806,4.83,4.85,4.79,4.81,1026368.92,493840.39
601677.SH,20260806,17.17,17.24,16.76,16.93,242995.43,412162.087
601678.SH,20260806,6.54,7.28,6.51,7.28,3520968.69,2507535.117
601686.SH,20260806,5.22,5.26,5.17,5.23,47095.0,24531.579
601688.SH,20260806,19.7,19.77,19.4,19.49,675999.26,1320264.323
601689.SH,20260806,49.5,50.39,49.3,49.77,238238.26,1186778.366
601696.SH,20260806,12.06,12.09,11.81,11.89,348085.44,415187.335
601698.SH,20260806,26.53,27.35,26.46,26.99,327274.08,883498.971
601699.SH,20260806,14.8,16.24,14.76,16.24,669864.27,1045383.852
601700.SH,20260806,7.1,7.16,6.9,7.16,1804371.64,1288381.235
601702.SH,20260806,15.66,15.74,15.29,15.47,73009.0,112926.894
601717.SH,20260806,16.05,16.22,15.8,16.05,213491.06,341707.676
601718.SH,20260806,1.81,1.82,1.77,1.8,229314.55,41158.958
601727.SH,20260806,6.98,6.99,6.84,6.88,897394.57,619132.665
601728.SH,20260806,6.23,6.34,6.22,6.3,1314934.49,826912.679
601766.SH,20260806,5.96,5.98,5.86,5.93,1580068.32,934020.77
601777.SH,20260806,8.8,8.97,8.58,8.63,399517.25,350042.225
601778.SH,20260806,3.88,4.0,3.83,3.9,1627716.87,634124.564
601788.SH,20260806,14.77,14.79,14.58,14.65,206125.27,302123.647
601789.SH,20260806,4.43,4.48,4.34,4.41,374078.16,164575.771
601798.SH,20260806,7.52,7.59,7.43,7.53,56241.0,42254.062
601799.SH,20260806,95.0,96.09,93.51,94.17,20721.11,196108.216
601800.SH,20260806,6.15,6.16,6.07,6.12,378810.8,231412.628
601801.SH,20260806,5.6,5.65,5.48,5.55,117095.0,65014.232
601808.SH,20260806,12.12,12.27,12.1,12.23,130898.62,159634.977
601811.SH,20260806,12.24,12.25,11.93,12.02,26177.0,31539.906
601816.SH,20260806,5.09,5.11,5.02,5.08,1207832.52,611089.726
601818.SH,20260806,3.07,3.08,3.04,3.06,1939383.38,593440.356
601825.SH,20260806,8.4,8.42,8.24,8.36,216933.78,180446.739
601827.SH,20260806,8.36,8.47,8.26,8.35,66109.0,55308.048
601828.SH,20260806,2.23,2.24,2.19,2.21,294763.73,65273.189
601838.SH,20260806,17.91,18.05,17.8,17.97,158306.77,283724.971
601857.SH,20260806,10.67,10.75,10.56,10.68,1254012.73,1337129.718
601858.SH,20260806,24.64,26.48,24.6,26.28,353850.93,899225.117
601860.SH,20260806,2.61,2.62,2.55,2.59,603026.0,155345.221
601865.SH,20260806,10.95,10.95,10.56,10.68,229251.69,245410.161
601866.SH,20260806,2.44,2.45,2.39,2.41,690086.95,166227.358
601868.SH,20260806,2.61,2.62,2.57,2.59,3378730.38,874758.725
601869.SH,20260806,310.56,333.0,310.5,328.25,189895.47,6111282.207
601872.SH,20260806,17.95,18.08,17.45,17.88,987956.16,1748654.506
601877.SH,20260806,25.8,25.8,25.2,25.39,169612.23,431286.29
601878.SH,20260806,9.52,9.53,9.41,9.44,245193.74,232030.071
601880.SH,20260806,1.49,1.5,1.45,1.47,1102953.63,162049.714
601881.SH,20260806,12.58,12.61,12.4,12.44,323025.69,403128.042
601882.SH,20260806,19.53,19.58,19.19,19.48,30438.0,59013.456
601886.SH,20260806,8.38,8.49,8.28,8.4,35465.0,29669.534
601888.SH,20260806,56.51,56.66,55.31,55.56,346071.29,1928175.496
601890.SH,20260806,8.56,8.59,8.42,8.49,138026.66,117222.27
601898.SH,20260806,13.31,14.46,13.3,14.2,915726.1,1272985.425
601899.SH,20260806,35.38,35.8,34.15,34.5,4026674.34,14063625.579
601900.SH,20260806,11.94,12.18,11.67,11.79,92604.99,109891.664
601901.SH,20260806,7.12,7.13,7.01,7.04,496042.53,349828.621
601908.SH,20260806,3.17,3.18,3.05,3.09,419986.96,129752.571
601916.SH,20260806,2.94,2.99,2.92,2.93,1546376.35,454631.712
601918.SH,20260806,9.39,10.02,9.34,9.82,839794.5,819623.03
601919.SH,20260806,15.31,15.45,15.25,15.37,670732.88,1028633.051
601921.SH,20260806,7.26,7.28,7.13,7.2,68926.81,49563.48
601928.SH,20260806,9.59,9.6,9.34,9.39,113363.0,106792.82
601929.SH,20260806,2.5,2.53,2.41,2.45,973265.43,238942.101
601933.SH,20260806,3.3,3.32,3.18,3.22,1898804.17,614471.589
601939.SH,20260806,10.0,10.12,9.87,10.11,2029714.56,2028541.659
601949.SH,20260806,5.49,5.54,5.34,5.4,129274.04,70047.062
601952.SH,20260806,8.23,8.37,8.11,8.3,191377.81,157879.64
601956.SH,20260806,4.87,4.91,4.8,4.88,55514.0,26937.898
601958.SH,20260806,22.89,23.25,22.4,22.87,656473.09,1496392.837
601963.SH,20260806,10.95,10.99,10.8,10.95,118481.28,129116.58
601965.SH,20260806,14.18,14.42,13.78,14.01,195004.17,273185.187
601966.SH,20260806,11.4,11.41,11.16,11.27,98553.0,111098.461
601968.SH,20260806,4.57,4.59,4.44,4.55,90322.0,40851.689
601969.SH,20260806,9.29,9.33,9.0,9.12,188003.62,171908.618
601975.SH,20260806,3.75,3.78,3.69,3.73,1728386.77,644423.928
601985.SH,20260806,8.82,8.85,8.76,8.83,1332708.72,1172294.031
601988.SH,20260806,5.75,5.81,5.7,5.79,2984613.11,1718744.02
601990.SH,20260806,6.82,6.85,6.73,6.77,188641.21,127848.079
601991.SH,20260806,6.34,6.37,6.17,6.25,3716835.0,2322675.509
601992.SH,20260806,1.42,1.42,1.39,1.42,463788.0,65370.965
601995.SH,20260806,35.51,35.58,34.73,34.91,268672.66,941514.894
601996.SH,20260806,2.39,2.39,2.34,2.39,160119.0,37854.454
601997.SH,20260806,5.67,5.7,5.57,5.64,467011.41,262529.001
601998.SH,20260806,7.56,7.58,7.45,7.55,484399.52,363788.344
601999.SH,20260806,6.0,6.07,5.9,6.02,45364.87,27183.374
603000.SH,20260806,17.32,17.81,17.15,17.29,249010.44,433472.167
603001.SH,20260806,7.02,7.35,6.96,7.27,150305.0,107947.311
603002.SH,20260806,13.3,14.32,13.2,14.04,675476.5,937781.291
603004.SH,20260806,20.52,21.28,20.33,20.85,97144.55,202566.305
603005.SH,20260806,30.9,33.06,30.76,32.3,641981.55,2059463.122
603006.SH,20260806,10.86,11.09,10.74,11.07,28889.0,31683.095
603007.SH,20260806,4.92,4.93,4.77,4.83,262064.3,126447.838
603008.SH,20260806,8.18,8.23,8.05,8.07,36057.0,29208.651
603009.SH,20260806,40.08,41.24,39.7,40.5,59828.77,242841.934
603010.SH,20260806,10.54,10.79,10.47,10.79,81316.12,86725.425
603011.SH,20260806,20.03,20.93,19.99,20.62,737182.78,1515309.713
603012.SH,20260806,8.61,8.95,8.6,8.7,209228.84,183331.644
603013.SH,20260806,16.84,17.09,16.6,16.76,26088.5,43777.299
603014.SH,20260806,33.57,34.06,33.46,33.95,22226.94,75175.453
603015.SH,20260806,10.51,10.86,10.4,10.67,63191.22,67185.877
603016.SH,20260806,29.38,29.44,28.59,29.14,20598.0,59761.849
603017.SH,20260806,9.34,9.46,9.22,9.42,39757.0,37219.801
603018.SH,20260806,5.33,5.37,5.25,5.31,69314.0,36733.124
603019.SH,20260806,87.0,88.96,86.25,87.8,451820.19,3956787.021
603020.SH,20260806,10.03,10.28,9.95,10.11,60677.0,61333.349
603021.SH,20260806,6.91,6.97,6.59,6.78,60752.0,41113.255
603022.SH,20260806,8.37,8.45,8.25,8.45,29896.0,25023.186
603023.SH,20260806,3.88,3.89,3.78,3.87,115113.42,44169.598
603025.SH,20260806,13.63,13.8,13.39,13.52,70016.05,94996.88
603026.SH,20260806,66.48,67.7,65.97,67.01,94062.11,628913.69
603027.SH,20260806,7.66,7.67,7.47,7.54,133024.13,100151.759
603028.SH,20260806,6.67,6.72,6.5,6.68,39430.0,26151.543
603029.SH,20260806,14.8,14.97,14.63,14.91,17880.0,26510.786
603030.SH,20260806,2.02,2.04,1.98,2.04,274630.0,55287.001
603031.SH,20260806,38.48,39.88,38.1,39.3,107601.15,420769.618
603032.SH,20260806,19.0,19.65,18.6,19.1,105606.5,201436.257
603033.SH,20260806,7.88,8.05,7.8,7.96,71931.51,57093.199
603035.SH,20260806,11.07,11.1,10.87,11.02,35096.76,38523.937
603036.SH,20260806,12.79,13.1,12.6,13.01,65776.0,85267.223
603037.SH,20260806,10.2,10.35,10.11,10.29,31568.4,32329.62
603038.SH,20260806,13.38,14.05,13.38,13.72,39699.0,54353.271
603039.SH,20260806,43.63,49.1,43.63,49.1,391551.12,1885855.89
603040.SH,20260806,56.83,57.28,55.22,55.75,17255.55,97007.535
603041.SH,20260806,10.52,10.75,10.52,10.74,16127.0,17175.959
603042.SH,20260806,12.53,13.35,12.36,13.0,135807.38,175406.847
603043.SH,20260806,13.9,13.9,13.49,13.66,39816.6,54259.028
603045.SH,20260806,54.26,55.33,53.05,54.2,120105.66,650306.113
603048.SH,20260806,20.42,21.88,20.29,20.72,34658.0,72741.792
603049.SH,20260806,48.95,49.31,48.6,49.12,20154.86,98735.562
603050.SH,20260806,18.65,18.68,18.16,18.35,26560.27,48798.943
603051.SH,20260806,19.9,20.75,19.9,20.52,55626.39,113523.959
603052.SH,20260806,51.19,53.43,50.5,53.09,36739.5,192129.45
603053.SH,20260806,8.87,8.94,8.83,8.92,13718.0,12185.08
603055.SH,20260806,8.42,8.44,8.27,8.35,52253.49,43526.284
603057.SH,20260806,23.03,23.03,22.0,22.31,20913.29,46581.185
603058.SH,20260806,9.97,10.25,9.7,10.07,178599.24,177969.287
603059.SH,20260806,24.15,24.24,23.78,24.22,12070.25,29026.345
603060.SH,20260806,5.66,5.8,5.5,5.58,123828.31,69741.704
603061.SH,20260806,290.0,314.98,288.88,307.73,53621.25,1642091.492
603062.SH,20260806,38.4,38.69,37.73,38.2,3039.0,11610.997
603063.SH,20260806,32.35,32.84,31.66,32.07,292028.32,939974.831
603065.SH,20260806,15.44,16.3,14.82,15.77,476595.91,747394.584
603066.SH,20260806,8.98,9.03,8.87,9.02,42864.0,38408.163
603067.SH,20260806,33.0,34.26,32.44,33.23,228040.12,760533.466
603068.SH,20260806,38.18,41.66,38.18,41.6,300715.1,1200818.412
603069.SH,20260806,13.45,13.7,13.22,13.41,36770.0,49249.944
603070.SH,20260806,11.6,11.71,11.38,11.62,22770.66,26303.935
603071.SH,20260806,11.91,12.02,11.78,11.98,35773.0,42540.604
603072.SH,20260806,32.91,33.47,32.25,32.46,32894.22,108048.511
603073.SH,20260806,15.95,16.11,15.58,15.94,20849.16,32955.913
603075.SH,20260806,19.0,19.3,18.86,19.18,23518.19,44783.459
603076.SH,20260806,20.06,20.43,19.92,20.28,17947.99,36276.559
603077.SH,20260806,2.43,2.46,2.37,2.4,1496153.36,360210.09
603078.SH,20260806,31.48,34.19,31.4,34.19,327063.77,1082564.805
603079.SH,20260806,11.41,11.52,11.31,11.48,22570.0,25782.712
603080.SH,20260806,18.59,18.99,18.55,18.9,13830.0,26055.6
603081.SH,20260806,9.04,9.63,9.0,9.56,130405.0,123221.468
603082.SH,20260806,36.52,37.36,36.26,37.25,55502.02,205371.856
603083.SH,20260806,145.02,155.77,143.8,152.8,247822.63,3717161.498
603085.SH,20260806,9.86,10.36,9.86,10.2,110872.46,112989.655
603086.SH,20260806,5.56,5.57,5.45,5.56,57887.81,31943.709
603087.SH,20260806,70.4,70.79,68.01,68.2,87780.15,602687.116
603088.SH,20260806,9.35,9.4,9.11,9.25,58247.2,53859.62
603089.SH,20260806,8.58,8.77,8.56,8.76,16664.0,14437.85
603090.SH,20260806,39.0,39.79,37.88,39.35,34311.0,133275.766
603091.SH,20260806,48.72,49.84,48.72,49.36,6092.8,30059.994
603092.SH,20260806,50.0,50.15,49.01,49.48,16084.83,79645.599
603093.SH,20260806,18.11,18.44,17.82,18.03,106584.0,192775.852
603095.SH,20260806,12.73,13.16,12.73,13.1,33738.62,43842.417
603096.SH,20260806,14.6,14.97,14.5,14.77,16580.23,24406.765
603097.SH,20260806,20.33,21.07,20.18,21.0,57378.4,118053.851
603098.SH,20260806,10.23,10.24,9.99,10.18,43291.0,43751.706
603099.SH,20260806,39.0,39.0,38.39,38.75,48717.58,188342.114
603100.SH,20260806,18.75,18.75,18.35,18.41,39351.45,72902.308
603101.SH,20260806,7.31,7.38,7.25,7.37,83964.4,61510.092
603102.SH,20260806,33.75,34.15,33.4,34.1,5790.5,19584.149
603103.SH,20260806,15.18,15.33,14.92,15.11,50300.5,75904.44
603105.SH,20260806,7.33,7.33,7.07,7.19,88274.49,63251.898
603106.SH,20260806,8.98,10.04,8.57,10.04,1219739.26,1163964.192
603107.SH,20260806,12.25,12.28,12.01,12.09,36519.0,44251.223
603108.SH,20260806,10.48,11.05,10.35,10.47,277148.44,293979.32
603109.SH,20260806,17.07,17.24,16.72,16.97,14174.8,24026.783
603110.SH,20260806,23.77,25.12,23.64,24.88,174218.0,429881.923
603111.SH,20260806,5.81,5.82,5.72,5.79,45138.5,26063.202
603112.SH,20260806,15.26,15.45,14.97,15.2,46022.22,69827.626
603113.SH,20260806,4.5,4.56,4.44,4.55,88123.8,39709.097
603115.SH,20260806,77.58,81.18,76.17,79.93,128452.0,1014503.186
603116.SH,20260806,5.88,6.35,5.85,5.96,148683.8,90324.214
603117.SH,20260806,3.62,3.69,3.59,3.67,107632.8,39093.234
603118.SH,20260806,13.95,14.94,13.95,14.78,1200366.71,1741086.122
603119.SH,20260806,53.1,54.4,52.11,53.6,107944.37,578004.07
603120.SH,20260806,46.5,48.8,46.5,48.35,29085.14,139324.375
603121.SH,20260806,12.08,12.19,11.78,12.02,47207.35,56637.558
603122.SH,20260806,11.3,12.39,11.18,12.39,263160.5,312219.967
603123.SH,20260806,9.14,10.07,9.07,10.07,429257.22,419857.707
603124.SH,20260806,117.1,130.57,116.0,128.78,84841.0,1067771.275
603125.SH,20260806,22.59,23.18,22.21,23.0,91063.64,207502.283
603126.SH,20260806,5.98,6.03,5.93,6.03,71210.0,42592.042
603127.SH,20260806,47.0,47.18,44.85,46.26,435444.21,2012812.828
603128.SH,20260806,5.3,5.33,5.23,5.3,106846.0,56377.048
603129.SH,20260806,298.61,302.88,288.45,294.46,20550.72,602358.147
603130.SH,20260806,41.0,41.75,40.22,40.53,19264.0,78709.026
603131.SH,20260806,15.15,15.69,15.12,15.55,75902.17,117597.421
603132.SH,20260806,18.59,19.5,18.36,19.21,200139.56,382154.545
603135.SH,20260806,9.34,9.59,9.29,9.55,90940.93,86183.94
603136.SH,20260806,8.88,8.96,8.81,8.94,25288.95,22473.946
603137.SH,20260806,25.82,26.53,24.8,25.0,262427.44,665296.271
603138.SH,20260806,13.37,14.03,13.33,13.51,84777.56,115575.966
603139.SH,20260806,34.73,36.44,34.41,36.25,22869.0,81836.369
603150.SH,20260806,49.2,50.6,49.08,50.33,13636.43,67976.084
603151.SH,20260806,12.45,12.67,12.34,12.61,29882.0,37387.089
603153.SH,20260806,13.31,13.42,13.16,13.34,13997.15,18583.023
603155.SH,20260806,13.12,13.71,13.0,13.6,117077.5,157583.644
603156.SH,20260806,45.34,47.0,44.2,45.98,118191.58,542997.468
603158.SH,20260806,10.39,10.64,10.2,10.34,220289.5,229436.518
603159.SH,20260806,18.47,19.16,18.23,19.15,29581.0,55650.364
603160.SH,20260806,52.69,52.82,51.8,52.25,61059.7,319537.246
603161.SH,20260806,14.02,14.26,13.82,14.07,45003.65,63029.021
603162.SH,20260806,11.19,11.7,11.01,11.59,443904.47,508730.247
603163.SH,20260806,77.0,81.88,76.26,80.54,37628.66,300924.568
603165.SH,20260806,13.87,13.87,13.6,13.8,33524.01,45959.491
603166.SH,20260806,11.74,11.83,11.13,11.59,197941.4,226857.825
603167.SH,20260806,8.78,8.8,8.67,8.72,32090.0,28015.045
603168.SH,20260806,5.35,5.37,5.25,5.35,58670.9,31140.067
603169.SH,20260806,7.08,7.16,6.96,6.98,163785.13,115313.708
603170.SH,20260806,13.08,13.14,12.82,13.01,30147.0,39087.021
603171.SH,20260806,49.4,52.1,48.96,49.68,181368.05,914126.832
603172.SH,20260806,16.83,17.02,16.54,16.97,13215.0,22231.012
603173.SH,20260806,32.17,32.38,31.66,32.08,15399.0,49145.934
603175.SH,20260806,82.2,84.81,81.8,83.05,24825.1,206156.42
603176.SH,20260806,4.52,4.61,4.48,4.58,41075.0,18655.28
603177.SH,20260806,8.98,9.11,8.88,9.1,38325.0,34559.075
603178.SH,20260806,17.42,17.48,16.76,16.95,162092.25,275615.381
603179.SH,20260806,39.28,39.43,38.4,38.84,177733.92,690356.722
603180.SH,20260806,14.74,14.93,14.6,14.93,8641.98,12782.17
603181.SH,20260806,13.2,13.45,13.13,13.23,60144.03,79691.297
603182.SH,20260806,12.05,12.22,11.94,12.18,16894.9,20443.126
603183.SH,20260806,4.4,4.59,4.4,4.57,348539.82,157515.742
603185.SH,20260806,16.1,17.19,16.03,16.51,257881.52,432980.567
603186.SH,20260806,122.0,131.24,122.0,130.0,238821.75,3047448.01
603187.SH,20260806,12.02,12.04,11.8,11.95,64290.0,76562.893
603188.SH,20260806,4.0,4.07,3.98,4.06,85485.5,34407.605
603189.SH,20260806,9.6,9.95,9.53,9.95,41384.0,40612.44
603190.SH,20260806,16.27,16.46,16.15,16.4,14350.3,23437.553
603191.SH,20260806,14.25,14.25,13.85,14.04,81318.13,113985.634
603192.SH,20260806,22.81,22.88,22.0,22.33,24884.8,55760.912
603193.SH,20260806,21.48,21.54,20.83,21.13,29833.0,62929.575
603194.SH,20260806,34.97,34.97,34.08,34.26,17058.85,58706.277
603195.SH,20260806,41.25,41.56,40.3,40.78,43434.33,177346.079
603196.SH,20260806,20.01,21.07,20.0,20.99,27699.0,56762.674
603197.SH,20260806,30.23,30.75,30.08,30.31,31754.4,96561.537
603198.SH,20260806,36.9,37.07,36.36,36.88,56737.56,208207.68
603199.SH,20260806,32.4,32.53,32.0,32.38,12929.0,41728.254
603200.SH,20260806,37.9,38.92,37.29,37.79,71366.69,271441.142
603201.SH,20260806,18.05,19.04,16.87,17.3,155958.65,277909.708
603202.SH,20260806,54.04,54.07,52.91,53.26,11682.24,62359.641
603203.SH,20260806,41.21,43.78,40.95,42.86,133696.39,568566.919
603205.SH,20260806,21.01,21.16,20.84,21.16,6799.3,14283.164
603206.SH,20260806,15.54,16.0,14.73,15.04,146230.76,221806.784
603207.SH,20260806,22.37,22.58,22.22,22.5,12330.83,27661.052
603208.SH,20260806,10.94,11.02,10.68,10.98,15932.36,17317.576
603209.SH,20260806,13.63,13.77,13.55,13.71,27415.7,37460.811
603210.SH,20260806,13.68,13.69,13.43,13.56,27010.0,36633.899
603211.SH,20260806,25.28,26.65,25.0,26.1,87863.08,229328.8
603212.SH,20260806,11.1,11.38,11.03,11.21,101476.77,113480.357
603213.SH,20260806,13.87,14.08,13.77,14.07,28747.52,40171.23
603214.SH,20260806,13.43,13.55,13.24,13.47,25434.8,34070.445
603215.SH,20260806,14.1,14.18,13.87,14.14,11167.0,15650.257
603216.SH,20260806,20.88,21.54,20.43,21.05,45839.0,96234.597
603217.SH,20260806,22.77,23.0,22.24,22.75,36884.4,83541.389
603218.SH,20260806,10.12,10.2,9.98,10.08,77138.0,77652.992
603219.SH,20260806,14.89,15.23,14.56,14.69,42283.44,62997.697
603220.SH,20260806,19.3,20.98,19.28,20.29,542114.79,1093093.561
603221.SH,20260806,24.79,24.79,24.3,24.79,160039.86,396490.928
603222.SH,20260806,8.45,8.85,8.14,8.59,563224.57,474451.383
603223.SH,20260806,10.9,11.21,10.82,11.04,95978.85,105761.049
603225.SH,20260806,19.25,19.81,19.11,19.69,150369.83,293190.526
603226.SH,20260806,47.43,48.47,47.0,48.28,19470.0,93112.043
603227.SH,20260806,7.67,7.71,7.56,7.66,74931.0,57261.413
603228.SH,20260806,76.96,86.32,76.78,86.32,465341.87,3941005.536
603229.SH,20260806,7.81,7.81,7.66,7.74,49509.76,38167.388
603230.SH,20260806,9.09,9.14,8.96,9.1,13274.0,11998.264
603231.SH,20260806,15.03,15.28,14.93,15.28,18943.51,28584.903
603232.SH,20260806,15.5,16.06,15.41,15.72,113120.0,178415.021
603233.SH,20260806,18.36,18.39,17.85,17.91,86428.48,155702.094
603235.SH,20260806,23.6,23.7,23.38,23.7,3207.0,7546.602
603236.SH,20260806,46.99,51.16,46.58,49.52,151621.2,744349.838
603237.SH,20260806,14.27,14.27,13.92,14.15,9628.2,13542.367
603238.SH,20260806,11.78,11.97,11.62,11.93,25351.0,29922.728
603239.SH,20260806,14.5,14.6,14.15,14.32,32087.04,46084.956
603248.SH,20260806,19.19,19.39,18.85,18.98,37506.01,71573.098
603255.SH,20260806,27.11,27.48,26.83,27.24,11723.32,31807.393
603256.SH,20260806,138.0,150.98,137.02,148.74,316550.89,4579470.197
603257.SH,20260806,66.26,66.52,65.11,66.5,11870.09,78173.539
603258.SH,20260806,13.57,13.78,13.14,13.33,36507.06,49010.042
603259.SH,20260806,148.82,149.37,141.45,142.7,775094.17,11197821.427
603260.SH,20260806,35.19,35.76,34.74,35.11,125597.06,442086.294
603261.SH,20260806,50.94,52.48,49.7,50.45,32246.0,165715.237
603262.SH,20260806,19.38,20.46,19.12,20.44,99751.55,198826.275
603266.SH,20260806,15.7,16.0,15.51,15.79,17112.81,26994.616
603267.SH,20260806,51.0,52.33,50.68,51.4,126686.09,651335.058
603268.SH,20260806,176.1,184.37,171.53,180.0,133199.88,2397942.283
603269.SH,20260806,12.56,13.8,12.43,13.6,366878.12,491878.643
603270.SH,20260806,25.1,27.17,25.0,27.01,69108.39,181906.779
603271.SH,20260806,43.1,43.65,42.76,43.15,16581.53,71643.435
603272.SH,20260806,17.1,17.5,16.5,17.25,47424.0,80340.976
603273.SH,20260806,14.04,14.15,13.81,14.07,18513.0,25875.477
603275.SH,20260806,36.26,36.97,36.04,36.61,7678.99,28060.371
603276.SH,20260806,15.1,15.36,14.99,15.17,28930.5,43927.479
603277.SH,20260806,10.72,10.8,10.5,10.7,14469.17,15387.118
603278.SH,20260806,9.39,9.61,9.28,9.49,185858.07,175570.104
603279.SH,20260806,13.01,13.12,12.83,12.98,54767.4,71018.192
603280.SH,20260806,25.72,25.98,25.35,25.66,11257.0,28903.446
603281.SH,20260806,21.03,21.45,20.95,21.24,29624.71,62756.758
603282.SH,20260806,14.51,14.78,14.31,14.57,9698.0,14096.905
603283.SH,20260806,40.88,43.76,40.77,42.98,227007.28,963794.651
603284.SH,20260806,38.72,39.47,38.57,39.45,16223.74,63371.525
603285.SH,20260806,32.52,35.86,31.91,35.86,44633.89,155953.895
603286.SH,20260806,40.82,42.3,40.46,41.21,39885.0,165438.589
603288.SH,20260806,37.0,37.17,36.44,36.55,168525.05,617802.423
603289.SH,20260806,8.17,8.3,8.11,8.3,32938.5,27082.995
603290.SH,20260806,85.0,87.7,84.71,86.35,76807.52,662047.733
603291.SH,20260806,8.71,8.96,8.69,8.84,44320.0,39179.905
603293.SH,20260806,37.05,37.77,36.69,37.18,20105.53,74724.168
603296.SH,20260806,78.4,82.3,77.51,81.23,279735.42,2252478.484
603297.SH,20260806,101.5,107.74,100.02,105.07,31955.09,334118.385
603298.SH,20260806,27.23,27.4,26.19,26.4,93774.17,249552.812
603299.SH,20260806,9.23,9.26,9.07,9.14,49270.1,45103.518
603300.SH,20260806,5.08,5.18,5.0,5.03,440712.45,223556.48
603301.SH,20260806,88.0,89.2,87.0,87.33,19452.27,171232.143
603303.SH,20260806,19.93,20.77,19.68,20.42,30035.18,61108.478
603305.SH,20260806,12.0,12.11,11.8,11.88,203829.21,242711.336
603306.SH,20260806,67.2,68.98,65.55,67.5,178008.96,1196202.791
603307.SH,20260806,23.69,24.24,23.6,24.04,6066.15,14533.048
603308.SH,20260806,47.01,48.75,46.5,48.07,190599.17,911315.449
603309.SH,20260806,11.66,11.69,11.37,11.57,73966.45,85009.88
603310.SH,20260806,14.69,14.91,14.63,14.9,21772.12,32150.851
603311.SH,20260806,28.0,29.22,27.62,29.22,50647.0,144597.844
603312.SH,20260806,32.22,33.05,31.62,31.91,12109.49,38981.432
603313.SH,20260806,5.87,6.17,5.77,6.11,306763.63,183798.557
603315.SH,20260806,12.23,12.43,12.09,12.32,65576.0,80496.914
603316.SH,20260806,13.23,13.83,13.2,13.74,129792.0,176163.261
603317.SH,20260806,14.83,14.87,14.15,14.27,177362.93,255178.437
603318.SH,20260806,8.95,9.26,8.81,9.26,543267.28,495003.2
603319.SH,20260806,24.8,26.78,24.63,26.4,196333.07,510390.36
603320.SH,20260806,16.42,16.82,16.42,16.77,15938.0,26514.336
603321.SH,20260806,6.08,6.14,6.02,6.12,28556.07,17386.885
603322.SH,20260806,27.04,27.68,26.81,27.32,53096.0,144880.45
603323.SH,20260806,4.3,4.32,4.22,4.28,354586.85,151288.943
603324.SH,20260806,25.65,27.05,25.65,26.93,59995.5,159141.913
603325.SH,20260806,53.85,53.95,52.98,53.59,2740.0,14648.469
603326.SH,20260806,6.49,6.64,6.42,6.64,36843.0,24083.71
603327.SH,20260806,9.11,9.29,8.96,9.15,329928.21,300854.548
603328.SH,20260806,9.85,9.98,9.76,9.86,161409.37,159307.008
603329.SH,20260806,9.84,10.04,9.76,10.03,36581.5,36272.078
603330.SH,20260806,7.18,7.79,7.14,7.59,275661.56,207935.304
603331.SH,20260806,11.84,12.34,11.84,12.33,55354.0,67207.382
603332.SH,20260806,10.91,11.04,10.83,11.0,36156.82,39549.677
603333.SH,20260806,8.6,9.2,8.55,9.17,407910.01,366906.318
603334.SH,20260806,32.82,33.28,32.55,32.94,14922.67,49071.932
603335.SH,20260806,6.7,6.9,6.52,6.84,321943.91,216065.727
603336.SH,20260806,9.98,10.44,9.85,10.18,346663.66,355599.612
603337.SH,20260806,45.82,45.82,44.5,44.91,67048.88,301687.687
603338.SH,20260806,56.88,57.27,55.8,56.66,49487.38,279739.856
603339.SH,20260806,13.84,13.95,13.66,13.94,108818.91,150434.596
603341.SH,20260806,36.6,37.23,36.21,36.58,85414.37,313196.267
603344.SH,20260806,22.4,22.69,22.14,22.61,14560.96,32688.034
603345.SH,20260806,85.5,85.63,83.6,84.02,58350.5,490697.315
603348.SH,20260806,14.38,14.6,14.22,14.43,41282.77,59390.329
603350.SH,20260806,27.57,27.8,27.15,27.5,6296.07,17275.404
603351.SH,20260806,23.95,24.96,23.94,24.93,13265.0,32690.012
603352.SH,20260806,27.36,28.28,27.01,27.01,39092.2,107835.206
603353.SH,20260806,29.21,29.96,29.17,29.72,31251.0,92474.352
603355.SH,20260806,28.85,29.13,28.3,28.4,22690.99,64880.336
603356.SH,20260806,15.77,15.95,15.39,15.7,22766.0,35573.812
603357.SH,20260806,6.06,6.1,5.98,6.09,29374.72,17739.17
603358.SH,20260806,41.05,42.55,40.85,42.03,111056.49,465621.472
603359.SH,20260806,2.26,2.3,2.23,2.27,86991.68,19690.552
603360.SH,20260806,13.7,13.95,13.38,13.56,110467.98,150696.689
603363.SH,20260806,2.86,2.88,2.81,2.87,279671.0,79557.093
603365.SH,20260806,17.7,17.95,17.63,17.95,12695.13,22575.166
603366.SH,20260806,6.89,6.95,6.77,6.85,97542.66,66722.272
603367.SH,20260806,14.54,14.82,14.32,14.7,174750.7,254878.439
603368.SH,20260806,15.46,15.52,15.28,15.51,38939.99,59933.491
603369.SH,20260806,27.45,27.51,26.9,27.08,142559.64,386394.879
603370.SH,20260806,34.5,35.05,34.13,34.36,9747.71,33554.586
603373.SH,20260806,37.9,38.56,36.81,37.84,32105.79,120326.964
603375.SH,20260806,35.3,37.17,35.08,37.09,26493.12,96497.28
603376.SH,20260806,26.12,26.39,25.7,25.85,18425.35,47791.942
603377.SH,20260806,2.83,3.1,2.81,3.01,89152.94,26536.856
603378.SH,20260806,5.2,5.4,5.14,5.34,72340.95,38227.065
603379.SH,20260806,62.71,65.86,62.48,65.75,125232.98,806836.528
603380.SH,20260806,32.6,33.26,31.92,32.91,25967.11,85057.408
603381.SH,20260806,14.89,14.99,14.59,14.87,37415.0,55294.103
603382.SH,20260806,18.35,18.49,18.03,18.29,22805.0,41555.935
603383.SH,20260806,30.56,31.27,30.16,30.41,51572.34,157972.972
603385.SH,20260806,5.14,5.24,5.11,5.24,32363.2,16767.472
603386.SH,20260806,12.25,12.77,12.24,12.77,73132.0,91970.997
603387.SH,20260806,8.89,8.97,8.81,8.97,89788.91,79808.036
603389.SH,20260806,44.13,46.66,44.05,46.08,23130.0,105591.481
603390.SH,20260806,9.95,10.13,9.93,10.09,57491.5,57663.434
603391.SH,20260806,61.14,61.14,57.02,60.25,26233.0,155978.764
603392.SH,20260806,30.1,30.19,28.91,29.2,56225.16,164664.208
603393.SH,20260806,25.4,25.96,25.33,25.8,57646.68,148117.136
603395.SH,20260806,22.75,22.79,22.18,22.39,29212.78,65432.082
603396.SH,20260806,24.46,24.75,23.97,24.36,23537.0,57199.121
603398.SH,20260806,9.6,10.32,9.51,10.28,100284.2,101501.551
603399.SH,20260806,15.65,16.0,15.33,15.69,584372.28,916967.784
603400.SH,20260806,44.18,45.1,43.7,44.54,59357.12,262745.604
603402.SH,20260806,65.85,66.3,64.46,65.2,16881.38,110335.907
603406.SH,20260806,26.9,27.25,26.76,27.0,9220.26,24898.096
603407.SH,20260806,61.73,64.87,61.6,63.51,85806.21,545671.609
603408.SH,20260806,10.41,10.58,10.32,10.54,36868.0,38637.341
603409.SH,20260806,17.37,17.57,17.2,17.41,16500.65,28701.547
603416.SH,20260806,51.19,52.29,51.03,51.37,18456.0,95193.183
603418.SH,20260806,44.4,44.47,43.61,43.71,9952.49,43712.815
603421.SH,20260806,5.85,6.41,5.82,6.41,359337.3,223021.149
603429.SH,20260806,7.61,7.74,7.6,7.7,16483.68,12642.297
603435.SH,20260806,51.44,54.8,51.44,53.65,75627.19,405237.242
603439.SH,20260806,10.77,11.19,10.71,11.09,98896.25,108785.126
603444.SH,20260806,390.0,396.98,382.0,383.52,22359.8,866889.142
603456.SH,20260806,15.59,15.74,15.13,15.18,222277.18,340286.739
603458.SH,20260806,9.18,9.36,9.1,9.35,147158.94,135790.759
603459.SH,20260806,90.03,97.06,89.0,95.98,219169.55,2071532.894
603466.SH,20260806,11.23,11.55,11.12,11.4,512123.07,580471.259
603468.SH,20260806,39.6,45.45,36.89,37.49,309747.46,1230281.207
603477.SH,20260806,14.95,15.06,14.66,14.96,142252.99,211045.033
603486.SH,20260806,59.82,60.05,58.35,58.4,50846.24,299411.881
603488.SH,20260806,8.46,8.58,8.35,8.56,71483.5,60387.513
603489.SH,20260806,26.58,27.3,26.33,26.71,22204.0,59336.773
603496.SH,20260806,25.79,26.45,25.57,25.96,187366.79,487009.079
603499.SH,20260806,11.93,12.27,11.88,12.13,49635.44,60101.838
603500.SH,20260806,9.47,9.65,9.34,9.58,106360.04,101062.119
603501.SH,20260806,89.81,90.25,88.44,89.65,248380.79,2218841.474
603505.SH,20260806,16.65,17.07,16.52,17.02,195131.6,327600.613
603506.SH,20260806,10.05,10.19,9.94,10.15,19625.14,19769.097
603507.SH,20260806,24.2,24.56,23.85,24.33,83151.48,201184.634
603508.SH,20260806,23.3,23.4,22.91,23.13,41673.16,96247.949
603511.SH,20260806,11.88,11.98,11.72,11.9,11559.0,13701.361
603515.SH,20260806,17.15,17.21,16.91,17.11,14074.63,23963.581
603516.SH,20260806,97.0,99.79,96.4,98.32,54298.07,533593.805
603517.SH,20260806,10.92,11.06,10.83,11.04,43042.0,47164.681
603518.SH,20260806,7.92,7.96,7.8,7.93,53756.84,42307.499
603519.SH,20260806,15.46,15.46,15.0,15.21,89893.87,136227.824
603520.SH,20260806,8.94,8.98,8.75,8.84,79556.58,70337.454
603527.SH,20260806,9.71,9.85,9.62,9.82,74036.06,72165.045
603528.SH,20260806,6.36,6.59,6.29,6.4,140760.12,90422.232
603529.SH,20260806,21.35,21.4,20.87,21.04,59800.35,126041.839
603530.SH,20260806,45.0,45.17,43.86,45.05,26126.63,116638.555
603533.SH,20260806,23.09,23.87,22.85,23.11,272183.0,633668.91
603535.SH,20260806,6.46,6.52,6.36,6.44,34123.0,21938.593
603536.SH,20260806,9.0,9.17,8.89,9.05,42269.4,38099.983
603538.SH,20260806,28.2,28.28,26.77,27.39,534600.42,1468415.712
603551.SH,20260806,9.46,9.47,9.31,9.43,16062.0,15081.0
603556.SH,20260806,26.65,27.98,26.28,27.07,183339.71,494722.376
603557.SH,20260806,3.7,3.75,3.68,3.73,39167.0,14532.759
603558.SH,20260806,12.88,12.99,12.53,12.89,51503.2,65751.425
603559.SH,20260806,9.07,9.72,8.92,9.44,223483.0,207952.977
603565.SH,20260806,10.6,10.7,10.36,10.49,134295.04,140821.286
603566.SH,20260806,10.24,10.32,10.0,10.13,58021.0,58669.078
603567.SH,20260806,6.59,6.77,6.3,6.44,870471.64,560688.693
603568.SH,20260806,15.38,15.49,14.97,15.44,148562.6,226248.328
603569.SH,20260806,5.78,5.85,5.71,5.81,34889.5,20151.292
603577.SH,20260806,10.0,10.04,9.7,9.88,81907.0,80657.995
603578.SH,20260806,11.87,12.2,11.68,11.9,39896.94,47529.371
603579.SH,20260806,18.04,18.1,17.76,18.06,22111.0,39635.094
603580.SH,20260806,55.67,55.99,51.5,53.7,125518.52,673617.46
603583.SH,20260806,24.3,24.69,23.96,24.23,48896.41,118443.607
603585.SH,20260806,10.03,10.13,9.95,10.11,34497.34,34641.467
603586.SH,20260806,13.27,13.35,13.16,13.35,14001.0,18578.449
603587.SH,20260806,11.53,11.57,11.37,11.48,21167.9,24257.415
603588.SH,20260806,14.43,14.5,13.84,14.02,710804.42,1007471.865
603589.SH,20260806,20.1,20.24,19.78,19.96,89714.0,178815.113
603590.SH,20260806,30.7,30.85,30.01,30.75,28591.0,87325.506
603595.SH,20260806,23.4,24.5,23.3,24.31,26393.0,63407.081
603596.SH,20260806,26.9,27.52,26.47,27.5,236520.05,640385.613
603598.SH,20260806,17.8,18.65,17.7,18.07,239129.13,432606.548
603599.SH,20260806,10.41,10.48,10.28,10.42,88588.03,91974.731
603600.SH,20260806,9.56,9.65,9.45,9.56,31663.0,30144.062
603601.SH,20260806,9.08,10.08,9.0,9.7,2064332.34,1999273.349
603602.SH,20260806,11.02,12.16,10.9,11.49,127340.9,147497.768
603605.SH,20260806,58.99,59.12,57.33,57.9,52515.64,304802.646
603606.SH,20260806,39.1,39.33,38.6,38.88,194501.22,756280.276
603607.SH,20260806,21.97,22.32,21.5,22.02,47493.4,104516.721
603608.SH,20260806,18.48,19.38,18.31,19.1,166261.5,316046.995
603609.SH,20260806,6.2,6.23,6.12,6.21,19286.0,11898.809
603610.SH,20260806,15.18,15.46,14.88,15.15,68064.66,103172.9
603611.SH,20260806,17.26,17.38,17.02,17.19,21843.6,37553.994
603612.SH,20260806,17.08,17.15,16.66,16.83,115813.0,195510.38
603613.SH,20260806,20.01,20.44,19.45,19.63,119311.04,237300.85
603615.SH,20260806,15.88,16.33,15.78,16.28,27504.6,44312.278
603616.SH,20260806,5.16,5.28,5.12,5.28,140463.0,72847.58
603617.SH,20260806,6.89,7.02,6.8,7.02,109957.44,76062.594
603618.SH,20260806,26.68,27.26,25.68,26.51,1034210.65,2732802.077
603619.SH,20260806,21.23,22.45,21.23,22.43,460254.96,1013332.937
603626.SH,20260806,15.24,15.78,15.0,15.68,492494.5,758012.155
603628.SH,20260806,9.51,9.52,9.34,9.5,30618.0,28894.062
603629.SH,20260806,112.31,123.92,112.31,122.52,767764.23,9273563.272
603630.SH,20260806,15.27,15.27,14.77,14.97,60909.5,91141.565
603633.SH,20260806,6.14,6.27,6.09,6.27,82317.04,50852.408
603636.SH,20260806,7.21,7.37,7.1,7.24,152977.65,110710.302
603637.SH,20260806,12.8,13.23,12.62,12.92,69424.0,89455.829
603638.SH,20260806,20.1,20.38,19.85,19.99,93063.27,186936.727
603639.SH,20260806,10.6,10.62,10.44,10.61,17316.0,18241.305
603648.SH,20260806,9.05,9.19,9.01,9.18,21606.0,19647.26
603650.SH,20260806,57.55,62.89,57.0,62.16,281465.87,1691259.113
603655.SH,20260806,26.37,27.85,26.2,27.31,13978.0,37838.374
603656.SH,20260806,17.7,18.26,17.42,17.65,22187.0,39531.706
603657.SH,20260806,26.43,28.21,25.83,28.17,75798.24,207642.863
603658.SH,20260806,32.7,32.7,31.9,32.01,30650.92,98405.498
603659.SH,20260806,24.55,24.58,23.78,24.0,301207.88,726235.607
603660.SH,20260806,10.55,11.1,10.45,10.9,318821.91,346583.791
603661.SH,20260806,31.73,32.0,31.02,31.55,21959.0,69256.604
603662.SH,20260806,53.5,54.67,53.09,53.86,61101.15,329730.733
603663.SH,20260806,37.27,39.63,37.0,39.31,437937.16,1689129.981
603665.SH,20260806,22.2,22.35,21.86,22.16,15492.96,34236.99
603666.SH,20260806,24.47,26.5,24.37,25.8,71062.79,183818.198
603667.SH,20260806,54.67,56.0,54.01,55.13,169076.74,933757.629
603668.SH,20260806,10.65,10.74,10.2,10.47,108890.37,113494.103
603669.SH,20260806,5.77,5.9,5.6,5.89,201599.7,116572.686
603676.SH,20260806,8.77,8.91,8.7,8.9,21192.0,18699.235
603677.SH,20260806,13.24,13.36,13.06,13.31,15188.0,20083.324
603678.SH,20260806,47.23,50.04,46.16,48.78,394851.53,1910719.726
603679.SH,20260806,21.9,23.2,21.62,22.63,159558.71,356680.453
603680.SH,20260806,10.48,10.79,10.48,10.59,82798.86,88205.081
603681.SH,20260806,17.56,18.25,17.3,18.21,76931.0,138381.616
603682.SH,20260806,10.7,11.42,10.51,11.4,340837.0,375125.485
603683.SH,20260806,15.1,15.81,15.05,15.69,284446.0,438372.895
603685.SH,20260806,25.23,26.39,25.0,26.2,34203.52,88337.732
603686.SH,20260806,13.35,13.52,13.17,13.34,110994.24,147867.173
603687.SH,20260806,14.18,14.5,14.0,14.44,208120.63,296393.503
603688.SH,20260806,45.97,48.18,45.7,47.57,180644.11,848369.885
603689.SH,20260806,7.49,7.49,7.36,7.46,33959.16,25228.064
603690.SH,20260806,22.57,23.84,22.5,23.59,501566.58,1170041.162
603693.SH,20260806,12.39,12.39,11.98,12.18,90247.14,109354.195
603696.SH,20260806,13.27,13.48,12.86,12.99,213568.52,278725.769
603697.SH,20260806,9.75,9.75,9.58,9.73,33425.6,32318.788
603698.SH,20260806,22.8,23.7,22.73,23.59,212148.23,495023.087
603699.SH,20260806,51.7,52.98,51.11,51.78,85728.0,444546.704
603700.SH,20260806,11.48,11.61,11.15,11.27,53505.0,60718.791
603701.SH,20260806,19.6,20.06,19.31,20.0,30759.65,61011.465
603703.SH,20260806,9.1,9.32,9.02,9.23,73233.37,67324.614
603706.SH,20260806,18.87,19.08,18.65,19.05,13940.69,26285.064
603707.SH,20260806,8.06,8.06,7.87,7.94,91108.6,72434.61
603708.SH,20260806,9.46,9.51,9.31,9.43,28746.73,26999.242
603709.SH,20260806,10.93,11.15,10.81,11.07,21142.05,23230.239
603711.SH,20260806,11.15,11.28,11.02,11.16,58154.36,64748.499
603712.SH,20260806,12.13,12.27,11.85,12.05,108240.0,130537.927
603713.SH,20260806,62.71,67.76,62.43,67.3,57733.13,382219.202
603716.SH,20260806,16.82,18.47,16.4,17.56,469617.02,817362.694
603717.SH,20260806,5.88,6.07,5.83,6.07,103374.0,61890.986
603718.SH,20260806,2.89,2.91,2.83,2.89,65132.0,18716.525
603719.SH,20260806,10.0,10.08,9.8,9.94,61371.0,60873.193
603721.SH,20260806,17.97,18.48,17.57,18.0,57054.0,102619.547
603722.SH,20260806,30.14,30.95,29.56,30.71,17363.4,52565.389
603725.SH,20260806,10.14,10.48,10.0,10.47,148575.86,153214.171
603726.SH,20260806,23.37,23.94,23.08,23.62,50299.0,118540.365
603727.SH,20260806,18.07,18.47,17.68,17.92,36308.0,65240.228
603728.SH,20260806,51.91,53.09,51.54,52.17,62705.3,328374.68
603729.SH,20260806,10.98,11.19,10.97,11.08,13247.0,14654.431
603730.SH,20260806,10.44,10.9,10.41,10.65,236284.42,253116.023
603733.SH,20260806,20.4,20.88,20.2,20.52,67631.38,139134.68
603737.SH,20260806,23.77,23.85,23.11,23.46,97575.22,228512.585
603738.SH,20260806,33.8,36.47,33.8,36.47,611285.16,2134032.533
603739.SH,20260806,11.41,11.63,11.39,11.63,24940.0,28724.474
603755.SH,20260806,22.8,23.1,22.4,23.03,9765.0,22211.551
603757.SH,20260806,57.5,60.45,57.14,59.1,77805.45,457884.715
603758.SH,20260806,9.38,9.98,9.19,9.53,80375.0,76737.943
603759.SH,20260806,7.21,7.26,7.12,7.26,30887.0,22212.91
603766.SH,20260806,14.53,14.63,13.9,14.01,326813.81,460117.971
603767.SH,20260806,15.07,15.18,14.78,14.98,40414.0,60439.023
603768.SH,20260806,11.22,11.3,10.89,11.19,37488.0,41808.446
603773.SH,20260806,81.58,86.43,80.98,86.43,134151.29,1135934.68
603776.SH,20260806,20.65,21.55,20.32,21.45,48473.11,101994.107
603777.SH,20260806,14.5,14.82,14.19,14.49,70248.19,101676.844
603778.SH,20260806,10.65,10.88,10.57,10.81,719864.8,770768.44
603779.SH,20260806,7.63,7.9,7.6,7.84,197137.0,153451.985
603786.SH,20260806,43.23,43.95,42.51,42.7,21645.2,93216.105
603787.SH,20260806,10.01,10.08,9.9,10.07,52276.0,52282.611
603788.SH,20260806,13.97,14.23,13.9,14.2,16895.8,23778.932
603789.SH,20260806,6.2,6.45,6.2,6.4,36112.6,22848.778
603790.SH,20260806,21.25,21.47,20.69,21.28,36039.0,76129.297
603797.SH,20260806,4.06,4.12,3.99,4.1,68521.59,27769.316
603798.SH,20260806,13.08,13.65,12.94,13.54,77089.6,103150.902
603799.SH,20260806,42.18,42.5,40.87,41.4,835591.09,3481528.743
603800.SH,20260806,54.96,60.99,54.96,60.38,86191.0,509137.216
603801.SH,20260806,5.89,5.99,5.76,5.91,62916.73,36819.682
603803.SH,20260806,10.28,10.68,10.02,10.57,269348.29,280818.138
603806.SH,20260806,15.11,15.42,14.88,15.04,248873.8,375375.128
603808.SH,20260806,7.86,8.04,7.84,8.03,39249.5,31255.807
603809.SH,20260806,9.54,9.56,9.32,9.41,127877.12,120485.636
603810.SH,20260806,11.49,11.71,11.43,11.71,20025.0,23160.564
603811.SH,20260806,7.24,7.24,7.13,7.21,31595.44,22691.477
603813.SH,20260806,33.01,33.59,32.64,32.95,3632.0,11961.524
603815.SH,20260806,5.56,5.62,5.36,5.46,139698.0,76381.342
603816.SH,20260806,24.94,24.94,24.2,24.75,79684.77,195668.048
603817.SH,20260806,5.65,5.66,5.55,5.65,72474.0,40674.481
603818.SH,20260806,3.42,3.55,3.38,3.52,231084.0,80778.216
603819.SH,20260806,13.49,13.99,13.39,13.95,67977.78,94144.089
603822.SH,20260806,58.09,59.66,57.25,58.86,6452.0,37633.159
603823.SH,20260806,63.44,66.8,63.44,66.8,170904.78,1134316.622
603825.SH,20260806,7.68,8.04,7.66,8.02,49947.0,39740.664
603826.SH,20260806,17.93,18.0,17.17,17.22,250843.89,438261.526
603828.SH,20260806,4.24,4.3,4.19,4.23,20424.0,8670.626
603829.SH,20260806,15.1,15.11,14.63,14.94,31610.02,47047.913
603833.SH,20260806,32.95,33.16,32.45,33.03,61363.01,201021.294
603836.SH,20260806,8.72,8.79,8.55,8.75,25178.4,21935.061
603838.SH,20260806,8.49,8.87,8.31,8.73,28556.0,24720.056
603839.SH,20260806,6.78,6.84,6.64,6.76,27958.4,18844.12
603843.SH,20260806,7.06,7.33,6.86,7.18,152262.0,107995.282
603848.SH,20260806,13.41,13.44,13.18,13.4,13876.0,18487.678
603855.SH,20260806,16.69,16.7,16.4,16.57,20662.0,34137.858
603856.SH,20260806,11.4,11.54,11.23,11.35,42165.0,47955.22
603858.SH,20260806,15.55,15.59,15.33,15.43,44428.82,68570.43
603859.SH,20260806,42.13,45.0,42.09,43.45,156694.57,687205.037
603860.SH,20260806,25.67,25.93,25.38,25.77,8161.0,20933.648
603861.SH,20260806,12.38,12.44,12.16,12.33,96110.0,118160.982
603863.SH,20260806,13.06,13.08,12.6,12.85,50212.0,64139.419
603866.SH,20260806,4.33,4.34,4.24,4.31,110837.82,47477.916
603867.SH,20260806,28.6,29.3,28.2,29.0,65726.58,189208.898
603868.SH,20260806,31.0,31.29,30.81,31.07,7346.03,22732.661
603869.SH,20260806,8.53,8.96,8.45,8.93,28689.75,25070.229
603871.SH,20260806,12.81,12.96,12.58,12.77,126013.97,160444.665
603876.SH,20260806,21.72,21.9,20.14,20.64,327294.9,681518.632
603877.SH,20260806,12.9,13.04,12.76,12.96,23802.0,30664.47
603878.SH,20260806,5.02,5.04,4.87,4.99,125955.0,62424.816
603879.SH,20260806,5.05,5.14,4.93,5.04,110303.0,55590.061
603880.SH,20260806,7.51,7.61,7.2,7.24,118175.85,87353.098
603881.SH,20260806,25.92,26.47,25.66,26.01,424036.96,1105632.003
603882.SH,20260806,27.7,28.6,27.55,28.03,71959.0,202015.131
603883.SH,20260806,12.54,12.56,12.2,12.39,111267.74,137514.058
603885.SH,20260806,11.19,11.33,11.06,11.19,136859.0,152889.178
603886.SH,20260806,10.6,10.71,10.48,10.65,26943.31,28578.593
603887.SH,20260806,9.53,9.8,9.43,9.52,208573.68,199837.238
603888.SH,20260806,17.16,17.45,16.96,17.09,109537.92,187663.76
603889.SH,20260806,5.71,5.71,5.54,5.62,108245.37,60490.858
603890.SH,20260806,17.95,18.99,17.77,18.76,247113.24,457346.046
603893.SH,20260806,196.0,209.2,195.01,203.0,172424.21,3495982.581
603895.SH,20260806,24.5,24.69,23.6,24.25,19653.0,47401.358
603896.SH,20260806,14.67,14.71,14.42,14.59,14448.5,21017.305
603897.SH,20260806,26.34,26.88,26.03,26.57,60214.0,159394.835
603898.SH,20260806,10.71,11.08,10.62,11.06,51098.0,55544.473
603899.SH,20260806,22.91,23.03,22.55,22.61,32005.0,72629.339
603900.SH,20260806,6.1,6.34,5.88,5.99,198895.5,120671.045
603901.SH,20260806,9.6,9.77,9.55,9.69,79783.79,77136.775
603903.SH,20260806,12.37,12.66,11.9,12.5,127230.0,157697.498
603906.SH,20260806,19.45,19.8,19.25,19.62,236951.33,462633.611
603908.SH,20260806,18.2,18.3,17.9,18.22,9514.8,17242.12
603909.SH,20260806,8.93,9.15,8.92,9.1,17592.0,15885.825
603912.SH,20260806,7.8,7.93,7.68,7.8,244615.49,190995.803
603915.SH,20260806,13.8,13.86,13.45,13.57,53619.0,73014.828
603916.SH,20260806,10.35,10.86,10.29,10.84,98783.0,105582.853
603917.SH,20260806,11.79,12.11,11.67,11.84,37535.27,44500.952
603918.SH,20260806,11.17,11.53,11.09,11.3,222196.56,251422.977
603919.SH,20260806,16.59,17.88,16.41,16.88,282039.59,478818.853
603920.SH,20260806,34.0,35.65,33.82,35.23,262103.39,916818.397
603922.SH,20260806,10.93,11.3,10.48,11.16,13873.4,14945.57
603926.SH,20260806,16.23,16.23,15.63,15.96,39915.5,63623.375
603927.SH,20260806,14.15,14.45,13.91,14.03,139559.58,197239.478
603928.SH,20260806,12.06,12.62,12.0,12.52,544127.7,672936.43
603929.SH,20260806,155.01,166.88,155.0,162.35,75849.81,1226062.268
603931.SH,20260806,34.6,36.55,33.6,36.4,129387.8,456367.558
603933.SH,20260806,18.9,19.29,18.76,19.17,41136.8,78262.161
603936.SH,20260806,13.7,14.75,13.65,14.48,514850.35,738510.66
603937.SH,20260806,10.88,11.12,10.8,11.12,51595.52,56480.118
603938.SH,20260806,39.05,41.65,39.01,41.33,183092.51,744661.819
603939.SH,20260806,22.61,22.79,21.84,22.47,153319.51,340424.29
603948.SH,20260806,20.31,20.57,20.2,20.5,13599.0,27739.255
603949.SH,20260806,13.9,13.98,13.7,13.97,30795.8,42679.448
603950.SH,20260806,56.88,58.5,55.47,57.59,61050.32,348865.117
603955.SH,20260806,20.54,21.14,20.3,20.71,17522.0,36177.721
603956.SH,20260806,7.13,7.35,6.8,7.0,557808.96,394393.983
603958.SH,20260806,14.43,14.75,14.23,14.74,35894.0,52278.162
603959.SH,20260806,4.33,4.46,4.26,4.43,70800.2,30872.706
603960.SH,20260806,16.0,16.68,15.73,16.21,57350.94,93567.701
603966.SH,20260806,7.88,8.0,7.78,7.9,71696.02,56481.212
603967.SH,20260806,11.51,11.57,11.3,11.4,24917.3,28461.742
603968.SH,20260806,9.86,10.06,9.86,10.05,20733.01,20643.159
603969.SH,20260806,7.4,7.57,7.36,7.49,137304.77,102598.536
603970.SH,20260806,10.16,10.33,10.06,10.3,26892.82,27417.882
603976.SH,20260806,27.02,28.96,26.54,28.65,57695.42,162146.801
603977.SH,20260806,11.99,12.16,11.79,12.04,132047.74,158122.75
603978.SH,20260806,19.16,19.65,19.09,19.59,95791.57,185638.358
603979.SH,20260806,81.04,81.13,77.22,78.4,113513.32,894551.713
603980.SH,20260806,6.71,6.85,6.69,6.77,283215.13,191537.705
603982.SH,20260806,5.9,5.95,5.78,5.9,37545.28,21983.177
603983.SH,20260806,28.99,29.35,28.08,28.3,41290.0,117601.221
603985.SH,20260806,16.56,16.86,16.33,16.59,117270.0,194902.284
603986.SH,20260806,363.0,394.94,363.0,385.0,618611.91,23396310.414
603987.SH,20260806,7.32,7.35,7.23,7.32,36151.0,26355.827
603988.SH,20260806,22.0,22.72,21.9,22.72,200694.72,454383.924
603989.SH,20260806,27.27,28.33,26.72,27.92,298057.06,820976.012
603990.SH,20260806,18.84,20.86,18.62,20.7,278078.52,560469.918
603991.SH,20260806,120.29,133.27,120.0,129.76,35233.75,455749.513
603992.SH,20260806,24.2,24.75,24.2,24.68,19964.42,48986.575
603993.SH,20260806,21.0,21.17,20.23,20.37,3241310.65,6708672.221
603995.SH,20260806,22.9,23.18,22.5,22.84,94317.43,215210.275
603997.SH,20260806,13.03,13.17,12.7,12.83,197876.78,255399.97
603998.SH,20260806,9.47,9.47,9.29,9.41,56398.0,52878.265
603999.SH,20260806,5.57,5.6,5.46,5.53,47515.0,26226.014
605001.SH,20260806,5.45,5.5,5.37,5.47,58717.6,31950.677
605003.SH,20260806,20.14,21.6,20.02,21.6,16304.14,33797.931
605005.SH,20260806,15.12,15.46,15.05,15.38,20362.0,31111.367
605006.SH,20260806,13.83,14.67,13.83,14.43,505585.81,721696.96
605007.SH,20260806,16.1,16.4,15.97,16.37,54925.0,88919.032
605008.SH,20260806,11.45,11.46,11.21,11.44,19548.0,22129.452
605009.SH,20260806,24.0,24.13,23.73,23.93,9454.4,22614.796
605011.SH,20260806,17.85,17.85,17.41,17.68,61158.57,107706.371
605016.SH,20260806,21.95,22.14,21.34,21.74,28966.41,62882.638
605018.SH,20260806,12.77,13.01,12.41,12.63,56513.0,71651.14
605020.SH,20260806,34.47,35.55,34.07,35.32,181262.28,633131.883
605028.SH,20260806,26.3,26.49,25.78,25.99,13414.0,34990.136
605033.SH,20260806,18.05,18.14,17.78,18.14,43082.68,77339.584
605050.SH,20260806,10.74,11.08,10.46,10.61,34948.0,37348.638
605055.SH,20260806,9.04,9.34,9.03,9.28,46694.0,43063.062
605056.SH,20260806,15.0,15.21,14.67,15.02,100698.8,150445.668
605058.SH,20260806,25.29,26.1,25.07,25.9,22844.54,58756.018
605060.SH,20260806,39.9,40.97,39.3,40.2,42614.78,170979.204
605066.SH,20260806,6.7,6.74,6.59,6.72,55583.67,37041.53
605068.SH,20260806,21.9,22.8,20.97,21.14,122590.0,264896.979
605069.SH,20260806,10.66,10.95,10.55,10.87,65254.0,70124.065
605077.SH,20260806,10.96,11.08,10.8,11.07,45306.79,49495.523
605080.SH,20260806,20.27,20.36,19.83,20.11,14162.0,28468.613
605086.SH,20260806,23.9,23.96,23.31,23.77,13551.0,31995.451
605088.SH,20260806,21.45,21.74,20.89,21.26,41281.0,87753.585
605089.SH,20260806,20.23,21.47,20.09,20.85,20440.4,42753.745
605090.SH,20260806,33.2,34.14,33.13,34.05,152840.87,516958.219
605098.SH,20260806,57.48,57.91,55.62,56.63,21115.66,119340.603
605099.SH,20260806,33.03,33.06,32.45,32.69,9968.32,32643.017
605100.SH,20260806,30.35,32.85,30.0,32.6,58127.6,183396.708
605108.SH,20260806,12.77,12.78,12.58,12.74,34050.0,43178.968
605111.SH,20260806,51.11,55.58,50.96,55.13,220968.39,1185267.187
605116.SH,20260806,20.02,20.02,19.4,19.71,31407.0,61568.274
605117.SH,20260806,82.82,83.74,81.22,83.5,134086.03,1103323.547
605118.SH,20260806,28.76,29.69,28.58,29.27,42290.8,123356.518
605122.SH,20260806,10.86,10.97,10.74,10.95,17705.5,19261.036
605123.SH,20260806,76.88,79.78,76.85,78.82,49669.62,390142.8
605128.SH,20260806,23.56,23.56,22.9,23.02,42867.65,99476.291
605133.SH,20260806,26.11,26.71,25.96,26.42,53173.6,140556.658
605136.SH,20260806,8.24,8.35,8.14,8.28,81931.73,67484.861
605138.SH,20260806,5.63,5.69,5.58,5.69,33375.0,18834.699
605151.SH,20260806,17.8,18.04,17.51,17.99,12710.0,22632.74
605155.SH,20260806,13.91,14.34,13.85,14.25,79592.3,112143.017
605158.SH,20260806,6.8,6.85,6.65,6.82,24593.0,16570.512
605162.SH,20260806,8.53,8.57,8.39,8.52,153846.74,130327.552
605166.SH,20260806,8.51,8.86,8.51,8.69,56145.0,48825.462
605167.SH,20260806,15.04,15.24,14.8,14.87,224043.03,336338.65
605168.SH,20260806,39.0,40.29,38.7,39.52,54530.35,215559.431
605169.SH,20260806,10.04,10.14,9.92,10.09,21363.02,21440.953
605177.SH,20260806,16.58,16.75,16.33,16.66,13965.0,23095.537
605178.SH,20260806,64.37,66.78,62.8,65.17,77010.0,497595.956
605179.SH,20260806,22.55,23.69,21.21,21.66,399182.0,880285.347
605180.SH,20260806,11.73,11.98,11.59,11.94,16198.71,19111.724
605183.SH,20260806,14.6,14.6,14.3,14.5,21730.1,31383.19
605186.SH,20260806,24.68,25.88,24.51,25.64,31781.0,80487.829
605188.SH,20260806,12.82,12.98,12.53,12.67,72920.6,92758.425
605189.SH,20260806,16.38,16.65,15.94,16.24,241685.16,393192.048
605196.SH,20260806,32.84,33.84,32.67,33.61,192803.99,641799.787
605198.SH,20260806,61.0,63.3,60.0,62.81,28398.0,176200.898
605199.SH,20260806,5.81,6.1,5.76,6.01,32080.0,19120.517
605208.SH,20260806,13.1,13.46,12.9,13.46,111428.0,147976.49
605218.SH,20260806,13.54,13.93,13.39,13.71,25919.0,35416.047
605222.SH,20260806,19.62,19.93,19.37,19.78,69044.0,135689.471
605228.SH,20260806,10.98,11.17,10.88,11.09,72173.0,79662.274
605255.SH,20260806,69.0,71.4,68.11,70.45,10447.0,73248.146
605258.SH,20260806,26.01,26.89,25.9,26.88,25009.17,66165.509
605259.SH,20260806,18.2,18.27,17.91,18.18,6317.32,11430.768
605266.SH,20260806,16.3,16.43,16.08,16.36,13121.89,21372.136
605268.SH,20260806,9.29,9.29,9.09,9.22,22163.0,20350.967
605277.SH,20260806,15.27,15.5,15.12,15.33,63236.19,96731.059
605286.SH,20260806,23.58,23.77,23.0,23.55,18551.0,43458.429
605287.SH,20260806,36.9,37.58,35.92,37.21,55648.87,204820.372
605288.SH,20260806,58.06,60.61,56.5,59.6,27577.08,159705.972
605289.SH,20260806,91.0,97.8,89.11,94.99,49503.97,466157.535
605296.SH,20260806,29.88,30.24,29.51,30.03,24294.07,72607.49
605298.SH,20260806,46.58,47.37,45.88,47.28,8923.79,41756.485
605299.SH,20260806,12.39,12.49,12.15,12.47,109312.0,135041.486
605300.SH,20260806,9.74,9.78,9.55,9.67,22118.01,21303.907
605303.SH,20260806,21.1,21.35,20.72,21.15,28459.0,59999.5
605305.SH,20260806,39.66,40.38,39.43,40.1,40132.83,160397.718
605318.SH,20260806,75.0,82.06,74.52,80.71,29667.0,232286.922
605319.SH,20260806,23.99,24.88,23.9,24.74,35422.7,86670.453
605333.SH,20260806,17.18,17.23,16.8,16.95,21531.88,36544.302
605336.SH,20260806,10.49,11.54,10.36,11.54,26273.6,28861.418
605337.SH,20260806,9.5,9.54,9.33,9.45,48991.29,46140.28
605338.SH,20260806,19.1,19.18,18.71,18.93,14407.0,27230.1
605339.SH,20260806,13.33,13.33,12.95,13.19,16556.0,21749.949
605358.SH,20260806,40.83,43.9,40.83,43.48,530774.27,2263067.576
605365.SH,20260806,13.8,13.8,13.47,13.72,29417.1,40101.619
605366.SH,20260806,7.48,8.47,7.44,8.47,371196.26,299475.261
605368.SH,20260806,6.71,6.75,6.63,6.73,34984.03,23404.774
605369.SH,20260806,16.77,17.0,16.51,16.95,14045.94,23517.146
605376.SH,20260806,160.0,165.0,155.98,163.82,216082.33,3477172.758
605377.SH,20260806,9.05,9.14,8.95,9.12,46743.6,42323.86
605378.SH,20260806,14.03,14.1,13.75,14.03,16336.25,22755.573
605388.SH,20260806,5.98,6.02,5.76,5.88,214998.6,125915.935
605389.SH,20260806,74.24,76.35,73.95,75.34,9856.5,74078.016
605398.SH,20260806,20.91,21.54,20.82,21.16,16313.4,34572.768
605399.SH,20260806,10.35,10.84,10.34,10.84,54882.98,58380.599
605488.SH,20260806,27.68,29.6,27.48,28.19,99582.49,283372.515
605499.SH,20260806,122.48,123.09,120.0,120.89,105662.84,1277349.488
605500.SH,20260806,6.78,6.95,6.66,6.92,61828.45,42159.251
605507.SH,20260806,15.93,15.93,15.34,15.37,78870.11,122269.003
605555.SH,20260806,12.0,12.17,11.83,12.08,35091.6,42029.687
605566.SH,20260806,24.48,25.98,24.36,25.75,47211.0,120110.936
605567.SH,20260806,8.74,8.81,8.61,8.81,26603.0,23206.607
605577.SH,20260806,9.69,9.69,9.45,9.6,31327.0,29970.958
605580.SH,20260806,17.99,18.25,17.73,18.25,55952.06,100895.592
605588.SH,20260806,43.56,45.35,43.06,45.35,18240.0,81180.913
605589.SH,20260806,38.31,40.57,38.12,39.53,455346.03,1794893.579
605598.SH,20260806,27.13,27.86,27.05,27.67,35659.9,98103.79
605599.SH,20260806,16.66,17.14,16.22,16.57,163413.43,272897.237
688001.SH,20260806,47.74,50.18,46.59,49.12,85936.72,418832.183
688002.SH,20260806,149.01,159.18,148.17,155.51,108469.9,1673182.821
688003.SH,20260806,74.0,78.3,73.66,77.66,53762.32,411845.31
688004.SH,20260806,22.94,24.3,22.19,22.8,41398.16,95610.425
688005.SH,20260806,28.68,28.68,27.64,27.9,157937.89,443461.82
688006.SH,20260806,22.17,22.7,21.91,22.52,120179.82,269226.768
688007.SH,20260806,10.79,11.03,10.61,10.84,45318.75,49114.007
688008.SH,20260806,203.8,213.3,202.0,208.36,481978.3,9991269.827
688009.SH,20260806,5.0,5.0,4.9,4.94,318415.14,157256.302
688010.SH,20260806,26.07,27.09,25.86,27.0,49989.03,133399.892
688011.SH,20260806,71.15,75.7,70.34,72.98,28516.31,209497.459
688012.SH,20260806,348.0,373.44,347.55,361.59,294241.21,10610439.299
688013.SH,20260806,24.81,24.9,24.33,24.85,7943.91,19590.854
688015.SH,20260806,16.09,16.14,15.8,15.98,11745.92,18751.068
688016.SH,20260806,92.92,92.92,91.28,91.62,12002.91,110222.518
688017.SH,20260806,334.15,343.58,330.11,336.04,110325.52,3716147.827
688018.SH,20260806,109.33,112.6,108.01,111.02,66700.41,739382.799
688019.SH,20260806,235.1,251.88,231.8,244.4,91826.66,2222198.707
688020.SH,20260806,116.0,125.01,115.0,121.8,46511.56,560720.955
688021.SH,20260806,20.03,20.36,19.81,20.26,13973.35,28215.899
688022.SH,20260806,8.0,8.15,7.98,8.1,17184.0,13858.066
688023.SH,20260806,40.9,42.57,40.38,41.7,39726.15,165139.003
688025.SH,20260806,304.79,325.99,301.12,315.4,31222.07,980327.347
688026.SH,20260806,13.81,15.44,13.81,15.36,58649.34,86635.873
688027.SH,20260806,416.0,418.0,408.0,412.95,19495.37,805660.755
688028.SH,20260806,78.0,85.5,76.18,82.5,104483.48,857136.984
688029.SH,20260806,72.01,72.49,70.27,70.8,16261.91,114973.067
688030.SH,20260806,17.2,18.3,17.2,17.99,63090.14,113041.776
688031.SH,20260806,114.0,118.75,113.0,114.45,100616.59,1161809.594
688032.SH,20260806,79.01,79.6,78.08,78.54,8155.12,64137.188
688033.SH,20260806,6.34,6.34,6.18,6.28,37417.81,23446.629
688035.SH,20260806,58.9,61.8,58.46,61.0,48611.85,293010.164
688036.SH,20260806,56.83,58.23,56.6,57.4,197890.03,1138147.118
688037.SH,20260806,290.0,311.98,283.27,301.98,66331.21,1987292.822
688038.SH,20260806,17.35,18.58,17.25,18.56,36494.15,65127.657
688039.SH,20260806,36.0,37.25,35.72,36.38,24218.57,88585.133
688041.SH,20260806,283.32,294.8,282.32,291.05,162587.61,4706661.955
688045.SH,20260806,50.45,53.2,50.2,53.02,17088.68,89013.159
688046.SH,20260806,27.58,28.5,26.68,27.76,95397.11,264843.349
688047.SH,20260806,112.22,113.78,110.17,111.55,46897.1,525717.139
688048.SH,20260806,250.08,277.98,249.3,267.8,152698.88,4033001.452
688049.SH,20260806,41.3,43.1,41.3,42.03,84438.31,356110.839
688050.SH,20260806,41.17,41.22,39.95,40.14,25384.95,102295.852
688051.SH,20260806,24.69,24.7,23.82,24.19,16116.91,39101.266
688052.SH,20260806,200.0,204.5,197.07,200.5,19953.25,399601.15
688053.SH,20260806,33.2,33.8,33.02,33.63,5709.47,19076.719
688055.SH,20260806,4.03,4.08,3.99,4.02,134609.27,54197.675
688056.SH,20260806,41.48,42.7,40.81,42.25,16669.46,69718.305
688057.SH,20260806,17.74,18.86,17.36,18.53,81334.58,149375.925
688058.SH,20260806,22.92,23.4,22.67,23.0,11519.22,26515.884
688059.SH,20260806,86.44,96.18,85.7,93.43,112216.66,1036627.935
688060.SH,20260806,33.97,35.6,33.81,35.36,6091.17,21060.02
688061.SH,20260806,35.2,36.66,34.56,35.7,15503.29,55291.159
688062.SH,20260806,28.99,29.15,27.75,28.35,80122.51,226706.442
688063.SH,20260806,45.28,45.28,44.1,44.64,61228.25,273254.527
688065.SH,20260806,44.9,45.19,43.88,44.58,48490.41,214997.231
688066.SH,20260806,10.4,11.04,9.76,10.13,120643.62,126024.959
688067.SH,20260806,21.68,21.7,21.1,21.57,8828.67,18942.926
688068.SH,20260806,104.88,109.15,102.68,104.19,37621.63,395365.372
688069.SH,20260806,36.2,38.55,35.8,38.46,34993.03,131768.929
688070.SH,20260806,34.85,36.78,33.41,34.28,27202.38,95836.306
688071.SH,20260806,36.58,37.58,36.0,37.33,58282.33,214609.06
688072.SH,20260806,646.0,709.0,646.0,682.03,82251.02,5600069.553
688073.SH,20260806,51.03,52.57,50.52,51.33,17572.39,90504.59
688075.SH,20260806,28.33,28.43,28.0,28.42,5736.78,16167.361
688076.SH,20260806,27.7,27.7,27.3,27.52,12335.38,33927.29
688077.SH,20260806,24.69,25.99,24.69,25.38,44469.87,112934.956
688078.SH,20260806,22.84,23.06,22.48,22.8,9382.77,21352.047
688079.SH,20260806,14.69,15.52,14.4,15.29,152220.72,230056.573
688080.SH,20260806,35.26,36.55,35.2,35.93,15247.25,54802.576
688081.SH,20260806,29.95,30.42,29.37,29.82,20458.34,61288.092
688082.SH,20260806,268.0,288.8,267.01,279.1,82300.77,2283651.482
688083.SH,20260806,50.99,52.65,50.91,51.56,35391.77,183200.565
688084.SH,20260806,43.38,44.5,42.61,43.39,11180.55,48681.934
688085.SH,20260806,13.18,13.19,12.86,13.09,42034.19,54562.143
688087.SH,20260806,40.59,40.88,39.3,40.36,12827.06,51674.877
688088.SH,20260806,35.02,35.79,34.54,34.78,74311.22,261322.147
688089.SH,20260806,7.6,7.85,7.53,7.78,35378.49,27100.013
688090.SH,20260806,57.05,65.35,56.59,64.93,143357.72,882887.739
688091.SH,20260806,39.45,39.55,38.62,38.93,24471.04,95526.42
688092.SH,20260806,22.34,22.35,21.92,22.2,6472.7,14324.504
688093.SH,20260806,26.8,27.09,26.43,26.66,19735.97,52863.06
688095.SH,20260806,70.08,73.58,69.3,70.55,100324.73,711175.565
688096.SH,20260806,8.43,8.74,8.38,8.72,68726.1,58907.649
688097.SH,20260806,42.25,43.54,42.16,43.19,50090.52,214954.973
688098.SH,20260806,8.38,8.46,8.3,8.41,23823.47,19966.382
688099.SH,20260806,95.4,100.53,95.08,98.73,171476.58,1678815.173
688100.SH,20260806,30.61,31.25,30.4,30.71,34420.11,105829.861
688101.SH,20260806,15.4,15.63,15.36,15.62,36511.58,56561.461
688102.SH,20260806,33.03,34.95,32.91,34.59,224804.67,771502.194
688103.SH,20260806,69.0,74.56,67.78,74.56,39973.46,288817.859
688105.SH,20260806,20.2,20.78,19.34,19.58,124216.77,247625.043
688106.SH,20260806,28.0,30.77,27.82,29.95,406143.57,1200273.75
688107.SH,20260806,30.51,31.62,30.23,31.18,74701.94,231495.199
688108.SH,20260806,17.56,17.74,17.25,17.47,93632.27,163730.312
688109.SH,20260806,74.15,77.0,73.5,76.23,10881.2,82530.546
688110.SH,20260806,105.98,113.52,105.92,111.9,214471.35,2363163.39
688111.SH,20260806,273.57,281.98,267.02,267.1,174233.52,4758215.895
688112.SH,20260806,49.9,52.46,49.9,51.48,20723.69,106002.349
688113.SH,20260806,35.03,36.11,34.94,35.86,7983.03,28498.249
688114.SH,20260806,51.34,51.77,49.83,49.91,44666.72,226414.839
688115.SH,20260806,53.73,56.8,52.6,55.48,29037.34,159851.799
688116.SH,20260806,34.0,34.16,33.21,33.46,67075.6,225725.141
688117.SH,20260806,24.58,25.44,24.46,24.74,57059.75,141736.469
688118.SH,20260806,21.48,22.33,21.19,21.61,30546.75,66260.803
688119.SH,20260806,4.0,4.06,3.95,4.03,92810.03,37247.763
688120.SH,20260806,235.0,250.0,230.2,244.6,154730.89,3725231.544
688121.SH,20260806,2.7,2.95,2.42,2.53,202178.51,53799.696
688122.SH,20260806,54.62,54.65,52.9,53.33,124295.45,665502.937
688123.SH,20260806,115.58,123.0,115.0,120.36,86007.98,1024711.363
688125.SH,20260806,112.56,120.85,111.01,117.29,17651.56,206612.381
688126.SH,20260806,24.7,26.15,24.52,25.88,1315676.33,3356956.309
688127.SH,20260806,61.8,65.11,61.0,64.12,91654.88,580156.942
688128.SH,20260806,22.75,22.75,22.28,22.46,22909.22,51505.964
688129.SH,20260806,20.99,21.07,20.52,20.97,5775.06,12029.017
688130.SH,20260806,20.13,20.98,19.87,20.78,24708.76,50811.07
688131.SH,20260806,81.89,81.99,79.33,80.37,34323.46,277377.717
688132.SH,20260806,13.33,13.67,13.16,13.48,16379.63,22046.912
688133.SH,20260806,21.69,24.71,21.64,23.9,108246.84,255896.688
688135.SH,20260806,22.8,24.12,22.7,23.93,161674.55,380576.05
688136.SH,20260806,18.88,18.95,18.37,18.51,32646.51,60893.391
688137.SH,20260806,40.07,40.2,38.68,38.93,10475.46,40949.518
688138.SH,20260806,29.82,31.51,29.73,31.35,80845.62,249641.793
688139.SH,20260806,28.6,28.77,28.13,28.18,31274.88,88694.329
688141.SH,20260806,124.0,134.77,123.46,130.7,162494.84,2108426.788
688143.SH,20260806,101.18,109.5,99.24,104.68,159172.98,1654926.866
688146.SH,20260806,278.0,325.25,272.0,308.0,307851.96,9257525.687
688147.SH,20260806,90.99,100.99,90.99,97.95,122269.32,1180633.028
688148.SH,20260806,7.04,7.21,6.95,7.11,158875.04,112480.898
688150.SH,20260806,35.86,38.39,35.8,37.8,111067.6,413765.859
688151.SH,20260806,16.04,16.28,15.83,16.08,38852.84,62309.456
688152.SH,20260806,28.58,29.8,28.22,29.03,25939.12,75200.396
688153.SH,20260806,25.87,26.28,25.53,25.94,41454.43,107340.738
688155.SH,20260806,60.78,61.61,59.91,60.81,23256.95,141428.699
688156.SH,20260806,20.12,20.87,19.96,20.57,27810.63,56957.512
688157.SH,20260806,18.75,19.08,18.43,18.68,25804.9,48360.786
688158.SH,20260806,34.51,36.22,34.51,35.24,334819.71,1186986.757
688159.SH,20260806,32.83,33.65,32.53,33.4,29819.79,98940.527
688160.SH,20260806,114.01,115.76,111.71,113.19,18373.18,208729.559
688161.SH,20260806,21.65,21.85,21.24,21.52,10334.08,22178.538
688162.SH,20260806,22.97,23.17,22.52,23.08,12793.13,29248.233
688163.SH,20260806,30.91,31.44,30.11,31.15,12799.92,39645.095
688165.SH,20260806,17.45,17.89,17.2,17.54,79581.72,140020.765
688166.SH,20260806,36.4,36.65,34.7,34.83,194066.61,685695.603
688167.SH,20260806,200.0,212.37,198.0,208.64,99393.69,2047283.147
688168.SH,20260806,35.0,37.3,34.78,36.61,49307.2,178478.003
688169.SH,20260806,108.13,108.13,105.16,105.62,52393.34,555494.376
688170.SH,20260806,49.5,54.71,49.42,52.19,75192.07,394805.022
688171.SH,20260806,27.55,28.18,27.01,27.6,18264.94,50388.558
688172.SH,20260806,51.77,54.65,51.42,53.98,162735.23,866701.574
688173.SH,20260806,13.28,13.78,13.21,13.65,97252.35,131825.908
688175.SH,20260806,17.97,18.69,17.51,18.67,39010.83,71315.966
688176.SH,20260806,12.65,12.65,12.15,12.41,119786.1,148281.502
688177.SH,20260806,17.95,17.95,17.43,17.57,21655.39,38152.62
688178.SH,20260806,26.6,27.37,26.52,27.15,13679.78,36857.256
688179.SH,20260806,19.0,19.58,18.72,19.35,88955.77,170599.063
688180.SH,20260806,37.99,38.25,36.7,36.96,147686.7,547986.42
688181.SH,20260806,37.48,39.04,36.8,38.72,57963.84,221088.628
688182.SH,20260806,24.7,26.3,24.54,26.02,67001.54,172028.072
688183.SH,20260806,105.8,112.29,105.1,108.2,141575.03,1540315.162
688184.SH,20260806,11.39,11.9,11.32,11.86,11102.67,12887.139
688185.SH,20260806,51.6,51.7,49.96,50.33,13239.77,67109.729
688186.SH,20260806,14.89,14.91,14.46,14.69,43479.05,63935.976
688187.SH,20260806,49.81,49.99,48.79,49.74,71821.08,354501.7
688188.SH,20260806,106.52,108.09,105.72,106.5,22981.85,245658.217
688189.SH,20260806,6.43,6.51,6.39,6.49,40727.39,26292.194
688190.SH,20260806,72.57,74.67,72.0,73.98,17373.36,127371.194
688191.SH,20260806,20.06,21.3,19.7,21.03,97767.31,201552.911
688192.SH,20260806,53.81,54.3,51.6,52.44,82663.52,434640.419
688193.SH,20260806,48.6,49.09,47.9,48.62,2165.13,10495.581
688195.SH,20260806,120.04,132.72,119.27,129.28,97463.63,1243152.095
688196.SH,20260806,33.85,34.95,33.81,34.5,20430.53,70263.856
688197.SH,20260806,33.23,33.45,32.1,32.64,20366.58,66643.452
688198.SH,20260806,80.54,81.25,78.95,79.68,6857.35,54720.759
688199.SH,20260806,22.07,22.86,21.94,22.83,60717.99,136500.573
688200.SH,20260806,368.24,405.0,365.0,395.15,65450.03,2535996.928
688201.SH,20260806,7.18,7.38,7.18,7.32,33933.19,24738.155
688202.SH,20260806,80.6,83.79,77.95,81.8,73250.19,596257.707
688203.SH,20260806,10.01,10.18,9.97,10.15,21544.74,21719.321
688205.SH,20260806,125.8,136.2,125.6,133.7,105849.72,1392485.883
688206.SH,20260806,33.53,34.6,33.0,34.29,70584.48,239198.542
688207.SH,20260806,18.52,20.22,18.5,19.4,165658.14,323569.746
688208.SH,20260806,28.83,29.43,28.3,28.39,117287.13,336868.985
688209.SH,20260806,21.36,22.22,21.18,21.87,89911.66,196080.009
688210.SH,20260806,27.21,28.13,26.5,27.42,35915.73,98263.38
688211.SH,20260806,29.76,30.09,29.4,29.75,6218.38,18506.073
688212.SH,20260806,26.81,27.06,26.3,26.61,13725.1,36638.389
688213.SH,20260806,89.6,91.5,88.31,91.45,89913.34,811724.244
688215.SH,20260806,39.2,42.35,37.5,41.4,33465.61,133853.768
688216.SH,20260806,28.24,30.23,28.1,30.1,56984.72,167894.811
688217.SH,20260806,22.4,22.75,21.85,22.15,10073.29,22439.701
688218.SH,20260806,37.5,39.28,37.11,38.67,44276.37,170058.428
688219.SH,20260806,10.71,10.76,10.59,10.7,47743.68,50891.313
688220.SH,20260806,96.01,106.0,95.06,103.7,145019.6,1480164.637
688221.SH,20260806,18.83,19.18,18.37,19.07,125305.5,236221.561
688222.SH,20260806,30.93,31.55,30.15,30.88,136703.98,422635.369
688223.SH,20260806,4.54,4.56,4.39,4.43,1133957.82,504797.372
688225.SH,20260806,13.21,15.47,13.02,14.35,214295.61,309651.822
688226.SH,20260806,29.19,30.08,28.82,29.65,44355.46,130826.594
688227.SH,20260806,78.71,85.4,78.0,82.29,49801.39,409233.854
688228.SH,20260806,73.0,75.76,72.2,74.09,31235.08,231633.715
688229.SH,20260806,70.35,73.3,69.42,73.3,13864.94,99653.602
688230.SH,20260806,52.01,53.9,52.01,53.22,11963.1,63348.403
688231.SH,20260806,28.53,29.08,27.5,28.57,48389.05,137042.412
688232.SH,20260806,19.6,19.91,19.23,19.4,36106.45,70440.874
688233.SH,20260806,102.76,112.37,101.78,109.6,149100.4,1611276.483
688234.SH,20260806,91.98,98.08,91.33,95.6,130087.14,1234271.836
688235.SH,20260806,292.98,292.98,264.38,269.0,105882.19,2876015.125
688236.SH,20260806,14.62,14.81,14.43,14.56,11325.58,16523.872
688237.SH,20260806,57.27,62.33,56.17,60.71,44784.88,269502.966
688238.SH,20260806,6.06,6.09,5.85,5.98,134706.22,80494.888
688239.SH,20260806,44.35,45.6,44.01,44.92,41560.13,186397.807
688244.SH,20260806,15.52,16.48,15.52,16.06,45041.66,72434.159
688246.SH,20260806,19.26,19.91,18.95,19.2,32608.82,63195.523
688247.SH,20260806,8.46,8.6,8.38,8.58,48039.8,40761.758
688248.SH,20260806,48.28,49.58,47.3,48.18,50119.09,242135.862
688249.SH,20260806,38.6,40.5,38.07,39.69,211122.64,834697.948
688251.SH,20260806,21.1,21.62,20.91,21.35,21044.55,44664.468
688252.SH,20260806,19.21,19.39,18.41,18.96,131067.15,246954.725
688253.SH,20260806,60.8,66.43,59.5,65.88,40430.87,261610.469
688255.SH,20260806,25.32,26.28,25.32,25.81,33811.84,87401.995
688256.SH,20260806,1103.0,1185.0,1095.0,1168.15,124784.55,14303868.41
688257.SH,20260806,55.52,60.65,55.01,58.88,227655.95,1327017.647
688258.SH,20260806,114.22,118.2,111.38,113.71,55814.56,640627.433
688259.SH,20260806,29.93,30.57,29.78,30.37,13409.19,40514.908
688260.SH,20260806,101.2,110.55,99.0,106.82,93759.85,988877.938
688261.SH,20260806,69.5,72.97,69.16,71.4,58815.72,419308.461
688262.SH,20260806,26.5,27.58,26.27,26.9,126876.2,340559.837
688265.SH,20260806,35.95,36.28,35.3,35.75,6447.31,23068.06
688266.SH,20260806,110.8,114.28,107.51,112.22,83515.51,927512.818
688267.SH,20260806,19.39,19.53,18.97,19.47,23549.43,45369.16
688268.SH,20260806,134.99,153.2,134.96,151.1,124349.05,1812754.966
688269.SH,20260806,31.57,32.17,31.17,31.47,22960.92,72756.472
688270.SH,20260806,64.08,67.33,63.96,66.0,84793.98,559626.63
688271.SH,20260806,113.06,113.33,110.56,111.0,50225.89,559778.928
688272.SH,20260806,27.79,29.3,27.7,28.68,16869.45,48512.151
688273.SH,20260806,30.48,31.27,30.17,30.64,9219.96,28393.806
688275.SH,20260806,79.04,81.13,78.02,80.51,36831.65,293339.224
688276.SH,20260806,15.02,15.12,14.75,14.9,15075.61,22456.752
688277.SH,20260806,17.5,17.7,16.96,17.34,85173.66,147285.875
688278.SH,20260806,57.6,57.7,54.38,54.58,44572.84,247867.85
688279.SH,20260806,163.0,169.0,161.11,167.55,17377.8,289230.196
688280.SH,20260806,5.93,6.18,5.71,5.78,269603.46,158787.759
688281.SH,20260806,48.36,48.96,47.25,47.53,27482.83,131833.243
688282.SH,20260806,53.5,55.88,53.01,55.2,8168.19,44826.687
688283.SH,20260806,27.62,28.26,27.22,27.83,11575.11,32144.172
688285.SH,20260806,7.32,7.39,7.23,7.37,20591.5,15063.331
688286.SH,20260806,42.9,44.28,42.28,43.44,37783.65,162863.231
688288.SH,20260806,18.38,18.68,17.9,18.21,20539.83,37602.496
688289.SH,20260806,15.36,15.39,15.13,15.32,52725.54,80472.788
688290.SH,20260806,62.23,68.49,61.74,68.4,23626.14,156598.914
688291.SH,20260806,41.4,41.85,40.43,41.25,20484.23,84452.882
688292.SH,20260806,17.51,18.43,17.45,18.14,48096.18,86920.059
688293.SH,20260806,54.39,55.75,53.22,53.76,30255.49,164711.166
688295.SH,20260806,43.26,45.6,43.0,43.99,127241.84,561735.073
688296.SH,20260806,16.08,17.5,15.73,17.33,66218.36,111782.216
688297.SH,20260806,42.33,42.33,40.55,40.69,96527.67,399986.821
688298.SH,20260806,19.09,19.09,18.8,19.04,11935.47,22615.992
688299.SH,20260806,12.73,13.0,12.64,12.89,52131.83,66870.613
688300.SH,20260806,121.02,139.75,121.02,136.08,165290.26,2186648.522
688301.SH,20260806,89.0,92.3,87.14,91.45,66717.77,604449.528
688302.SH,20260806,35.6,35.6,33.83,34.3,13714.36,47326.318
688303.SH,20260806,19.2,19.2,18.52,18.67,154836.38,290484.378
688305.SH,20260806,56.1,57.93,55.68,57.89,33964.59,193660.067
688306.SH,20260806,9.41,9.59,9.28,9.5,101330.78,95817.857
688307.SH,20260806,42.78,45.55,42.4,44.62,50439.25,223505.662
688308.SH,20260806,92.98,102.5,92.09,99.46,155492.73,1527112.382
688309.SH,20260806,67.11,70.33,65.66,68.02,25753.22,175088.695
688310.SH,20260806,13.8,15.12,13.58,15.05,42872.33,61838.333
688311.SH,20260806,23.33,24.01,23.1,23.63,45540.02,107442.647
688312.SH,20260806,45.17,47.84,45.17,47.11,62791.44,292805.48
688313.SH,20260806,112.6,120.48,111.2,118.75,322453.52,3757741.632
688314.SH,20260806,33.35,34.1,33.14,33.78,9932.89,33375.034
688315.SH,20260806,13.3,13.51,13.0,13.24,33181.81,43936.501
688316.SH,20260806,54.0,56.88,53.5,54.83,64933.12,360000.709
688317.SH,20260806,16.65,16.76,16.49,16.64,13089.86,21769.453
688318.SH,20260806,80.41,84.7,79.15,82.25,106090.76,878263.053
688319.SH,20260806,24.5,26.3,24.24,26.11,108125.88,276642.97
688320.SH,20260806,30.88,32.07,30.7,31.46,34998.58,109923.075
688321.SH,20260806,27.7,27.8,26.88,27.1,78394.25,212929.257
688322.SH,20260806,106.8,110.99,106.0,108.96,122784.48,1338834.248
688323.SH,20260806,25.86,27.4,25.71,27.05,172821.11,460654.072
688325.SH,20260806,106.13,111.02,105.0,108.85,7829.4,84940.966
688326.SH,20260806,70.25,71.96,69.31,69.92,20395.93,143605.619
688327.SH,20260806,11.31,11.6,11.17,11.3,214871.54,244257.602
688328.SH,20260806,68.25,74.38,68.25,73.89,88952.29,644033.826
688329.SH,20260806,18.85,19.52,18.77,19.22,13466.88,25852.889
688330.SH,20260806,33.7,33.82,32.86,33.09,10280.8,34251.43
688331.SH,20260806,128.0,128.0,119.02,119.16,152858.09,1858106.281
688332.SH,20260806,83.92,88.87,82.8,86.74,52005.86,448577.895
688333.SH,20260806,95.48,103.66,95.02,100.55,152289.2,1519802.388
688334.SH,20260806,18.5,18.51,18.05,18.27,15686.68,28626.666
688335.SH,20260806,20.08,20.15,19.57,20.08,20587.01,41075.687
688336.SH,20260806,43.62,44.25,41.8,42.69,106629.06,456507.89
688337.SH,20260806,42.59,44.49,41.8,43.79,38878.33,169370.115
688338.SH,20260806,26.8,26.96,26.34,26.95,7425.45,19842.603
688339.SH,20260806,17.79,17.86,17.31,17.48,24011.5,42231.643
688343.SH,20260806,59.6,61.65,58.85,60.47,107847.72,649314.597
688345.SH,20260806,53.06,55.85,52.3,54.16,19239.61,104372.541
688347.SH,20260806,242.6,261.99,242.6,258.1,230305.65,5856054.629
688348.SH,20260806,32.62,32.72,31.8,32.13,16055.98,51700.201
688349.SH,20260806,15.25,15.28,14.81,15.06,88903.44,133219.859
688350.SH,20260806,29.4,29.98,29.11,29.86,19579.49,58048.636
688351.SH,20260806,20.46,20.47,19.91,20.15,29093.65,58568.827
688352.SH,20260806,15.02,16.43,14.86,15.87,292864.0,463218.161
688353.SH,20260806,94.5,97.25,93.3,94.95,60518.18,578730.797
688355.SH,20260806,17.11,17.68,17.01,17.36,10171.96,17640.289
688356.SH,20260806,67.24,68.81,67.01,68.2,8244.62,55995.076
688357.SH,20260806,27.17,27.42,26.73,27.03,7318.39,19802.031
688358.SH,20260806,28.5,29.24,28.35,28.88,10208.77,29429.108
688359.SH,20260806,92.42,99.66,91.0,98.49,62645.75,601334.055
688360.SH,20260806,15.49,15.85,15.43,15.7,42859.49,67010.886
688361.SH,20260806,329.01,356.28,327.01,345.0,99939.94,3404760.884
688362.SH,20260806,59.0,68.38,58.99,65.59,426473.8,2766223.596
688363.SH,20260806,39.08,39.08,37.87,38.08,39821.73,152500.07
688365.SH,20260806,16.01,17.04,16.0,16.2,204606.15,336454.949
688366.SH,20260806,31.61,31.72,30.77,31.09,7115.97,22143.63
688367.SH,20260806,30.05,31.09,29.58,30.21,15164.45,45868.904
688368.SH,20260806,113.0,119.99,111.25,117.7,37362.36,434323.455
688369.SH,20260806,22.77,25.16,22.66,23.85,170061.61,410850.799
688370.SH,20260806,21.72,22.09,21.4,21.82,3172.95,6905.85
688371.SH,20260806,25.33,27.82,25.21,27.07,102729.96,273682.778
688372.SH,20260806,117.5,124.74,116.95,121.41,79448.03,960719.916
688373.SH,20260806,4.78,4.86,4.73,4.85,110141.1,52839.94
688375.SH,20260806,78.1,80.3,77.21,78.1,50860.98,399406.049
688376.SH,20260806,65.9,69.5,65.0,68.74,28594.32,194223.412
688377.SH,20260806,20.5,21.17,20.11,20.46,24395.76,50196.453
688378.SH,20260806,38.61,41.2,38.61,40.2,93072.69,372519.523
688379.SH,20260806,48.38,50.2,47.3,49.35,27201.39,133330.798
688380.SH,20260806,37.73,39.58,37.5,39.11,131210.34,508008.523
688381.SH,20260806,29.18,31.49,28.88,30.83,97899.47,296512.413
688382.SH,20260806,19.22,19.47,18.55,19.01,181860.98,345113.174
688383.SH,20260806,103.47,110.18,101.0,110.18,32002.66,339795.607
688385.SH,20260806,52.01,53.74,51.93,53.22,137383.4,726946.496
688386.SH,20260806,53.12,54.38,52.08,54.1,23362.37,124865.565
688387.SH,20260806,13.48,14.48,13.35,14.18,673567.64,949198.284
688388.SH,20260806,25.75,26.94,25.53,26.4,334043.08,878076.481
688389.SH,20260806,11.07,11.07,10.76,10.85,16044.81,17418.684
688390.SH,20260806,66.15,66.89,65.02,66.31,68767.9,452980.967
688391.SH,20260806,25.26,25.87,25.07,25.47,16375.91,41715.123
688392.SH,20260806,134.33,142.1,132.0,138.02,45802.69,629295.596
688393.SH,20260806,18.8,19.13,18.53,18.88,13319.39,25079.899
688395.SH,20260806,21.78,21.97,21.3,21.72,11981.93,25942.037
688396.SH,20260806,56.6,59.49,56.48,58.47,229944.51,1336140.959
688398.SH,20260806,20.57,20.85,20.38,20.72,8120.1,16783.01
688399.SH,20260806,27.5,27.84,27.03,27.72,14506.9,39914.454
688400.SH,20260806,46.0,47.67,45.76,46.88,130543.26,611713.817
688401.SH,20260806,66.6,69.88,66.0,69.15,59636.16,407832.126
688403.SH,20260806,21.52,24.96,21.47,23.58,923554.03,2163493.438
688408.SH,20260806,27.58,27.66,26.6,26.97,41218.6,111364.833
688409.SH,20260806,167.61,187.31,166.0,183.8,126747.6,2268424.017
688410.SH,20260806,11.2,11.29,11.01,11.08,69028.99,76959.589
688411.SH,20260806,211.0,213.97,208.36,210.82,22686.69,478869.628
688416.SH,20260806,67.3,72.12,67.3,70.7,66800.5,467927.498
688418.SH,20260806,36.3,38.06,35.86,36.98,40110.76,148752.705
688419.SH,20260806,39.99,42.1,39.3,41.39,41879.51,171151.775
688420.SH,20260806,21.27,21.74,21.17,21.52,3704.38,7940.619
688425.SH,20260806,4.28,4.3,4.23,4.25,180117.51,76710.517
688426.SH,20260806,17.88,18.48,17.88,18.33,8912.65,16258.807
688428.SH,20260806,26.99,27.92,26.3,27.35,94855.8,257884.161
688429.SH,20260806,10.2,10.54,10.1,10.51,22382.38,22976.79
688432.SH,20260806,31.35,38.7,31.35,37.85,943548.86,3366889.758
688433.SH,20260806,79.96,89.48,78.68,87.28,77877.08,664973.759
688435.SH,20260806,31.58,32.6,31.16,31.79,24739.42,78733.443
688439.SH,20260806,40.19,40.32,39.35,39.77,22046.42,87986.349
688443.SH,20260806,23.31,23.52,22.78,22.94,36492.39,83884.008
688448.SH,20260806,48.58,51.19,48.58,50.8,18572.77,93412.099
688449.SH,20260806,55.44,57.89,54.8,56.62,93951.72,529319.032
688450.SH,20260806,32.2,33.15,31.22,32.68,24998.14,80880.11
688455.SH,20260806,14.58,14.86,14.51,14.86,19715.3,29005.89
688456.SH,20260806,77.87,85.23,76.89,82.99,121105.03,999243.453
688458.SH,20260806,32.24,33.38,31.9,33.31,23382.88,76801.717
688459.SH,20260806,8.12,8.19,8.1,8.16,7792.55,6348.074
688466.SH,20260806,13.29,13.53,13.12,13.33,13846.18,18442.424
688468.SH,20260806,6.2,6.23,6.07,6.17,20922.07,12833.787
688469.SH,20260806,8.16,8.45,8.11,8.26,1411556.13,1172199.684
688472.SH,20260806,10.41,10.52,10.08,10.2,530260.97,544031.581
688475.SH,20260806,31.08,31.47,30.54,30.87,66283.43,205032.834
688478.SH,20260806,43.53,46.9,43.53,46.52,58555.21,266675.344
688479.SH,20260806,30.32,31.9,29.82,30.42,34113.12,104641.343
688480.SH,20260806,80.0,84.19,78.8,79.48,20235.2,163702.549
688484.SH,20260806,35.73,36.77,35.35,35.88,82104.81,294134.742
688485.SH,20260806,53.0,56.7,52.13,54.97,59622.39,329292.349
688486.SH,20260806,44.62,46.07,44.39,45.26,34946.33,157755.011
688488.SH,20260806,15.45,16.36,15.25,16.16,143121.7,225175.498
688489.SH,20260806,23.34,24.35,23.34,23.98,14881.29,35514.959
688496.SH,20260806,0.89,0.91,0.87,0.88,61297.18,5439.633
688498.SH,20260806,1258.09,1367.8,1239.33,1333.0,50376.3,6599990.871
688499.SH,20260806,36.13,36.91,35.76,36.28,36164.62,131463.154
688500.SH,20260806,34.44,36.49,34.44,35.91,24961.93,89468.825
688501.SH,20260806,13.3,13.53,13.05,13.29,31830.9,42165.373
688502.SH,20260806,368.16,388.67,357.78,379.02,20547.18,772803.255
688503.SH,20260806,64.77,73.02,64.01,72.97,204150.41,1402505.038
688505.SH,20260806,7.43,7.54,7.36,7.42,40796.57,30315.978
688506.SH,20260806,289.39,301.97,287.77,301.97,20941.11,619856.659
688507.SH,20260806,169.55,182.39,169.13,179.36,102420.81,1816712.52
688508.SH,20260806,73.34,79.5,72.1,77.45,85394.49,656526.73
688509.SH,20260806,4.13,4.2,4.08,4.17,59558.21,24670.192
688510.SH,20260806,21.64,22.07,21.1,21.94,86446.62,186378.408
688511.SH,20260806,21.82,22.88,21.5,22.42,19619.52,43650.355
688512.SH,20260806,12.5,13.98,12.25,13.5,208183.07,277625.736
688513.SH,20260806,45.83,46.45,44.78,45.66,24571.57,112207.181
688515.SH,20260806,145.02,157.37,144.1,153.61,54358.8,820887.482
688516.SH,20260806,40.58,41.22,40.11,40.88,66810.24,272503.318
688517.SH,20260806,15.69,15.8,15.3,15.64,21362.49,33223.885
688518.SH,20260806,19.6,20.02,19.33,19.59,111600.68,219362.393
688519.SH,20260806,245.0,269.98,240.58,259.64,81358.13,2110518.381
688520.SH,20260806,36.21,36.59,34.78,35.02,32285.7,114118.907
688521.SH,20260806,210.0,220.2,207.0,217.17,166959.65,3585204.315
688522.SH,20260806,19.75,19.97,19.47,19.61,31738.16,62520.56
688523.SH,20260806,44.96,47.5,44.01,45.9,54124.62,249629.363
688525.SH,20260806,222.0,237.7,219.48,232.94,374180.82,8538324.473
688526.SH,20260806,12.86,12.89,12.71,12.84,12051.36,15426.886
688528.SH,20260806,9.22,9.42,9.1,9.35,14163.48,13127.252
688529.SH,20260806,15.66,16.09,15.16,15.95,26789.42,42240.777
688530.SH,20260806,51.0,59.27,51.0,58.5,195382.13,1097546.803
688531.SH,20260806,125.0,131.27,124.66,128.19,46849.73,601088.355
688533.SH,20260806,21.79,22.07,21.23,21.62,11120.0,24065.966
688535.SH,20260806,93.94,100.52,92.5,98.9,101853.86,990496.653
688536.SH,20260806,231.88,245.0,231.88,243.17,34174.64,817980.197
688538.SH,20260806,2.42,2.43,2.38,2.4,683543.61,164108.87
688539.SH,20260806,26.0,26.99,25.8,26.39,34400.91,90842.51
688543.SH,20260806,38.38,38.68,37.82,38.3,59155.99,226194.738
688545.SH,20260806,73.51,80.58,72.88,80.4,219489.76,1712751.063
688548.SH,20260806,34.0,39.67,33.77,37.16,450215.83,1660394.182
688549.SH,20260806,22.87,27.85,22.75,27.85,1897526.98,4944339.555
688550.SH,20260806,38.4,39.45,38.06,39.13,38501.19,149636.498
688551.SH,20260806,37.92,39.43,37.29,38.92,33723.21,129556.959
688552.SH,20260806,26.31,27.07,26.23,26.88,28990.49,77368.79
688553.SH,20260806,11.07,11.14,10.82,11.07,82170.33,90379.544
688556.SH,20260806,8.61,8.77,8.51,8.64,189362.91,163610.021
688557.SH,20260806,19.7,20.0,19.48,19.91,11082.62,21933.955
688558.SH,20260806,30.21,30.78,29.72,30.72,15071.06,45838.703
688559.SH,20260806,46.22,48.23,46.22,47.1,111560.2,525468.978
688560.SH,20260806,11.86,11.87,11.55,11.79,31411.14,36885.803
688561.SH,20260806,26.79,28.33,26.69,28.0,159878.8,441614.717
688562.SH,20260806,14.3,14.72,14.25,14.47,41435.31,59991.008
688563.SH,20260806,52.66,52.84,51.66,51.9,21424.98,111679.669
688565.SH,20260806,10.37,10.87,10.15,10.84,33199.94,34550.748
688566.SH,20260806,24.81,24.86,24.34,24.55,11789.91,29029.931
688567.SH,20260806,10.26,10.3,10.1,10.19,111598.92,113786.933
688568.SH,20260806,36.51,37.55,36.18,36.76,124838.23,459589.305
688569.SH,20260806,16.8,16.88,16.57,16.79,6577.95,11014.253
688570.SH,20260806,14.73,14.9,14.5,14.71,7114.65,10459.766
688571.SH,20260806,8.75,9.55,8.72,9.53,172805.22,159601.848
688573.SH,20260806,15.92,16.02,15.54,15.78,17617.01,27816.134
688575.SH,20260806,9.2,9.28,9.0,9.1,69721.13,63654.072
688576.SH,20260806,39.29,39.49,38.3,38.99,3928.87,15272.549
688577.SH,20260806,41.89,42.6,41.03,42.15,11398.55,47728.789
688578.SH,20260806,112.89,112.9,107.65,110.72,83908.06,921132.666
688579.SH,20260806,8.08,8.27,8.0,8.14,38291.05,31223.392
688580.SH,20260806,49.15,49.3,48.05,49.1,12515.14,60973.882
688581.SH,20260806,53.39,53.86,53.05,53.36,4509.7,24070.041
688582.SH,20260806,40.8,41.85,40.3,41.76,53532.54,221549.236
688583.SH,20260806,78.0,80.48,75.33,75.6,17832.68,138418.25
688584.SH,20260806,26.63,29.06,26.26,28.74,252267.03,704690.977
688585.SH,20260806,157.88,165.4,156.04,163.88,52531.81,853991.92
688586.SH,20260806,10.77,10.88,10.52,10.72,62977.25,67344.935
688588.SH,20260806,9.83,10.23,9.83,10.07,53098.02,53351.49
688589.SH,20260806,17.9,18.04,17.58,17.9,49645.43,88318.169
688590.SH,20260806,13.51,14.32,13.4,13.74,117205.66,163140.075
688591.SH,20260806,28.41,28.84,27.9,28.54,40604.95,115535.79
688592.SH,20260806,23.85,24.3,23.67,24.3,8954.41,21494.638
688593.SH,20260806,31.0,32.5,30.05,30.28,213048.23,665906.917
688595.SH,20260806,28.01,28.64,27.83,28.29,38832.21,109629.846
688596.SH,20260806,57.3,62.59,57.12,61.0,465063.97,2824632.291
688597.SH,20260806,6.66,6.83,6.52,6.73,68991.76,46376.239
688598.SH,20260806,27.76,29.18,27.38,28.96,155142.5,442192.724
688599.SH,20260806,14.21,14.44,13.77,13.83,349671.95,489146.036
688600.SH,20260806,28.0,28.0,26.6,27.22,79792.65,217957.595
688601.SH,20260806,38.89,40.87,38.31,40.1,44439.48,176874.178
688602.SH,20260806,6.59,6.61,6.49,6.56,51273.24,33573.731
688603.SH,20260806,96.58,106.47,95.86,105.68,70426.52,723070.162
688605.SH,20260806,69.0,75.2,68.8,74.7,80216.28,581179.2
688606.SH,20260806,44.68,45.18,44.2,45.0,3573.07,15981.836
688607.SH,20260806,42.26,45.1,41.33,44.59,48276.28,209850.688
688608.SH,20260806,113.5,116.1,112.69,113.98,58178.54,664600.551
688609.SH,20260806,9.3,9.52,9.2,9.44,179921.27,168999.775
688610.SH,20260806,142.48,154.43,139.0,149.99,21700.28,320496.264
688611.SH,20260806,60.93,62.0,58.92,59.83,12615.89,76079.154
688612.SH,20260806,30.7,33.64,30.52,32.88,69476.23,225999.673
688613.SH,20260806,15.19,15.19,14.7,15.01,20251.93,30295.527
688615.SH,20260806,120.0,124.88,119.19,121.56,93613.37,1141813.588
688616.SH,20260806,10.43,10.57,10.37,10.5,20426.51,21377.87
688617.SH,20260806,214.15,216.79,209.12,209.71,10757.06,227785.129
688618.SH,20260806,28.02,28.78,27.86,28.56,28933.78,81947.147
688619.SH,20260806,13.62,14.13,13.53,14.03,34084.69,47394.563
688620.SH,20260806,14.09,15.47,14.06,15.13,205265.71,306329.396
688621.SH,20260806,61.25,61.39,59.5,60.46,17303.11,104812.065
688622.SH,20260806,107.0,116.87,101.66,110.58,7287.47,78172.518
688623.SH,20260806,59.6,60.35,59.3,60.15,4604.06,27567.281
688625.SH,20260806,52.85,56.0,52.4,54.38,45965.15,249373.968
688626.SH,20260806,44.33,44.93,43.75,44.44,20791.78,92121.737
688627.SH,20260806,418.53,455.0,418.4,436.72,44182.35,1921031.761
688628.SH,20260806,63.6,67.8,63.12,66.5,43782.54,288370.861
688629.SH,20260806,140.02,150.5,139.18,146.99,176809.15,2574760.383
688630.SH,20260806,353.78,397.99,350.02,392.62,74233.49,2836938.717
688631.SH,20260806,42.55,43.66,42.28,42.65,10884.53,46761.748
688633.SH,20260806,23.6,24.13,23.36,23.81,33889.83,80647.61
688635.SH,20260806,247.45,260.0,245.0,255.0,21402.77,541150.505
688636.SH,20260806,18.81,19.48,18.6,19.23,94941.67,181311.519
688638.SH,20260806,31.66,32.59,31.56,32.1,4899.57,15696.528
688639.SH,20260806,17.1,17.3,16.85,17.07,50863.85,86483.272
688646.SH,20260806,69.34,73.5,69.34,73.5,15881.78,114278.878
688648.SH,20260806,31.32,31.9,30.87,31.41,15839.64,49827.359
688651.SH,20260806,22.62,23.9,22.57,23.83,20557.97,47905.438
688652.SH,20260806,134.37,144.33,131.73,140.29,64665.23,897851.966
688653.SH,20260806,12.24,13.13,12.16,13.1,188884.31,239208.776
688655.SH,20260806,32.08,34.9,32.08,34.1,82565.89,279034.937
688656.SH,20260806,86.88,86.88,84.8,86.04,3142.69,27008.067
688657.SH,20260806,31.7,33.34,31.7,32.45,18811.3,61202.27
688658.SH,20260806,12.6,12.66,12.2,12.32,110341.3,137072.005
688659.SH,20260806,9.47,9.81,9.38,9.74,26948.88,25914.575
688660.SH,20260806,9.15,9.44,8.9,8.94,267001.54,243394.727
688661.SH,20260806,94.98,112.0,93.93,104.0,83049.97,857413.283
688662.SH,20260806,76.05,84.5,76.05,83.8,162134.28,1317280.656
688663.SH,20260806,52.47,54.66,51.31,53.8,55393.49,294476.063
688665.SH,20260806,45.38,45.65,44.55,45.63,3682.73,16646.031
688667.SH,20260806,89.38,91.57,87.05,91.57,7218.71,64880.128
688668.SH,20260806,223.93,238.5,219.1,232.0,57252.11,1316874.003
688669.SH,20260806,59.4,63.36,58.71,63.36,45883.68,281852.374
688670.SH,20260806,14.75,15.1,14.62,14.8,13454.86,19982.342
688671.SH,20260806,23.64,23.95,23.06,23.6,16225.15,38235.361
688676.SH,20260806,68.0,69.29,67.1,68.36,113292.08,770582.523
688677.SH,20260806,70.81,73.68,70.2,72.06,40795.99,293835.477
688678.SH,20260806,16.98,18.11,16.8,17.88,160577.71,283782.027
688679.SH,20260806,37.05,38.0,35.82,36.28,40162.44,147668.795
688680.SH,20260806,35.4,35.4,34.32,34.94,19145.87,66637.356
688681.SH,20260806,16.14,16.33,16.05,16.2,15412.82,24941.769
688682.SH,20260806,31.1,31.55,30.3,31.36,12147.51,37788.873
688683.SH,20260806,28.93,30.04,28.67,29.87,16366.17,48101.887
688685.SH,20260806,43.7,44.18,42.22,43.18,45910.07,197678.94
688686.SH,20260806,112.82,118.0,110.43,115.98,18309.98,210526.788
688687.SH,20260806,16.51,16.59,16.23,16.41,17874.18,29365.901
688689.SH,20260806,36.96,38.87,36.51,38.6,90371.0,342469.505
688690.SH,20260806,37.82,39.1,37.5,38.1,103583.82,396651.845
688691.SH,20260806,63.58,66.81,62.88,65.8,65761.54,427593.463
688692.SH,20260806,239.01,245.95,237.88,239.8,17554.27,424381.612
688693.SH,20260806,77.82,77.82,77.82,77.82,4540.11,35331.136
688695.SH,20260806,19.27,19.64,19.09,19.45,12920.13,25031.35
688696.SH,20260806,67.38,69.54,66.08,66.7,11903.29,80605.555
688697.SH,20260806,14.1,14.57,13.76,14.05,113964.25,160814.518
688698.SH,20260806,49.0,50.39,48.64,49.22,35481.59,175522.398
688699.SH,20260806,55.57,59.8,54.51,59.8,58877.49,339925.739
688700.SH,20260806,55.77,58.67,54.54,58.02,130818.23,746665.986
688701.SH,20260806,7.69,7.83,7.53,7.68,23034.03,17660.859
688702.SH,20260806,339.37,420.53,338.28,390.02,132642.54,4977826.742
688707.SH,20260806,10.86,10.99,10.64,10.81,64913.46,70220.599
688708.SH,20260806,47.06,47.36,46.38,46.4,10769.92,50436.139
688709.SH,20260806,26.06,26.64,25.85,26.29,55676.41,146147.27
688710.SH,20260806,77.86,80.24,76.0,77.88,25866.49,202234.85
688711.SH,20260806,24.0,24.98,23.81,24.49,93759.03,228750.285
688712.SH,20260806,34.59,35.44,33.91,34.16,65100.22,224158.767
688716.SH,20260806,28.29,29.48,28.2,29.06,25276.24,73115.627
688717.SH,20260806,58.9,59.39,57.62,59.11,52757.7,308691.166
688718.SH,20260806,13.12,13.42,13.04,13.24,13898.14,18368.09
688719.SH,20260806,47.52,48.2,46.41,47.7,39988.92,189504.655
688720.SH,20260806,59.15,63.58,58.87,62.38,70980.1,434862.159
688721.SH,20260806,37.15,39.39,37.1,39.23,45228.65,173788.811
688722.SH,20260806,14.35,14.55,14.22,14.36,28201.02,40601.293
688726.SH,20260806,44.0,44.88,43.3,44.18,74665.56,328868.704
688727.SH,20260806,41.6,48.0,41.59,47.5,93026.03,412972.76
688728.SH,20260806,15.49,16.08,15.4,15.85,551648.01,869320.19
688729.SH,20260806,24.6,26.8,24.48,25.89,482005.9,1247805.788
688733.SH,20260806,27.3,28.43,27.1,27.97,54323.05,151550.945
688737.SH,20260806,18.49,18.79,18.17,18.59,12153.17,22490.68
688739.SH,20260806,20.07,20.11,19.81,19.99,15575.42,31023.959
688750.SH,20260806,14.93,14.95,14.59,14.69,38761.02,57209.076
688755.SH,20260806,24.8,25.36,24.7,25.13,9982.17,24993.913
688757.SH,20260806,30.84,32.69,30.01,32.29,86205.57,273921.281
688758.SH,20260806,27.38,27.9,26.11,26.3,125519.85,337806.595
688759.SH,20260806,23.15,23.53,22.78,23.25,45373.57,104997.174
688765.SH,20260806,35.3,35.4,34.48,34.79,35193.53,122598.752
688766.SH,20260806,350.01,381.0,347.77,374.8,157962.43,5733379.544
688767.SH,20260806,37.9,38.3,37.45,38.04,12943.08,48913.966
688768.SH,20260806,45.37,46.23,44.69,45.9,6145.06,27962.293
688772.SH,20260806,14.84,14.85,14.05,14.24,349769.52,502064.653
688775.SH,20260806,134.56,137.7,133.51,133.98,43629.91,590111.679
688776.SH,20260806,50.45,51.5,49.74,50.36,18545.93,93908.537
688777.SH,20260806,103.59,106.88,102.0,104.5,241065.84,2508303.076
688778.SH,20260806,48.1,48.47,46.64,47.11,69119.7,327322.354
688779.SH,20260806,7.83,7.93,7.8,7.84,231154.88,181726.952
688781.SH,20260806,38.22,38.76,37.11,37.63,19608.08,74236.998
688783.SH,20260806,28.55,31.18,28.29,31.0,481132.6,1443770.931
688785.SH,20260806,248.3,265.86,247.0,261.8,8384.57,216879.079
688786.SH,20260806,26.79,27.87,26.65,27.33,59009.67,160593.644
688787.SH,20260806,107.22,111.73,107.22,110.9,28295.42,310888.946
688788.SH,20260806,30.68,31.24,30.08,30.6,35223.05,108015.115
688789.SH,20260806,47.07,47.68,46.11,46.17,16619.74,77295.378
688790.SH,20260806,94.9,96.3,93.98,94.88,3560.7,33789.293
688793.SH,20260806,17.49,17.49,17.02,17.41,12668.8,21885.128
688795.SH,20260806,583.0,596.81,580.01,586.0,11902.76,698865.597
688796.SH,20260806,116.25,117.68,111.03,114.5,18567.09,212338.198
688797.SH,20260806,311.03,338.5,311.03,335.42,45664.06,1501126.567
688798.SH,20260806,55.78,56.16,55.08,55.83,23256.83,129376.333
688799.SH,20260806,44.11,45.33,43.78,44.0,26515.61,118001.418
688800.SH,20260806,52.02,59.39,51.74,58.48,245549.29,1380731.712
688802.SH,20260806,712.06,738.68,703.86,722.7,10747.39,774575.322
688805.SH,20260806,41.08,41.62,40.34,40.62,9734.47,39868.369
688806.SH,20260806,27.0,27.33,25.77,26.15,98442.4,258969.526
688807.SH,20260806,238.99,253.0,232.0,245.1,18842.95,459271.034
688808.SH,20260806,1990.0,2148.63,1950.1,2095.01,14093.06,2901043.046
688809.SH,20260806,456.0,482.32,455.7,468.0,16151.72,755634.772
688811.SH,20260806,22.59,23.73,22.38,23.18,99782.96,231032.242
688813.SH,20260806,105.0,114.0,104.11,109.6,56354.63,611701.973
688816.SH,20260806,50.97,51.22,49.6,50.18,3637.09,18330.974
688818.SH,20260806,48.56,50.17,48.5,49.64,97308.42,482257.218
688819.SH,20260806,22.54,22.65,22.12,22.22,27342.21,60971.154
688820.SH,20260806,130.03,141.0,128.65,136.26,190144.7,2584788.987
688825.SH,20260806,52.96,53.23,51.13,51.96,5605748.59,29151895.973
688981.SH,20260806,122.0,126.99,121.88,124.15,518881.49,6429444.648
689009.SH,20260806,42.22,42.87,41.81,42.6,103947.9,439783.992
920000.BJ,20260806,14.26,14.75,14.06,14.62,21671.66,31315.83308
920001.BJ,20260806,11.98,12.1,11.75,11.94,15359.81,18304.16924
920002.BJ,20260806,56.0,57.43,55.73,56.09,15257.63,85853.60117
920003.BJ,20260806,16.8,16.92,16.66,16.81,1842.75,3091.89224
920005.BJ,20260806,25.3,25.5,24.55,25.03,3642.86,9125.25513
920006.BJ,20260806,17.2,17.4,16.54,16.95,20893.68,35376.1174
920007.BJ,20260806,37.67,37.96,36.7,37.31,2310.1,8601.86699
920008.BJ,20260806,20.5,20.52,19.67,20.03,9959.82,19983.4061
920009.BJ,20260806,35.96,36.82,35.81,36.8,3031.97,10994.95215
920010.BJ,20260806,8.59,8.69,8.51,8.68,50881.22,43812.22125
920011.BJ,20260806,19.6,19.73,19.2,19.51,7637.53,14868.3379
920012.BJ,20260806,47.01,48.48,46.42,47.6,10778.56,51170.03877
920014.BJ,20260806,8.91,8.98,8.71,8.9,20061.1,17765.02123
920015.BJ,20260806,42.51,43.98,42.45,43.98,17546.0,75686.22984
920016.BJ,20260806,12.75,12.84,12.52,12.75,6746.55,8559.99387
920017.BJ,20260806,16.99,17.06,16.77,16.93,16624.65,28068.23345
920018.BJ,20260806,17.15,17.26,16.68,16.89,31022.49,52457.92092
920019.BJ,20260806,15.07,15.56,14.71,14.8,37113.45,56095.87396
920020.BJ,20260806,15.89,16.0,15.51,15.88,7171.0,11313.45969
920021.BJ,20260806,7.39,7.8,7.35,7.58,240129.0,182254.72257
920022.BJ,20260806,19.23,19.57,19.15,19.47,2011.64,3908.04984
920023.BJ,20260806,1.86,1.9,1.82,1.87,72974.5,13561.49498
920026.BJ,20260806,18.08,19.05,17.9,18.5,17228.32,32029.00239
920027.BJ,20260806,11.39,11.96,11.38,11.7,20516.02,24063.89664
920028.BJ,20260806,14.12,14.57,13.93,14.2,14064.12,20087.46592
920029.BJ,20260806,34.44,35.02,34.21,34.88,10899.61,37792.91974
920030.BJ,20260806,4.49,4.49,4.37,4.46,13072.01,5806.24878
920033.BJ,20260806,14.45,14.98,14.32,14.71,19556.8,28717.90471
920035.BJ,20260806,24.13,24.66,23.69,24.23,7563.95,18277.63178
920036.BJ,20260806,32.2,33.4,31.9,32.3,13142.87,42580.9906
920037.BJ,20260806,40.58,41.19,40.3,41.02,8936.52,36492.17537
920038.BJ,20260806,50.88,51.88,47.66,47.69,150620.67,753777.81777
920039.BJ,20260806,7.98,8.12,7.86,8.04,10833.77,8645.08027
920045.BJ,20260806,315.0,357.99,311.0,338.46,17963.32,599599.86185
920046.BJ,20260806,22.39,22.85,22.05,22.54,51893.92,116327.50002
920047.BJ,20260806,17.37,17.82,17.0,17.16,46507.72,79937.99543
920050.BJ,20260806,27.99,28.28,27.76,28.04,2361.35,6613.12271
920055.BJ,20260806,27.4,28.01,27.3,27.91,6200.53,17198.05015
920056.BJ,20260806,16.62,16.79,16.43,16.72,4766.93,7914.03281
920057.BJ,20260806,4.93,4.97,4.84,4.92,6552.37,3212.71174
920058.BJ,20260806,27.75,28.88,27.3,27.73,8338.26,23283.37838
920060.BJ,20260806,22.12,22.87,22.06,22.47,21195.71,47655.96738
920061.BJ,20260806,17.8,19.82,17.62,19.25,38933.64,72921.60743
920062.BJ,20260806,7.73,7.79,7.63,7.69,29419.89,22619.90964
920065.BJ,20260806,41.59,41.67,39.17,39.68,44773.41,180432.45031
920066.BJ,20260806,16.86,17.03,16.57,16.84,4278.5,7186.44478
920068.BJ,20260806,15.08,15.65,14.97,15.21,20757.13,31722.98195
920069.BJ,20260806,33.82,34.33,33.03,33.36,4307.29,14429.13203
920072.BJ,20260806,28.5,28.85,27.12,27.33,22756.39,63486.83986
920075.BJ,20260806,15.85,15.89,15.42,15.66,9970.43,15602.68465
920076.BJ,20260806,12.73,12.84,12.56,12.74,6137.01,7813.97387
920077.BJ,20260806,14.3,14.65,14.19,14.56,58392.36,84387.82595
920078.BJ,20260806,20.4,21.46,20.08,20.32,35070.01,72701.01831
920079.BJ,20260806,15.12,15.48,14.95,15.09,77191.35,117087.12453
920080.BJ,20260806,21.63,21.73,21.25,21.36,2211.11,4746.83022
920081.BJ,20260806,40.75,42.0,40.65,41.72,24828.09,102946.72694
920082.BJ,20260806,8.31,8.39,8.18,8.24,10844.41,8982.86323
920083.BJ,20260806,33.34,35.9,33.11,34.16,33429.48,115588.5603
920086.BJ,20260806,21.4,21.64,20.95,21.21,6427.79,13656.18238
920087.BJ,20260806,9.92,12.0,9.85,11.66,177376.38,192439.86565
920088.BJ,20260806,45.39,46.58,43.8,46.22,67856.95,309888.5017
920089.BJ,20260806,10.46,10.51,10.28,10.38,9097.79,9461.65671
920090.BJ,20260806,3.6,3.74,3.6,3.67,32354.8,11853.16921
920091.BJ,20260806,31.42,32.0,30.8,31.26,6754.25,21226.3501
920092.BJ,20260806,34.5,35.35,32.38,32.5,87848.61,294633.97235
920096.BJ,20260806,35.86,36.59,35.2,35.99,13349.68,48088.84139
920098.BJ,20260806,17.19,18.45,16.84,17.95,19477.83,34448.03075
920099.BJ,20260806,19.47,19.89,19.19,19.28,7089.47,13830.17083
920100.BJ,20260806,36.0,36.49,35.31,35.9,22314.5,79905.14869
920101.BJ,20260806,17.13,17.23,16.81,17.08,3517.47,6000.67805
920106.BJ,20260806,36.8,38.88,36.54,37.51,8044.66,30400.39595
920108.BJ,20260806,9.1,9.16,8.93,9.01,6511.18,5873.88986
920110.BJ,20260806,26.3,26.3,25.69,26.15,1497.39,3884.38786
920111.BJ,20260806,27.03,27.7,26.62,27.01,17567.78,47571.92169
920112.BJ,20260806,16.4,16.53,16.13,16.35,2011.31,3289.84056
920116.BJ,20260806,48.33,52.43,48.33,50.6,38088.15,192730.87045
920117.BJ,20260806,36.0,38.44,32.8,33.38,122647.91,436942.94107
920118.BJ,20260806,19.47,19.9,19.47,19.7,9675.36,19063.27874
920119.BJ,20260806,48.0,49.2,47.64,48.98,3945.24,19172.80244
920121.BJ,20260806,27.84,28.27,27.62,27.84,1862.24,5201.42222
920122.BJ,20260806,23.0,23.87,22.78,23.18,17036.19,39481.75587
920123.BJ,20260806,10.84,10.93,10.62,10.78,12947.49,13929.50687
920124.BJ,20260806,12.81,12.84,12.61,12.74,9267.06,11798.1129
920125.BJ,20260806,134.8,143.0,132.13,136.99,23235.13,317363.24324
920126.BJ,20260806,10.48,10.85,10.35,10.56,35496.27,37635.89217
920128.BJ,20260806,18.2,18.63,17.98,18.42,14369.97,26300.27435
920130.BJ,20260806,20.0,20.5,19.39,19.45,82956.73,164517.31156
920132.BJ,20260806,8.58,8.98,8.47,8.68,12454.4,10800.98959
920136.BJ,20260806,22.0,24.44,21.43,22.54,68343.49,156067.03663
920139.BJ,20260806,15.1,15.9,15.05,15.55,64715.99,100067.21459
920145.BJ,20260806,10.13,10.21,9.99,10.1,5178.09,5233.99798
920146.BJ,20260806,5.05,5.1,4.96,4.99,13557.58,6798.7305
920149.BJ,20260806,7.96,8.01,7.8,7.98,5773.09,4578.64187
920152.BJ,20260806,14.14,14.45,13.72,13.89,11701.94,16428.51381
920156.BJ,20260806,40.8,41.6,40.15,40.64,13791.91,56362.60193
920158.BJ,20260806,8.57,8.73,8.24,8.38,21301.09,17971.73151
920159.BJ,20260806,28.2,28.82,27.77,28.8,9585.25,27185.37961
920160.BJ,20260806,19.56,19.85,19.38,19.85,8258.76,16243.47934
920161.BJ,20260806,24.73,25.45,24.51,25.15,39071.79,97738.3292
920163.BJ,20260806,11.3,11.48,11.0,11.17,16413.45,18349.90284
920166.BJ,20260806,19.9,20.2,19.64,19.97,2718.73,5392.79417
920167.BJ,20260806,15.49,15.53,15.1,15.41,15070.8,23100.85105
920168.BJ,20260806,15.97,16.07,15.71,15.89,3908.38,6216.34554
920169.BJ,20260806,18.72,19.3,18.41,18.92,22613.56,42702.90844
920171.BJ,20260806,16.9,17.99,16.9,17.58,27909.38,48934.25145
920174.BJ,20260806,27.86,29.55,27.66,29.52,23322.13,67842.10165
920175.BJ,20260806,8.09,8.56,8.02,8.28,33858.34,28095.90593
920176.BJ,20260806,82.9,85.97,78.0,82.99,32013.25,264222.18501
920177.BJ,20260806,25.1,25.87,24.81,25.38,5693.46,14473.33973
920178.BJ,20260806,90.33,94.86,89.97,91.52,12590.12,115987.82159
920179.BJ,20260806,52.88,55.68,52.1,54.73,43695.55,237923.47587
920180.BJ,20260806,11.89,11.97,11.72,11.8,3680.27,4353.03304
920181.BJ,20260806,71.17,72.5,70.44,71.93,7648.88,54622.52818
920183.BJ,20260806,29.58,29.6,28.98,29.23,2348.92,6870.90897
920184.BJ,20260806,11.81,12.15,11.76,11.96,18769.77,22460.80434
920185.BJ,20260806,21.38,21.57,21.08,21.19,39391.05,83847.31616
920186.BJ,20260806,72.0,74.3,71.68,73.33,66656.14,485551.70689
920187.BJ,20260806,20.11,20.24,19.89,20.0,8453.09,16942.15001
920188.BJ,20260806,21.81,22.09,21.61,21.88,4600.61,10055.77439
920189.BJ,20260806,22.02,22.65,21.88,22.22,62321.86,138490.48385
920190.BJ,20260806,25.5,26.65,25.27,26.27,72138.42,188430.78872
920191.BJ,20260806,8.82,9.15,8.82,8.98,15377.81,13800.52809
920193.BJ,20260806,32.34,33.37,32.1,32.63,40973.27,133849.31319
920195.BJ,20260806,12.27,12.42,12.17,12.37,6941.21,8543.58918
920198.BJ,20260806,7.7,8.17,7.64,8.03,38027.32,30241.11326
920199.BJ,20260806,28.01,28.95,27.28,28.39,32961.73,92160.14783
920200.BJ,20260806,31.97,32.0,30.62,31.67,31203.37,97706.81789
920204.BJ,20260806,12.71,12.83,12.56,12.78,4634.94,5895.96746
920206.BJ,20260806,34.76,36.7,34.5,35.63,11733.6,41505.03524
920207.BJ,20260806,23.01,24.2,23.01,23.94,35037.34,82900.75478
920208.BJ,20260806,12.59,12.69,12.33,12.56,15963.54,19945.36078
920211.BJ,20260806,105.17,106.99,103.3,105.51,7115.81,74720.66305
920212.BJ,20260806,9.58,9.73,9.45,9.54,8631.78,8262.99287
920218.BJ,20260806,17.27,18.4,17.21,18.19,35003.77,62685.03475
920220.BJ,20260806,42.75,44.12,42.35,43.24,7733.95,33365.14264
920221.BJ,20260806,13.07,13.35,12.94,13.16,10942.24,14380.13945
920222.BJ,20260806,30.66,31.0,29.0,29.82,34501.82,102050.32568
920223.BJ,20260806,11.71,11.89,11.51,11.65,20508.23,23949.61621
920225.BJ,20260806,15.11,15.44,14.81,15.24,31964.02,48300.59016
920227.BJ,20260806,51.4,52.67,50.31,51.25,6437.68,33107.58655
920230.BJ,20260806,10.38,10.45,10.18,10.39,15951.43,16456.80323
920237.BJ,20260806,13.06,13.28,12.82,13.08,11380.32,14799.52344
920238.BJ,20260806,77.0,83.83,76.01,81.4,53699.78,436369.94573
920239.BJ,20260806,22.66,22.78,22.05,22.37,9505.43,21254.19994
920242.BJ,20260806,14.25,14.29,14.0,14.1,5343.38,7534.59931
920245.BJ,20260806,12.95,13.28,12.65,12.93,7640.29,9901.90906
920247.BJ,20260806,14.88,15.55,14.66,15.51,36410.0,55085.90104
920249.BJ,20260806,9.22,9.36,9.12,9.26,63972.06,59125.73609
920252.BJ,20260806,16.5,16.56,16.02,16.23,20818.95,33817.50925
920258.BJ,20260806,14.22,14.8,13.68,13.99,146973.41,208030.82266
920260.BJ,20260806,7.92,7.97,7.74,7.84,5625.38,4406.09359
920261.BJ,20260806,13.31,13.56,13.31,13.53,7847.55,10550.29282
920262.BJ,20260806,15.0,15.3,14.05,14.18,27394.05,39998.42317
920263.BJ,20260806,7.22,7.26,7.0,7.14,12194.93,8741.24153
920266.BJ,20260806,7.35,7.88,7.14,7.63,91448.28,68592.73242
920267.BJ,20260806,18.45,19.4,18.45,18.95,30161.4,57017.21145
920270.BJ,20260806,12.25,12.46,12.1,12.22,9823.71,12034.80018
920271.BJ,20260806,9.42,9.62,9.38,9.62,9395.34,8940.77861
920273.BJ,20260806,17.18,17.8,16.91,17.6,31220.45,54190.97306
920274.BJ,20260806,15.6,15.81,15.27,15.41,15133.71,23413.40517
920275.BJ,20260806,6.55,6.85,6.46,6.85,13747.85,9094.62911
920278.BJ,20260806,6.25,6.29,6.14,6.21,10833.6,6725.72021
920284.BJ,20260806,18.88,19.38,18.6,19.07,32035.63,60624.67611
920299.BJ,20260806,16.5,16.83,16.15,16.75,24107.69,40074.07689
920300.BJ,20260806,9.7,9.83,9.59,9.66,12710.3,12313.26716
920304.BJ,20260806,8.7,8.75,8.52,8.63,10421.16,8996.78565
920339.BJ,20260806,11.42,11.43,10.86,11.38,22972.07,25483.56183
920344.BJ,20260806,19.2,19.5,18.87,18.94,8795.73,16872.71058
920346.BJ,20260806,15.45,15.6,15.14,15.37,6771.26,10416.12832
920351.BJ,20260806,11.66,11.82,11.41,11.59,15458.73,17891.74362
920357.BJ,20260806,16.28,16.54,16.08,16.28,26805.58,43627.19693
920363.BJ,20260806,10.61,10.82,10.46,10.61,21399.52,22715.96136
920367.BJ,20260806,22.38,23.67,21.12,23.27,94175.29,212338.34812
920368.BJ,20260806,24.68,24.99,24.46,24.75,36519.5,90316.47544
920370.BJ,20260806,2.71,2.71,2.64,2.67,17679.28,4726.85857
920371.BJ,20260806,7.05,7.26,7.0,7.2,26737.61,19064.70321
920374.BJ,20260806,15.85,16.27,15.45,15.8,11327.89,17900.80291
920375.BJ,20260806,7.8,7.85,7.64,7.71,34036.97,26272.02394
920378.BJ,20260806,7.16,7.19,7.05,7.15,7562.65,5390.37962
920392.BJ,20260806,13.79,13.87,13.6,13.75,3859.27,5296.90488
920394.BJ,20260806,47.67,47.9,46.23,46.88,11678.98,54583.23816
920395.BJ,20260806,7.21,7.33,7.15,7.23,6573.63,4753.23551
920396.BJ,20260806,22.9,22.9,22.0,22.05,48756.5,108436.5345
920402.BJ,20260806,9.02,9.67,8.95,9.42,132325.92,122445.29145
920403.BJ,20260806,19.0,21.77,18.65,20.3,56791.38,113324.16724
920405.BJ,20260806,17.31,17.31,16.71,16.89,6107.58,10337.75646
920407.BJ,20260806,10.61,10.85,10.56,10.83,8191.63,8791.32853
920414.BJ,20260806,8.2,8.25,8.05,8.13,15280.98,12426.96116
920415.BJ,20260806,9.37,9.6,9.16,9.35,31917.01,29964.89093
920418.BJ,20260806,19.35,19.9,19.13,19.41,20225.3,39368.83567
920419.BJ,20260806,10.47,10.48,10.26,10.39,8990.93,9314.96882
920422.BJ,20260806,9.57,9.64,9.34,9.64,17671.19,16763.79131
920425.BJ,20260806,14.78,15.03,14.49,14.7,19521.7,28771.26633
920427.BJ,20260806,8.7,8.75,8.58,8.69,10148.62,8794.61277
920429.BJ,20260806,9.08,9.15,8.94,9.09,9958.98,8997.54032
920433.BJ,20260806,4.83,4.93,4.75,4.93,43501.5,21116.48041
920436.BJ,20260806,10.54,10.75,10.41,10.58,8642.07,9151.38667
920438.BJ,20260806,118.0,128.0,117.0,125.59,64611.17,801746.49517
920445.BJ,20260806,6.62,6.7,6.44,6.56,31580.5,20755.05257
920454.BJ,20260806,11.03,11.25,10.88,11.03,6839.56,7534.3261
920455.BJ,20260806,5.87,5.9,5.73,5.85,8717.5,5066.61378
920469.BJ,20260806,5.74,5.85,5.63,5.74,25652.47,14665.56988
920471.BJ,20260806,11.2,11.38,11.1,11.35,9929.69,11189.2948
920475.BJ,20260806,11.52,12.19,11.48,12.12,14461.72,17127.07595
920476.BJ,20260806,22.16,23.28,22.07,22.99,17490.88,39987.8044
920478.BJ,20260806,10.68,10.95,10.34,10.85,60371.28,64491.6586
920489.BJ,20260806,13.31,13.99,13.19,13.96,56737.35,76544.11508
920491.BJ,20260806,23.28,23.68,23.12,23.41,17363.66,40675.48294
920493.BJ,20260806,123.9,126.33,122.01,123.1,27700.73,342924.98077
920496.BJ,20260806,6.48,6.49,6.31,6.41,22693.74,14493.21659
920504.BJ,20260806,17.09,17.17,16.83,17.11,2764.54,4709.02449
920505.BJ,20260806,28.66,32.74,28.37,30.37,39479.47,120957.64988
920508.BJ,20260806,15.64,15.75,15.05,15.32,9156.92,14039.34053
920509.BJ,20260806,20.08,20.71,20.04,20.47,25387.69,51804.54485
920510.BJ,20260806,22.99,24.29,22.62,23.6,89466.48,210978.17521
920519.BJ,20260806,10.01,10.08,9.82,10.07,6417.97,6397.24947
920522.BJ,20260806,22.4,23.33,22.18,22.55,54443.63,122584.82769
920523.BJ,20260806,15.72,15.89,15.53,15.86,10267.53,16133.73734
920526.BJ,20260806,20.23,21.12,20.02,20.47,38339.82,78572.1544
920527.BJ,20260806,14.02,14.27,13.8,14.0,11375.1,15932.83831
920533.BJ,20260806,18.46,18.46,18.04,18.3,13304.53,24238.59412
920541.BJ,20260806,9.72,9.91,9.68,9.81,11500.23,11285.32663
920547.BJ,20260806,18.1,18.27,17.72,18.03,6259.69,11236.97125
920553.BJ,20260806,6.65,6.65,6.46,6.62,7094.28,4663.91364
920556.BJ,20260806,6.87,6.9,6.73,6.82,18164.71,12387.99259
920564.BJ,20260806,14.74,14.93,14.5,14.7,13097.93,19263.04308
920566.BJ,20260806,9.82,9.86,9.68,9.78,15564.97,15208.87195
920570.BJ,20260806,24.77,25.08,24.55,24.98,5368.02,13317.16867
920571.BJ,20260806,8.46,8.6,8.44,8.6,124074.37,105523.42252
920575.BJ,20260806,5.57,5.9,5.46,5.58,157339.71,88614.91386
920576.BJ,20260806,44.56,46.88,44.28,45.35,32690.76,149553.68322
920578.BJ,20260806,17.23,17.73,16.95,17.23,14943.41,25707.21952
920579.BJ,20260806,14.8,15.15,14.71,15.15,11190.41,16693.88966
920580.BJ,20260806,11.18,12.39,11.18,11.33,43899.3,50774.88541
920592.BJ,20260806,22.05,22.74,21.82,22.39,21086.37,46955.19475
920593.BJ,20260806,25.6,26.27,25.44,25.9,22980.46,59427.6751
920599.BJ,20260806,17.17,17.3,16.88,16.92,21313.39,36329.06881
920608.BJ,20260806,13.57,13.86,13.44,13.73,3494.75,4783.9673
920627.BJ,20260806,14.6,14.68,14.19,14.36,12605.51,18184.06227
920634.BJ,20260806,18.21,19.37,17.51,17.9,36338.16,66333.95808
920639.BJ,20260806,6.24,6.28,6.1,6.22,16599.02,10268.31486
920640.BJ,20260806,27.03,27.98,26.97,27.6,35972.96,99094.56615
920641.BJ,20260806,12.91,13.08,12.62,12.83,13566.89,17373.041
920642.BJ,20260806,10.57,10.84,10.46,10.71,30556.71,32462.50633
920651.BJ,20260806,22.83,26.3,22.8,23.33,24489.81,59328.81883
920656.BJ,20260806,13.82,13.92,13.72,13.89,4935.05,6829.50876
920662.BJ,20260806,19.27,19.6,19.03,19.31,14124.89,27275.08349
920663.BJ,20260806,12.65,13.42,12.5,12.85,14714.78,19078.91217
920665.BJ,20260806,8.73,8.88,8.62,8.82,17793.71,15572.63624
920670.BJ,20260806,13.44,13.7,13.23,13.56,35088.54,47115.80115
920675.BJ,20260806,7.39,7.43,7.23,7.32,13233.5,9674.54391
920679.BJ,20260806,15.46,15.49,15.14,15.44,1454.59,2235.2519
920682.BJ,20260806,5.9,5.92,5.75,5.86,20855.18,12163.9779
920685.BJ,20260806,12.95,13.14,12.61,12.7,51034.71,65016.71735
920689.BJ,20260806,20.52,20.62,20.17,20.32,7426.91,15167.26953
920690.BJ,20260806,19.5,19.9,19.0,19.31,66344.39,128649.68944
920693.BJ,20260806,23.52,23.94,23.33,23.73,7519.78,17793.00573
920694.BJ,20260806,14.03,14.25,13.9,14.1,4415.03,6216.08907
920699.BJ,20260806,70.13,78.0,69.07,74.54,21408.02,157121.41045
920701.BJ,20260806,13.23,14.45,13.0,14.02,51216.68,71504.99349
920703.BJ,20260806,9.57,9.61,9.43,9.54,3429.67,3262.6052
920706.BJ,20260806,14.58,14.9,14.45,14.63,13404.15,19662.07855
920717.BJ,20260806,8.14,8.21,7.79,8.08,36720.56,29567.17781
920718.BJ,20260806,9.85,9.86,9.67,9.82,6992.28,6829.64729
920719.BJ,20260806,7.89,8.1,7.82,7.86,15219.66,12092.83532
920720.BJ,20260806,9.5,9.85,9.49,9.74,17645.63,17089.34587
920725.BJ,20260806,74.0,81.56,73.01,78.0,64372.79,500499.43588
920726.BJ,20260806,16.25,16.75,15.96,16.46,41507.03,67848.96921
920729.BJ,20260806,6.61,6.63,6.53,6.6,4119.22,2707.39183
920735.BJ,20260806,24.24,24.37,23.72,23.89,18230.5,43600.90251
920748.BJ,20260806,23.96,29.07,23.91,26.33,41404.46,112335.7803
920751.BJ,20260806,17.4,17.85,17.2,17.21,10018.31,17497.11585
920753.BJ,20260806,15.19,15.72,15.19,15.47,10411.72,16161.81677
920765.BJ,20260806,12.38,12.43,12.08,12.12,11312.12,13830.83068
920768.BJ,20260806,6.94,7.1,6.91,7.06,19253.91,13459.42719
920770.BJ,20260806,10.68,10.79,10.4,10.73,28716.55,30441.05562
920779.BJ,20260806,24.56,25.3,24.02,24.3,16562.32,40693.32722
920781.BJ,20260806,6.01,6.07,5.89,5.94,42445.23,25312.5245
920786.BJ,20260806,7.0,7.0,6.73,6.82,117749.24,80696.66667
920790.BJ,20260806,24.2,26.2,24.07,24.85,49772.7,123788.95941
920792.BJ,20260806,10.31,10.31,9.61,10.09,15112.02,15230.84971
920799.BJ,20260806,31.24,32.76,31.03,31.76,45724.38,145801.75179
920802.BJ,20260806,10.56,10.74,10.35,10.55,6073.94,6424.39429
920806.BJ,20260806,10.65,11.08,10.5,10.78,70108.51,75327.07892
920807.BJ,20260806,9.42,10.08,9.33,9.7,71322.76,69274.29298
920808.BJ,20260806,60.0,61.78,59.71,61.02,16494.66,100148.06228
920809.BJ,20260806,8.3,8.43,8.12,8.34,114419.23,94351.95004
920810.BJ,20260806,8.86,8.86,8.51,8.74,24371.43,21130.34135
920819.BJ,20260806,2.76,2.77,2.72,2.74,38337.67,10514.66537
920821.BJ,20260806,18.88,20.59,18.7,19.53,63794.33,124281.11654
920826.BJ,20260806,8.06,8.18,7.93,8.06,30795.12,24749.9079
920832.BJ,20260806,6.19,6.23,6.1,6.17,5623.66,3466.72373
920833.BJ,20260806,8.67,8.84,8.61,8.76,6807.54,5951.82448
920834.BJ,20260806,8.35,8.97,8.3,8.95,37160.29,32546.25625
920837.BJ,20260806,9.7,9.8,9.6,9.76,8340.08,8091.7003
920839.BJ,20260806,24.97,25.24,24.52,24.85,4057.38,10072.918
920855.BJ,20260806,12.5,12.5,12.13,12.33,2109.08,2592.89473
920856.BJ,20260806,10.79,12.27,10.79,11.21,40214.67,45747.26347
920857.BJ,20260806,18.67,19.25,18.2,19.0,20301.61,38105.88214
920866.BJ,20260806,5.85,6.22,5.77,6.13,53817.23,32198.41091
920870.BJ,20260806,11.5,11.53,11.17,11.28,9461.07,10710.05933
920871.BJ,20260806,10.81,11.45,10.81,11.39,18117.85,20418.98736
920873.BJ,20260806,7.46,7.66,7.36,7.55,21324.64,16018.29426
920876.BJ,20260806,16.84,16.97,16.4,16.7,13408.52,22379.06707
920879.BJ,20260806,13.03,13.36,13.0,13.1,9145.3,12032.17254
920885.BJ,20260806,12.1,12.71,12.02,12.45,33958.9,42303.68672
920892.BJ,20260806,10.72,10.75,10.33,10.5,7646.75,8024.40435
920895.BJ,20260806,12.75,13.25,12.54,12.62,9776.31,12498.18788
920896.BJ,20260806,12.25,12.35,12.1,12.26,6727.42,8206.81474
920906.BJ,20260806,17.0,17.29,16.46,16.68,11486.43,19350.82624
920914.BJ,20260806,18.93,18.95,18.15,18.4,16596.74,30726.77422
920924.BJ,20260806,14.84,19.18,14.84,17.38,95521.65,163438.76798
920925.BJ,20260806,12.65,12.87,12.44,12.73,23333.26,29480.19624
920926.BJ,20260806,10.74,10.94,10.57,10.65,11769.91,12628.24952
920931.BJ,20260806,9.73,9.89,9.56,9.73,3636.9,3532.70011
920932.BJ,20260806,12.6,13.2,12.34,13.06,36779.44,47171.23143
920942.BJ,20260806,17.58,18.15,17.38,17.85,13741.88,24457.92078
920943.BJ,20260806,14.51,18.0,14.33,16.27,62503.64,103313.51286
920946.BJ,20260806,9.27,9.31,9.08,9.1,27086.67,24800.89209
920950.BJ,20260806,12.75,12.88,12.45,12.8,2440.38,3094.05308
920953.BJ,20260806,25.0,25.8,24.68,25.26,32725.99,82479.56357
920957.BJ,20260806,9.4,9.4,9.12,9.25,12335.02,11408.16518
920961.BJ,20260806,18.5,21.58,18.24,20.54,68177.55,135885.59575
920964.BJ,20260806,4.48,4.65,4.44,4.57,40125.15,18231.34564
920970.BJ,20260806,6.0,6.12,5.95,6.08,26530.84,16010.55817
920971.BJ,20260806,26.17,27.86,26.0,26.76,64268.06,173165.37605
920974.BJ,20260806,6.14,6.25,6.08,6.19,19974.18,12323.63144
920976.BJ,20260806,18.15,19.58,17.91,19.2,28522.17,53158.40031
920978.BJ,20260806,20.33,20.71,20.05,20.5,11216.31,22910.03277
920981.BJ,20260806,29.98,31.78,29.78,31.6,40733.82,124549.89436
920982.BJ,20260806,128.32,129.75,126.25,127.46,8596.38,109229.24978
920985.BJ,20260806,4.78,4.78,4.64,4.73,20910.88,9854.81911
920992.BJ,20260806,11.89,12.05,11.58,11.8,9108.21,10711.48835
