trade_date,ts_code,name,close,pre_close_est,pct_chg,up_limit,down_limit
20260611,000001.SZ,,11.3,13.725252034495323,-0.1767,12.45,10.19
20260611,000002.SZ,,3.12,65.546218487395,-0.9524,3.47,2.84
20260611,000006.SZ,,7.85,-8.971428571428572,-1.875,8.8,7.2
20260611,000007.SZ,,13.93,8.440889535236018,0.6503,15.22,12.46
20260611,000008.SZ,,2.4,-0.7999999999999999,-4.0,2.75,2.25
20260611,000009.SZ,,6.85,-5.341130604288498,-2.2825,7.71,6.31
20260611,000010.SZ,,2.19,-0.5220749499380185,-5.1948,2.43,2.19
20260611,000011.SZ,,7.19,-9.265463917525773,-1.776,8.05,6.59
20260611,000012.SZ,,4.08,-1.602450807116767,-3.5461,4.65,3.81
20260611,000014.SZ,,10.15,-15.68051907925228,-1.6473,11.35,9.29
20260611,000016.SZ,,2.81,-0.821205213630253,-4.4218,3.09,2.79
20260611,000017.SZ,,5.02,12.367578221236755,-0.5941,5.56,4.55
20260611,000019.SZ,,6.55,1.3183583922065898,3.9683,6.93,5.67
20260611,000020.SZ,,11.69,36.49703403059631,-0.6797,12.95,10.59
20260611,000021.SZ,,39.08,13.337428756697724,1.9301,42.17,34.51
20260611,000025.SZ,,15.27,-11.181079299992678,-2.3657,17.2,14.08
20260611,000026.SZ,,20.97,-57.594067563856065,-1.3641,23.39,19.13
20260611,000027.SZ,,7.1,43.82716049382715,-0.838,7.88,6.44
20260611,000028.SZ,,22.31,-40.96584649283878,-1.5446,24.93,20.39
20260611,000029.SZ,,25.46,-5.453221384509939,-5.6688,29.69,24.29
20260611,000030.SZ,,4.29,-1.417338443240386,-4.0268,4.92,4.02
20260611,000031.SZ,,2.47,12.550813008130083,-0.8032,2.74,2.24
20260611,000032.SZ,,17.2,1.567283860621082,9.9744,17.2,14.08
20260611,000034.SZ,,22.15,-6.510493210275704,-4.4022,25.49,20.85
20260611,000035.SZ,,5.0,5.0,0.0,5.5,4.5
20260611,000036.SZ,,4.96,24.800000000000004,-0.8,5.5,4.5
20260611,000037.SZ,,11.54,2.1235094950684528,4.4344,12.16,9.95
20260611,000039.SZ,,9.26,8.356646512047648,0.1081,10.18,8.33
20260611,000042.SZ,,8.95,-4.909489851892484,-2.823,10.13,8.29
20260611,001914.SZ,,9.39,-25.69083447332422,-1.3655,10.47,8.57
20260611,000045.SZ,,10.6,-15.825619587936698,-1.6698,11.86,9.7
20260611,000048.SZ,,19.61,1.7854541481535435,9.9832,19.61,16.05
20260611,000049.SZ,,22.41,-12.042560051587941,-2.8609,25.38,20.76
20260611,000050.SZ,,7.66,-2.356923076923077,-4.25,8.8,7.2
20260611,000055.SZ,,3.7,2.0358754264333663,0.8174,4.04,3.3
20260611,000056.SZ,,1.64,-0.3902624753111391,-5.2023,1.82,1.64
20260611,000058.SZ,,6.73,-6.484871844285991,-2.0378,7.56,6.18
20260611,000059.SZ,,4.23,5.535200209369275,-0.2358,4.66,3.82
20260611,000060.SZ,,7.17,1.7212819589485058,3.1655,7.65,6.26
20260611,000061.SZ,,5.87,-11.507547539698098,-1.5101,6.56,5.36
20260611,000062.SZ,,29.99,-8.233808307937293,-4.6423,34.6,28.31
20260611,000063.SZ,,37.81,-64.33554534626512,-1.5877,42.26,34.58
20260611,000065.SZ,,10.93,-2.456290170344735,-5.4498,12.72,10.4
20260611,000066.SZ,,15.69,-8.774677031485934,-2.7881,17.75,14.53
20260611,000068.SZ,,3.46,-2.74624970235733,-2.2599,3.89,3.19
20260611,000069.SZ,,1.85,4.000865051903114,-0.5376,2.05,1.67
20260611,000070.SZ,,17.67,-8.990536277602525,-2.9654,20.03,16.39
20260611,000078.SZ,,1.61,0.25847675314667357,5.2288,1.61,1.45
20260611,000088.SZ,,4.22,7.987885671020253,-0.4717,4.66,3.82
20260611,000089.SZ,,6.33,-25.524193548387096,-1.248,7.05,5.77
20260611,000090.SZ,,3.55,2.7680311890838207,0.2825,3.89,3.19
20260611,000096.SZ,,7.78,3.8155958803334973,1.039,8.47,6.93
20260611,000099.SZ,,15.83,-3.1675204097967025,-5.9976,18.52,15.16
20260611,000100.SZ,,4.51,-8.535200605601817,-1.5284,5.04,4.12
20260611,000151.SZ,,12.67,-3.751406407295553,-4.3774,14.58,11.93
20260611,000153.SZ,,5.41,-11.832895888013997,-1.4572,6.04,4.94
20260611,000155.SZ,,13.05,7.701841359773372,0.6944,14.26,11.66
20260611,000156.SZ,,6.33,-2.2611988283203543,-3.7994,7.24,5.92
20260611,000157.SZ,,7.29,-33.21184510250569,-1.2195,8.12,6.64
20260611,000158.SZ,,14.92,-6.138907175773535,-3.4304,17.0,13.91
20260611,000159.SZ,,6.05,-3.4908545381108995,-2.7331,6.84,5.6
20260611,000166.SZ,,4.42,2.3102655237298766,0.9132,4.82,3.94
20260611,000301.SZ,,11.61,189.0879478827361,-0.9386,12.89,10.55
20260611,000333.SZ,,85.35,31.284363316472394,1.7282,92.29,75.51
20260611,000338.SZ,,27.57,-22.986493246623315,-2.1994,31.01,25.37
20260611,000400.SZ,,21.61,34.23637515842839,-0.3688,23.86,19.52
20260611,000401.SZ,,3.8,-12.721794442584534,-1.2987,4.24,3.47
20260611,000402.SZ,,2.75,-34.76611883691532,-1.0791,3.06,2.5
20260611,000403.SZ,,11.65,-9.208758200932733,-2.2651,13.11,10.73
20260611,000404.SZ,,7.76,5.590375333189251,0.3881,8.5,6.96
20260611,000407.SZ,,4.02,2.294651521205548,0.7519,4.39,3.59
20260611,000408.SZ,,76.01,26.176946654268697,1.9037,82.05,67.13
20260611,000409.SZ,,8.81,-3.8419606646025035,-3.2931,10.02,8.2
20260611,000410.SZ,,5.14,-14.959254947613507,-1.3436,5.73,4.69
20260611,000411.SZ,,9.22,-10.07760410973877,-1.9149,10.34,8.46
20260611,000415.SZ,,3.93,7.960299777192627,-0.5063,4.35,3.56
20260611,000417.SZ,,7.03,-2.096192265259266,-4.3537,8.09,6.62
20260611,000419.SZ,,4.87,12.55801959773079,-0.6122,5.39,4.41
20260611,000420.SZ,,4.11,-9.366453965360073,-1.4388,4.59,3.75
20260611,000421.SZ,,5.42,-19.709090909090914,-1.275,6.04,4.94
20260611,000422.SZ,,14.06,1.407097536078141,8.9922,14.19,11.61
20260611,000423.SZ,,50.03,64.09172431462977,-0.2194,55.15,45.13
20260611,000425.SZ,,8.85,-2.506585096439799,-4.5307,10.2,8.34
20260611,000426.SZ,,36.05,12.841062905179168,1.8074,38.95,31.87
20260611,000428.SZ,,3.28,-1.6746655774532828,-2.9586,3.72,3.04
20260611,000429.SZ,,13.3,-3.5036880927291887,-4.796,15.37,12.57
20260611,000430.SZ,,7.58,-3.107194097151056,-3.4395,8.64,7.07
20260611,000488.SZ,,2.14,-2.563181219307702,-1.8349,2.29,2.07
20260611,000498.SZ,,5.02,-27.71949199337382,-1.1811,5.59,4.57
20260611,000501.SZ,,7.1,-7.604155510335225,-1.9337,7.96,6.52
20260611,000503.SZ,,6.95,-3.360247546294058,-3.0683,7.89,6.45
20260611,000505.SZ,,5.55,2.6518228295666297,1.0929,6.04,4.94
20260611,000506.SZ,,12.48,-11.166785969935578,-2.1176,14.03,11.48
20260611,000507.SZ,,4.74,-10.410718207775092,-1.4553,5.29,4.33
20260611,000509.SZ,,4.1,-1.0018081415237257,-5.0926,4.75,3.89
20260611,000510.SZ,,17.61,1.6018119303607488,9.9938,17.61,14.41
20260611,000513.SZ,,31.38,22.161016949152543,0.416,34.38,28.13
20260611,000514.SZ,,4.18,-4.7613623419523865,-1.8779,4.69,3.83
20260611,000516.SZ,,3.86,-4.941116231438812,-1.7812,4.32,3.54
20260611,000517.SZ,,1.91,-0.933665737889231,-3.0457,2.17,1.77
20260611,000518.SZ,,3.1,-1.0248611478444856,-4.0248,3.55,2.91
20260611,000519.SZ,,18.74,22.30421328255177,-0.1598,20.65,16.89
20260611,000520.SZ,,4.19,-2.3483914359376756,-2.7842,4.74,3.88
20260611,000521.SZ,,5.83,1.8796750064482848,2.1016,6.28,5.14
20260611,000523.SZ,,2.88,-93.20388349514585,-1.0309,3.2,2.62
20260611,000524.SZ,,8.83,-5.036217418582103,-2.7533,9.99,8.17
20260611,000525.SZ,,4.44,2.642385288341368,0.6803,4.85,3.97
20260611,000526.SZ,,25.84,-11.827710898521536,-3.1847,29.36,24.02
20260611,000528.SZ,,8.21,-3.1116164487398144,-3.6385,9.37,7.67
20260611,000529.SZ,,4.8,-20.460358056265992,-1.2346,5.35,4.37
20260611,000530.SZ,,5.78,-0.6444563375256445,-9.9688,7.06,5.78
20260611,000531.SZ,,6.72,3.273896521484946,1.0526,7.32,5.99
20260611,000532.SZ,,11.53,-5.924669852525564,-2.9461,13.07,10.69
20260611,000533.SZ,,10.53,-17.88383152173913,-1.5888,11.77,9.63
20260611,000534.SZ,,29.42,8.740344622697565,2.366,31.61,25.87
20260611,000536.SZ,,3.5,-0.6774805466300182,-6.1662,4.1,3.36
20260611,000537.SZ,,8.54,-13.933757546092346,-1.6129,9.55,7.81
20260611,000538.SZ,,50.55,27.809869615448093,0.8177,55.15,45.13
20260611,000539.SZ,,7.55,5.965549936788874,0.2656,8.28,6.78
20260611,000541.SZ,,4.71,-4.365152919369786,-2.079,5.29,4.33
20260611,000543.SZ,,8.63,3.7667495962638036,1.2911,9.37,7.67
20260611,000544.SZ,,7.65,34.49053201082056,-0.7782,8.48,6.94
20260611,000545.SZ,,2.32,4.06447091800981,-0.4292,2.56,2.1
20260611,000546.SZ,,5.14,2.5929475861373152,0.9823,5.6,4.58
20260611,000547.SZ,,18.77,39.92767496277388,-0.5299,20.76,16.98
20260611,000548.SZ,,4.51,13.295990566037737,-0.6608,4.99,4.09
20260611,000550.SZ,,16.58,-14.736467869522706,-2.1251,18.63,15.25
20260611,000551.SZ,,14.99,44.44115031129558,-0.6627,16.6,13.58
20260611,000552.SZ,,2.55,-2.762430939226519,-1.9231,2.86,2.34
20260611,000553.SZ,,5.89,4.393227418512717,0.3407,6.46,5.28
20260611,000554.SZ,,6.49,2.2505028087939527,1.8838,7.01,5.73
20260611,000555.SZ,,10.79,-3.399388803125295,-4.1741,12.39,10.13
20260611,000557.SZ,,3.93,-3.9497487437185925,-1.995,4.41,3.61
20260611,000558.SZ,,3.91,2.58239218017304,0.5141,4.28,3.5
20260611,000559.SZ,,13.21,-31.610433117970814,-1.4179,14.74,12.06
20260611,000560.SZ,,2.28,-0.9540547326136077,-3.3898,2.6,2.12
20260611,000561.SZ,,7.73,12.601891098793612,-0.3866,8.54,6.98
20260611,000563.SZ,,2.84,-3.889878098890563,-1.7301,3.18,2.6
20260611,000564.SZ,,1.44,-1.3835511145272867,-2.0408,1.62,1.32
20260611,000565.SZ,,6.44,4.910407929851315,0.3115,7.06,5.78
20260611,000566.SZ,,3.79,-6.787249283667622,-1.5584,4.24,3.47
20260611,000567.SZ,,5.5,-1.4948089362396042,-4.6794,6.35,5.19
20260611,000568.SZ,,85.48,79.00184842883549,0.082,93.95,76.87
20260611,000570.SZ,,5.11,-6.99233716475096,-1.7308,5.72,4.68
20260611,000571.SZ,,5.34,-4.458173317749207,-2.1978,6.01,4.91
20260611,000572.SZ,,4.12,-9.462563160312357,-1.4354,4.6,3.76
20260611,000573.SZ,,4.17,-4.7257479601087935,-1.8824,4.68,3.83
20260611,000576.SZ,,7.06,8.222688096901933,-0.1414,7.78,6.36
20260611,000581.SZ,,17.49,-14.806975956654249,-2.1812,19.67,16.09
20260611,000582.SZ,,11.21,-6.629213483146069,-2.691,12.67,10.37
20260611,000586.SZ,,14.59,-9.90293898051992,-2.4733,16.46,13.46
20260611,000589.SZ,,4.46,-41.068139963167575,-1.1086,4.96,4.06
20260611,000590.SZ,,9.31,36.696886085928256,-0.7463,10.32,8.44
20260611,000591.SZ,,5.0,-3.72079178449174,-2.3438,5.63,4.61
20260611,000592.SZ,,7.4,-3.9213608181866353,-2.8871,8.38,6.86
20260611,000593.SZ,,20.63,-4.41765348294396,-5.6699,24.06,19.68
20260611,000595.SZ,,6.21,-1.5348871697273785,-5.0459,6.87,6.21
20260611,000596.SZ,,87.17,91.36358872235616,-0.0459,95.93,78.49
20260611,000597.SZ,,4.48,2.356778368141407,0.9009,4.88,4.0
20260611,000598.SZ,,6.91,2.3685473366696375,1.9174,7.46,6.1
20260611,000599.SZ,,4.8,-10.973936899862824,-1.4374,5.36,4.38
20260611,000600.SZ,,10.07,602.9940119760462,-0.9833,11.19,9.15
20260611,000601.SZ,,6.9,-4.473547717842323,-2.5424,7.79,6.37
20260611,000603.SZ,,27.9,7.807471666433468,2.5735,29.92,24.48
20260611,000605.SZ,,6.01,17.739079102715465,-0.6612,6.66,5.45
20260611,000607.SZ,,3.4,-3.342180281136341,-2.0173,3.82,3.12
20260611,000608.SZ,,6.25,-0.6989175165503668,-9.9424,7.63,6.25
20260611,000609.SZ,,11.66,-9.871317304436166,-2.1812,12.52,11.32
20260611,000610.SZ,,6.44,-1.604104914439435,-5.0147,7.12,6.44
20260611,000612.SZ,,10.58,8.237309249454999,0.2844,11.61,9.5
20260611,000615.SZ,,3.31,-17.061855670103096,-1.194,3.52,3.18
20260611,000617.SZ,,7.12,23.529411764705884,-0.6974,7.89,6.45
20260611,000619.SZ,,5.11,-14.541832669322712,-1.3514,5.7,4.66
20260611,000620.SZ,,2.99,-2.32214973594284,-2.2876,3.37,2.75
20260611,000623.SZ,,16.72,320.9213051823414,-0.9479,18.57,15.19
20260611,000625.SZ,,7.44,12.433155080213904,-0.4016,8.22,6.72
20260611,000626.SZ,,7.16,4.584453835318223,0.5618,7.83,6.41
20260611,000628.SZ,,57.47,6.744513554747095,7.521,58.8,48.11
20260611,000629.SZ,,3.08,-5.1556745898895215,-1.5974,3.44,2.82
20260611,000630.SZ,,6.45,2.5050489358396772,1.5748,6.99,5.72
20260611,000631.SZ,,3.34,0.3073129439475912,9.8684,3.34,2.74
20260611,000632.SZ,,3.73,1.1686195876934644,2.1918,3.83,3.47
20260611,000633.SZ,,5.28,6.510480887792849,-0.189,5.82,4.76
20260611,000635.SZ,,7.15,0.9874735868079053,6.2407,7.4,6.06
20260611,000636.SZ,,64.3,7.5583924016409805,7.5071,65.79,53.83
20260611,000637.SZ,,4.02,15.503278056305438,-0.7407,4.46,3.65
20260611,000639.SZ,,1.35,-0.3435464169381108,-4.9296,1.49,1.35
20260611,000650.SZ,,5.13,-7.084656815356995,-1.7241,5.74,4.7
20260611,000651.SZ,,38.5,21.565003080714728,0.7853,42.02,34.38
20260611,000652.SZ,,3.48,-8.357348703170027,-1.4164,3.88,3.18
20260611,000655.SZ,,6.95,3.7149882403249945,0.8708,7.58,6.2
20260611,000656.SZ,,1.34,-2.8474288142796436,-1.4706,1.43,1.29
20260611,000657.SZ,,77.95,9.833108372333582,6.9273,80.19,65.61
20260611,000659.SZ,,3.52,-2.357511218270712,-2.4931,3.97,3.25
20260611,000661.SZ,,64.32,-36.112514738083206,-2.7811,72.78,59.54
20260611,000663.SZ,,5.6,-93.17803660565717,-1.0601,6.23,5.09
20260611,000665.SZ,,4.09,-1.1891954758235685,-4.4393,4.71,3.85
20260611,000668.SZ,,20.49,-11.390294068597475,-2.7989,23.19,18.97
20260611,000669.SZ,,4.04,-8.718170047475184,-1.4634,4.31,3.9
20260611,000670.SZ,,9.42,-5.273175100761308,-2.7864,10.66,8.72
20260611,000672.SZ,,16.14,8.064757907360216,1.0013,17.58,14.38
20260611,000676.SZ,,5.47,-1.5462897526501769,-4.5375,6.3,5.16
20260611,000677.SZ,,1.81,-0.5598861667903984,-4.2328,1.98,1.8
20260611,000678.SZ,,10.24,-1.1355571327182399,-10.0176,12.52,10.24
20260611,000679.SZ,,5.98,35.01170960187355,-0.8292,6.63,5.43
20260611,000680.SZ,,10.15,-3.7589808162358342,-3.7002,11.59,9.49
20260611,000681.SZ,,21.56,-2.4011315165217,-9.9791,26.35,21.56
20260611,000682.SZ,,11.84,35.998783824870785,-0.6711,13.11,10.73
20260611,000683.SZ,,6.69,9.531272261005842,-0.2981,7.38,6.04
20260611,000685.SZ,,10.25,-40.61014263074485,-1.2524,11.42,9.34
20260611,000686.SZ,,7.4,-6.628448584736653,-2.1164,8.32,6.8
20260611,000688.SZ,,45.32,4.12,10.0,45.32,37.08
20260611,000690.SZ,,5.13,1.7168100130517718,1.9881,5.53,4.53
20260611,000691.SZ,,9.93,1.4709367778633644,5.7508,10.33,8.45
20260611,000692.SZ,,4.51,37.303556658395365,-0.8791,5.01,4.1
20260611,000695.SZ,,12.68,-12.56316258793223,-2.0093,14.23,11.65
20260611,000697.SZ,,10.93,1.5358673505234313,6.1165,11.33,9.27
20260611,000698.SZ,,3.31,-3.090569561157796,-2.071,3.55,3.21
20260611,000700.SZ,,14.67,-5.61273290737269,-3.6137,16.74,13.7
20260611,000701.SZ,,5.05,-2.9749631811487482,-2.6975,5.71,4.67
20260611,000702.SZ,,5.6,-93.17803660565717,-1.0601,6.23,5.09
20260611,000703.SZ,,12.43,-15.219786947471531,-1.8167,13.93,11.39
20260611,000705.SZ,,6.6,-5.400098183603339,-2.2222,7.43,6.08
20260611,000707.SZ,,4.63,8.124232321459903,-0.4301,5.12,4.19
20260611,000708.SZ,,13.83,5.138971462544589,1.6912,14.96,12.24
20260611,000709.SZ,,2.08,3.9884947267497597,-0.4785,2.3,1.88
20260611,000710.SZ,,7.93,-6.502665026650266,-2.2195,8.92,7.3
20260611,000711.SZ,,5.48,3.157955396761367,0.7353,5.71,5.17
20260611,000712.SZ,,8.49,11.098039215686274,-0.235,9.36,7.66
20260611,000713.SZ,,5.93,5.93,0.0,6.52,5.34
20260611,000715.SZ,,4.76,-2.870063310220078,-2.6585,5.38,4.4
20260611,000716.SZ,,4.6,-3.444402845376263,-2.3355,5.18,4.24
20260611,000717.SZ,,2.09,3.990072546773577,-0.4762,2.31,1.89
20260611,000718.SZ,,1.99,-1.0328004982354162,-2.9268,2.26,1.85
20260611,000719.SZ,,12.32,-12.45828698553949,-1.9889,13.83,11.31
20260611,000720.SZ,,4.22,-1.7348406988694756,-3.4325,4.81,3.93
20260611,000721.SZ,,5.93,-5.178134823611596,-2.1452,6.67,5.45
20260611,000722.SZ,,14.27,-7.412216912528569,-2.9252,16.17,13.23
20260611,000723.SZ,,3.92,-7.724137931034481,-1.5075,4.38,3.58
20260611,000725.SZ,,5.83,-2.5165105538049812,-3.3167,6.63,5.43
20260611,000726.SZ,,5.8,18.40685496667724,-0.6849,6.42,5.26
20260611,000727.SZ,,2.57,-0.340808126350966,-8.5409,3.09,2.53
20260611,000728.SZ,,6.74,-8.995062057920725,-1.7493,7.55,6.17
20260611,000729.SZ,,11.46,-5.00196412203745,-3.2911,13.04,10.67
20260611,000731.SZ,,5.88,2.1537672612724807,1.7301,6.36,5.2
20260611,000733.SZ,,49.75,-31.02007731637361,-2.6038,56.19,45.97
20260611,000735.SZ,,5.06,23.45850718590635,-0.7843,5.61,4.59
20260611,000736.SZ,,4.16,-6.353084911423335,-1.6548,4.65,3.81
20260611,000737.SZ,,12.8,6.078449995251211,1.1058,13.93,11.39
20260611,000738.SZ,,18.18,10.568538542029996,0.7202,19.86,16.25
20260611,000739.SZ,,15.41,-37.8159509202454,-1.4075,17.19,14.07
20260611,000750.SZ,,3.44,-1.639188030115315,-3.0986,3.91,3.2
20260611,000751.SZ,,4.63,1.8263579345982408,1.5351,5.02,4.1
20260611,000752.SZ,,8.94,-3.80199030364889,-3.3514,9.71,8.79
20260611,000753.SZ,,4.93,-6.218466195761857,-1.7928,5.52,4.52
20260611,000755.SZ,,4.6,-4.07909905116609,-2.1277,5.17,4.23
20260611,000756.SZ,,12.19,-9.209035279897257,-2.3237,13.73,11.23
20260611,000757.SZ,,3.85,3.85,0.0,4.24,3.47
20260611,000758.SZ,,6.33,11.98182850653038,-0.4717,7.0,5.72
20260611,000759.SZ,,5.3,-1.0202706604808747,-6.1947,6.22,5.09
20260611,000761.SZ,,2.38,2.38,0.0,2.62,2.14
20260611,000762.SZ,,29.38,4.987184057306785,4.8911,30.81,25.21
20260611,000766.SZ,,25.29,24.326664101577528,0.0396,27.81,22.75
20260611,000767.SZ,,4.63,4.63,0.0,5.09,4.17
20260611,000768.SZ,,20.78,4.33259663900588,3.7962,22.02,18.02
20260611,000776.SZ,,19.15,13.00774351310963,0.4722,20.97,17.15
20260611,000777.SZ,,16.0,-68.20119352088663,-1.2346,17.82,14.58
20260611,000778.SZ,,4.0,-8.371703641691084,-1.4778,4.47,3.65
20260611,000779.SZ,,7.64,5.005569023127825,0.5263,8.36,6.84
20260611,000782.SZ,,7.44,15.99312123817713,-0.5348,8.23,6.73
20260611,000783.SZ,,7.38,-101.93370165745853,-1.0724,8.21,6.71
20260611,000785.SZ,,2.26,-0.6206404130279563,-4.6414,2.61,2.13
20260611,000786.SZ,,21.05,-24.340888066604997,-1.8648,23.6,19.31
20260611,000788.SZ,,5.07,-14.009394860458686,-1.3619,5.65,4.63
20260611,000789.SZ,,4.31,-7.204948177866933,-1.5982,4.82,3.94
20260611,000790.SZ,,3.6,-5.631159080244017,-1.6393,4.03,3.29
20260611,000791.SZ,,8.24,9.376422394173874,-0.1212,9.08,7.43
20260611,000792.SZ,,30.41,5.285294679945078,4.7537,31.93,26.13
20260611,000793.SZ,,2.52,-1.480002349210078,-2.7027,2.72,2.46
20260611,000795.SZ,,9.14,-4.404182527827302,-3.0753,10.37,8.49
20260611,000796.SZ,,4.32,-1.6800186668740764,-3.5714,4.93,4.03
20260611,000797.SZ,,2.42,2.42,0.0,2.66,2.18
20260611,000798.SZ,,7.71,76.86939182452646,-0.8997,8.56,7.0
20260611,000799.SZ,,37.69,-7.284781012022111,-6.1738,44.19,36.15
20260611,000800.SZ,,6.02,4.0111940298507465,0.5008,6.59,5.39
20260611,000801.SZ,,11.89,-9.74270730907899,-2.2204,13.38,10.94
20260611,000802.SZ,,4.35,-0.48669150471587275,-9.9379,5.31,4.35
20260611,000803.SZ,,7.3,5.726837687298972,0.2747,8.01,6.55
20260611,000807.SZ,,27.23,8.572597909583175,2.1764,29.32,23.99
20260611,000809.SZ,,3.89,0.6647527256570628,4.8518,4.08,3.34
20260611,000810.SZ,,10.04,-2.8917883579596184,-4.4719,11.56,9.46
20260611,000811.SZ,,31.4,34.715312327252626,-0.0955,34.57,28.29
20260611,000812.SZ,,3.46,-24.21273617914625,-1.1429,3.85,3.15
20260611,000813.SZ,,3.05,-1.96028022366476,-2.5559,3.44,2.82
20260611,000815.SZ,,15.66,-2.537059538274605,-7.1725,18.56,15.18
20260611,000816.SZ,,2.47,2.47,0.0,2.72,2.22
20260611,000818.SZ,,12.41,-4.55613481166018,-3.7238,14.18,11.6
20260611,000819.SZ,,13.29,-11.704095112285337,-2.1355,14.94,12.22
20260611,000820.SZ,,3.02,184.14634146341498,-0.9836,3.2,2.9
20260611,000821.SZ,,8.94,-3.113897596656217,-3.871,9.77,8.84
20260611,000822.SZ,,4.59,1.9746181974618198,1.3245,4.98,4.08
20260611,000823.SZ,,19.1,2.4229354306736015,6.883,19.66,16.08
20260611,000825.SZ,,3.62,-9.988962472406179,-1.3624,4.04,3.3
20260611,000826.SZ,,2.06,-0.9009797060881736,-3.2864,2.24,2.02
20260611,000828.SZ,,9.78,33.80573798824749,-0.7107,10.84,8.87
20260611,000829.SZ,,8.85,-3.278142015779531,-3.6997,10.11,8.27
20260611,000830.SZ,,12.33,12.33,0.0,13.56,11.1
20260611,000831.SZ,,53.79,115.97671410090557,-0.5362,59.49,48.67
20260611,000833.SZ,,26.68,4.8832271762208075,4.4636,28.09,22.99
20260611,000837.SZ,,12.26,-9.35306682941715,-2.3108,13.81,11.3
20260611,000838.SZ,,1.67,-1.2470131421744326,-2.3392,1.8,1.62
20260611,000839.SZ,,2.61,-1.1185874083915484,-3.3333,2.97,2.43
20260611,000848.SZ,,7.68,-48.51547694251418,-1.1583,8.55,6.99
20260611,000850.SZ,,3.71,18.746841839312786,-0.8021,4.11,3.37
20260611,000852.SZ,,5.53,3.5781300549983825,0.5455,6.05,4.95
20260611,000856.SZ,,8.12,-11.68513455173406,-1.6949,9.09,7.43
20260611,000858.SZ,,79.79,43.80936693570527,0.8213,87.05,71.23
20260611,000859.SZ,,11.51,5.158427822345717,1.2313,12.51,10.23
20260611,000860.SZ,,10.27,-66.25806451612902,-1.155,11.43,9.35
20260611,000862.SZ,,5.83,3.1258377566886493,0.8651,6.36,5.2
20260611,000863.SZ,,4.55,2.1552745014447443,1.1111,4.95,4.05
20260611,000868.SZ,,3.75,-11.874604179860668,-1.3158,4.18,3.42
20260611,000869.SZ,,17.28,-46.7153284671533,-1.3699,19.27,15.77
20260611,000875.SZ,,5.91,-3.290462669116419,-2.7961,6.69,5.47
20260611,000876.SZ,,6.61,-2.3737700208288444,-3.7846,7.56,6.18
20260611,000877.SZ,,4.02,-8.54228644283893,-1.4706,4.49,3.67
20260611,000878.SZ,,16.08,9.178606084822192,0.7519,17.56,14.36
20260611,000880.SZ,,24.0,-12.295711870485167,-2.9519,27.2,22.26
20260611,000881.SZ,,6.79,-4.707105719237435,-2.4425,7.66,6.26
20260611,000882.SZ,,1.4,1.4,0.0,1.54,1.26
20260611,000883.SZ,,4.95,1.0369532428355959,3.7736,5.25,4.29
20260611,000885.SZ,,12.69,3.8971807628524044,2.2562,13.65,11.17
20260611,000886.SZ,,4.26,-3.2931354359925784,-2.2936,4.8,3.92
20260611,000887.SZ,,20.85,-23.628739800543972,-1.8824,23.38,19.13
20260611,000888.SZ,,9.56,-6.174115215706536,-2.5484,10.79,8.83
20260611,000889.SZ,,3.51,-3.674238459122788,-1.9553,3.94,3.22
20260611,000890.SZ,,9.83,-4.372775800711743,-3.248,11.18,9.14
20260611,000892.SZ,,3.56,-1.2788275019757167,-3.7838,4.07,3.33
20260611,000893.SZ,,45.1,-59.0082428365825,-1.7643,50.5,41.32
20260611,000895.SZ,,24.17,63.07411273486431,-0.6168,26.75,21.89
20260611,000897.SZ,,1.85,-26.618705035971264,-1.0695,2.06,1.68
20260611,000898.SZ,,1.96,1.96,0.0,2.16,1.76
20260611,000899.SZ,,12.81,7.169241101410343,0.7868,13.98,11.44
20260611,000900.SZ,,3.61,-9.860693799508327,-1.3661,4.03,3.29
20260611,000901.SZ,,17.68,65.45723805997778,-0.7299,19.59,16.03
20260611,000902.SZ,,12.13,-200.8278145695364,-1.0604,13.49,11.03
20260611,000903.SZ,,1.92,0.935399006138556,1.0526,2.0,1.81
20260611,000905.SZ,,8.36,-8.418932527693855,-1.993,9.38,7.68
20260611,000906.SZ,,5.48,-12.488605287146763,-1.4388,6.12,5.0
20260611,000909.SZ,,4.21,0.7031315240083508,4.9875,4.21,3.81
20260611,000910.SZ,,5.81,-6.770772637221768,-1.8581,6.51,5.33
20260611,000911.SZ,,4.81,-2.1673500653359166,-3.2193,5.22,4.72
20260611,000912.SZ,,3.71,1.0641959726923298,2.4862,3.98,3.26
20260611,000913.SZ,,11.12,542.4390243902449,-0.9795,12.35,10.11
20260611,000915.SZ,,27.23,13.35458558116724,1.039,29.65,24.26
20260611,000917.SZ,,6.65,-2.291760002757005,-3.9017,7.61,6.23
20260611,000919.SZ,,6.04,-41.4550446122169,-1.1457,6.72,5.5
20260611,000920.SZ,,13.58,-18.436057561770298,-1.7366,15.2,12.44
20260611,000921.SZ,,29.3,2.6672735548475197,9.985,29.3,23.98
20260611,000922.SZ,,12.03,7.588469059484008,0.5853,13.16,10.76
20260611,000923.SZ,,13.92,24.386825508058866,-0.4292,15.38,12.58
20260611,000925.SZ,,8.24,10.872146721203325,-0.2421,9.09,7.43
20260611,000926.SZ,,2.18,1.1319383145542345,0.9259,2.38,1.94
20260611,000927.SZ,,2.45,12.874408828166052,-0.8097,2.72,2.22
20260611,000928.SZ,,5.44,-2.0023557126030624,-3.7168,6.22,5.09
20260611,000929.SZ,,9.32,4.247174626321546,1.1944,9.67,8.75
20260611,000930.SZ,,4.85,4.85,0.0,5.34,4.37
20260611,000931.SZ,,4.01,-17.321814254859607,-1.2315,4.47,3.65
20260611,000932.SZ,,3.76,5.117735129985028,-0.2653,4.15,3.39
20260611,000933.SZ,,26.77,8.98020798389802,1.981,28.88,23.63
20260611,000935.SZ,,26.3,6.682929308329522,2.9354,28.11,23.0
20260611,000936.SZ,,5.66,-10.014154281670207,-1.5652,6.33,5.18
20260611,000937.SZ,,5.38,1.5476669926931708,2.4762,5.78,4.73
20260611,000938.SZ,,25.35,-21.1408556417313,-2.1991,28.51,23.33
20260611,000948.SZ,,12.39,-5.2631578947368425,-3.3541,14.1,11.54
20260611,000949.SZ,,6.37,-2.9066849190052477,-3.1915,7.24,5.92
20260611,000950.SZ,,5.18,22.16516902011125,-0.7663,5.74,4.7
20260611,000951.SZ,,21.95,-31.281174291007552,-1.7017,24.56,20.1
20260611,000952.SZ,,6.04,-9.607125815174168,-1.6287,6.75,5.53
20260611,000953.SZ,,5.85,5.85,0.0,6.44,5.27
20260611,000955.SZ,,3.99,539.189189189192,-0.9926,4.43,3.63
20260611,000957.SZ,,10.23,3.951485186758856,1.5889,11.08,9.06
20260611,000958.SZ,,5.88,2.0231213872832368,1.9064,6.35,5.19
20260611,000959.SZ,,3.19,-5.872606774668632,-1.5432,3.56,2.92
20260611,000960.SZ,,34.86,9.629834254143645,2.62,37.37,30.57
20260611,000962.SZ,,57.92,5.643903960087309,9.2624,58.31,47.71
20260611,000963.SZ,,29.13,10.470884255930985,1.782,31.48,25.76
20260611,000965.SZ,,3.28,35.00533617929562,-0.9063,3.64,2.98
20260611,000966.SZ,,4.71,2.272069464544139,1.073,5.13,4.19
20260611,000967.SZ,,9.84,-7.1252715423606094,-2.381,11.09,9.07
20260611,000968.SZ,,7.07,2.3409045758559035,2.0202,7.62,6.24
20260611,000969.SZ,,22.24,2.806982115586071,6.9231,22.88,18.72
20260611,000970.SZ,,14.03,-6.259480681716783,-3.2414,15.95,13.05
20260611,000972.SZ,,3.49,8.112505811250582,-0.5698,3.69,3.33
20260611,000973.SZ,,14.0,24.420024420024422,-0.4267,15.47,12.65
20260611,000975.SZ,,20.52,8.794411348733554,1.3333,22.28,18.23
20260611,000977.SZ,,57.84,-35.92769737250761,-2.6099,65.33,53.45
20260611,000978.SZ,,5.86,-1.5141727603937885,-4.8701,6.78,5.54
20260611,000980.SZ,,2.28,17.48466257668712,-0.8696,2.53,2.07
20260611,000981.SZ,,3.14,58.58208955223883,-0.9464,3.49,2.85
20260611,000983.SZ,,7.17,7.17,0.0,7.89,6.45
20260611,000985.SZ,,16.19,-73.4906945074898,-1.2203,18.03,14.75
20260611,000987.SZ,,7.23,-6.205475924813322,-2.1651,8.13,6.65
20260611,000988.SZ,,150.5,74.99875417351872,1.0067,163.9,134.1
20260611,000989.SZ,,7.79,-5.640839971035483,-2.381,8.78,7.18
20260611,000990.SZ,,8.86,84.30066603235016,-0.8949,9.83,8.05
20260611,000993.SZ,,11.5,-6.4263760827046665,-2.7895,13.01,10.65
20260611,000995.SZ,,10.81,-7.089454354669465,-2.5248,12.2,9.98
20260611,000997.SZ,,17.33,-6.626897632977705,-3.6151,19.78,16.18
20260611,000998.SZ,,8.13,5.440310492505354,0.4944,8.9,7.28
20260611,000999.SZ,,24.7,13.00890082688155,0.8987,26.93,22.03
20260611,001201.SZ,,11.04,-32.42290748898678,-1.3405,12.31,10.07
20260611,001202.SZ,,14.21,-31.141792680254227,-1.4563,15.86,12.98
20260611,001203.SZ,,41.09,7.3973391902352965,4.5547,43.23,35.37
20260611,001205.SZ,,13.76,11.292572835453427,0.2185,15.1,12.36
20260611,001206.SZ,,15.66,15.66,0.0,17.23,14.09
20260611,001207.SZ,,17.16,-7.384138732303455,-3.3239,19.53,15.98
20260611,001208.SZ,,15.66,7.705555282192589,1.0323,17.05,13.95
20260611,001209.SZ,,18.61,-68.11859443631036,-1.2732,20.74,16.97
20260611,001210.SZ,,24.87,-19.44487881157154,-2.279,28.0,22.91
20260611,001211.SZ,,36.11,13.009799682951435,1.7756,39.03,31.93
20260611,001212.SZ,,47.82,369.5517774343123,-0.8706,53.06,43.42
20260611,001213.SZ,,3.58,-9.485956544780075,-1.3774,3.99,3.27
20260611,001215.SZ,,41.75,-21.8930256948086,-2.907,47.3,38.7
20260611,001216.SZ,,15.98,4.479452822784101,2.5674,17.14,14.02
20260611,001217.SZ,,9.47,13.840982168956447,-0.3158,10.45,8.55
20260611,001218.SZ,,24.7,11.288848263254115,1.188,26.85,21.97
20260611,001219.SZ,,12.88,-24.34322434322435,-1.5291,14.39,11.77
20260611,001220.SZ,,30.4,31.43418467583497,-0.0329,33.45,27.37
20260611,001221.SZ,,42.21,-45.46531667384748,-1.9284,47.34,38.74
20260611,001222.SZ,,14.59,-34.82931487228455,-1.4189,16.28,13.32
20260611,001223.SZ,,44.63,-30.37294133659998,-2.4694,50.34,41.18
20260611,001225.SZ,,43.1,535.4037267080745,-0.9195,47.85,39.15
20260611,001226.SZ,,50.11,-14.178597702450341,-4.5342,57.74,47.24
20260611,001227.SZ,,2.13,1.4473058367873886,0.4717,2.33,1.91
20260611,001228.SZ,,26.66,-19.831882764263927,-2.3443,30.03,24.57
20260611,001229.SZ,,26.3,-22.02495603383301,-2.1941,29.58,24.2
20260611,001230.SZ,,24.68,-44.42044636429085,-1.5556,27.58,22.56
20260611,001231.SZ,,20.23,-30.984836881605144,-1.6529,22.63,18.51
20260611,001233.SZ,,46.7,95.55964804583589,-0.5113,51.63,42.25
20260611,001234.SZ,,22.38,110.73725878278083,-0.7979,24.82,20.3
20260611,001236.SZ,,7.33,16.028865077629565,-0.5427,8.11,6.63
20260611,001237.SZ,,60.89,-42.883301640960624,-2.4199,68.64,56.16
20260611,001238.SZ,,29.75,-29.478795085216017,-2.0092,33.4,27.32
20260611,001239.SZ,,13.95,1.2866036430712475,9.8425,13.97,11.43
20260611,001255.SZ,,28.46,-80.89823763501992,-1.3518,31.74,25.97
20260611,001256.SZ,,23.23,33.20468839336764,-0.3004,25.63,20.97
20260611,001257.SZ,,25.22,2.2954609580500414,9.9869,25.22,20.64
20260611,001258.SZ,,7.82,-12.311083123425693,-1.6352,8.75,7.16
20260611,001259.SZ,,68.14,13.851001117999797,3.9195,72.13,59.01
20260611,001260.SZ,,17.82,161.8528610354224,-0.8899,19.78,16.18
20260611,001266.SZ,,45.56,95.71428571428572,-0.524,50.38,41.22
20260611,001267.SZ,,49.05,-23.773749515316013,-3.0632,55.66,45.54
20260611,001268.SZ,,41.82,3.803650849954978,9.9947,41.82,34.22
20260611,001269.SZ,,28.32,-14.063663902269454,-3.0137,32.12,26.28
20260611,001270.SZ,,129.42,127.44460856720825,0.0155,142.34,116.46
20260611,001277.SZ,,30.34,31.372143521869507,-0.0329,33.39,27.32
20260611,001278.SZ,,16.78,35.96998928188639,-0.5335,18.56,15.18
20260611,001279.SZ,,25.63,-39.430769230769236,-1.65,28.67,23.45
20260611,001280.SZ,,70.03,16.444371389658574,3.2586,74.6,61.04
20260611,001282.SZ,,16.74,-25.94946519919392,-1.6451,18.72,15.32
20260611,001283.SZ,,46.94,95.54243842865867,-0.5087,51.9,42.46
20260611,001285.SZ,,42.99,-19.759157972146898,-3.1757,48.84,39.96
20260611,001286.SZ,,11.8,5.581835383159887,1.114,12.84,10.5
20260611,001287.SZ,,25.52,-43.90915347556779,-1.5812,28.52,23.34
20260611,001288.SZ,,24.28,10.786317192358952,1.251,26.38,21.58
20260611,001289.SZ,,17.8,-317.29055258467,-1.0561,19.79,16.19
20260611,001296.SZ,,18.59,60.83115183246073,-0.6944,20.59,16.85
20260611,001298.SZ,,19.75,-16.086991936140752,-2.2277,22.22,18.18
20260611,001299.SZ,,10.22,7.895550061804697,0.2944,11.21,9.17
20260611,001300.SZ,,15.71,9.213535862999239,0.7051,17.16,14.04
20260611,001301.SZ,,83.18,-20.024555237246926,-5.1539,96.47,78.93
20260611,001306.SZ,,60.01,-29.451315272870044,-3.0376,68.08,55.7
20260611,001308.SZ,,20.37,-27.654086342655447,-1.7366,22.8,18.66
20260611,001309.SZ,,632.35,371.8174869171518,0.7007,690.75,565.16
20260611,001311.SZ,,18.4,-30.448452755254007,-1.6043,20.57,16.83
20260611,001312.SZ,,19.05,297.6562500000003,-0.936,21.15,17.31
20260611,001313.SZ,,7.57,-10.998111288682262,-1.6883,8.47,6.93
20260611,001314.SZ,,51.3,-20.679646873866247,-3.4807,58.47,47.84
20260611,001316.SZ,,36.82,41.30117779024117,-0.1085,40.55,33.17
20260611,001317.SZ,,52.29,-5.81,-10.0,63.91,52.29
20260611,001318.SZ,,10.95,-41.73018292682927,-1.2624,12.2,9.98
20260611,001319.SZ,,23.38,25.56588299617277,-0.0855,25.74,21.06
20260611,001322.SZ,,6.36,1.7762386192258282,2.5806,6.82,5.58
20260611,001323.SZ,,18.4,-244.35590969455535,-1.0753,20.46,16.74
20260611,001324.SZ,,18.3,5.8644448005127385,2.1205,19.71,16.13
20260611,001325.SZ,,37.63,37.63,0.0,41.39,33.87
20260611,001326.SZ,,64.81,97.94468792504156,-0.3383,71.53,58.53
20260611,001328.SZ,,29.4,8.126485709547238,2.6178,31.52,25.79
20260611,001330.SZ,,6.43,-1.5986276167271642,-5.0222,7.45,6.09
20260611,001332.SZ,,46.09,-23.911802853437095,-2.9275,52.23,42.73
20260611,001333.SZ,,21.07,-14.057912997064317,-2.4988,23.77,19.45
20260611,001335.SZ,,47.0,68.92506232585424,-0.3181,51.87,42.44
20260611,001336.SZ,,24.5,-17.620828538550057,-2.3904,27.61,22.59
20260611,001337.SZ,,40.42,22.798804219076093,0.7729,44.12,36.1
20260611,001338.SZ,,9.86,-3.7679608682360133,-3.6168,11.25,9.21
20260611,001339.SZ,,96.7,-41.51996565049377,-3.329,110.03,90.03
20260611,001356.SZ,,9.55,2.192881745120551,3.355,10.16,8.32
20260611,001358.SZ,,24.01,-76.17385786802033,-1.3152,26.76,21.9
20260611,001359.SZ,,97.4,37.98603798603799,1.5641,105.49,86.31
20260611,001360.SZ,,17.04,-25.304425304425305,-1.6734,19.06,15.6
20260611,001365.SZ,,38.52,-13.775838638151779,-3.7962,44.04,36.04
20260611,001366.SZ,,12.83,-11.296002817397428,-2.1358,14.42,11.8
20260611,001367.SZ,,19.47,-6.1166787094342,-4.1831,22.35,18.29
20260611,001368.SZ,,22.93,247.89189189189182,-0.9075,25.45,20.83
20260611,001369.SZ,,14.76,-8.668585188230457,-2.7027,16.69,13.65
20260611,001373.SZ,,33.26,47.500714081690944,-0.2998,36.7,30.02
20260611,001376.SZ,,11.65,-12.446581196581198,-1.936,13.07,10.69
20260611,001378.SZ,,18.91,-6.603114742649627,-3.8638,21.64,17.7
20260611,001379.SZ,,16.95,70.95018836333193,-0.7611,18.79,15.37
20260611,001380.SZ,,16.17,-21.22604358099239,-1.7618,18.11,14.81
20260611,001382.SZ,,20.42,9.774544062036284,1.0891,22.22,18.18
20260611,001386.SZ,,15.44,11.107114596072226,0.3901,16.92,13.84
20260611,001387.SZ,,11.73,17.767343229324446,-0.3398,12.95,10.59
20260611,001388.SZ,,28.59,-12.714012540579002,-3.2487,32.51,26.6
20260611,001389.SZ,,176.72,-111.85518070763973,-2.5799,199.54,163.26
20260611,001390.SZ,,17.11,15.31781557743957,0.117,18.8,15.38
20260611,001391.SZ,,4.64,-2.405516097257504,-2.9289,5.26,4.3
20260611,001393.SZ,,55.62,-21.352067257860185,-3.6049,63.47,51.93
20260611,001395.SZ,,36.72,71.69074580242093,-0.4878,40.59,33.21
20260611,001396.SZ,,39.06,-14.225880467640312,-3.7457,44.64,36.52
20260611,001400.SZ,,109.18,32.10137896562877,2.4011,117.28,95.96
20260611,001696.SZ,,20.96,1.9009268832417334,10.0262,20.96,17.15
20260611,001872.SZ,,20.05,-8.61661437964674,-3.3269,22.81,18.67
20260611,001896.SZ,,21.21,17.840020186727227,0.1889,23.29,19.05
20260611,001965.SZ,,9.76,19.90617988986335,-0.5097,10.79,8.83
20260611,001979.SZ,,8.27,3.9377202171221786,1.1002,9.0,7.36
20260611,002001.SZ,,29.41,-17.173722627737227,-2.7125,33.25,27.21
20260611,002003.SZ,,8.93,11.50032195750161,-0.2235,9.85,8.06
20260611,002004.SZ,,4.55,4.55,0.0,5.01,4.1
20260611,002005.SZ,,2.78,-6.644359464627149,-1.4184,2.96,2.68
20260611,002006.SZ,,14.8,-9.070850698700662,-2.6316,16.72,13.68
20260611,002007.SZ,,13.19,-48.403669724770644,-1.2725,14.7,12.02
20260611,002008.SZ,,121.45,763.8364779874213,-0.841,134.73,110.23
20260611,002009.SZ,,20.09,-5.242966751918158,-4.8318,23.22,19.0
20260611,002010.SZ,,4.8,-20.460358056265992,-1.2346,5.35,4.37
20260611,002011.SZ,,10.63,156.32352941176484,-0.932,11.8,9.66
20260611,002012.SZ,,7.1,-28.208184346444174,-1.2517,7.91,6.47
20260611,002014.SZ,,10.56,5.678640567864058,0.8596,11.52,9.42
20260611,002015.SZ,,17.73,-5.797148835992677,-4.0584,20.33,16.63
20260611,002016.SZ,,4.56,-8.90798984176597,-1.5119,5.09,4.17
20260611,002017.SZ,,15.69,16.757449535405318,-0.0637,17.27,14.13
20260611,002019.SZ,,9.87,-9.111049570756023,-2.0833,11.09,9.07
20260611,002020.SZ,,12.3,9.883487344314988,0.2445,13.5,11.04
20260611,002021.SZ,,2.4,-1.6678248783877692,-2.439,2.71,2.21
20260611,002022.SZ,,5.05,12.335124572545189,-0.5906,5.59,4.57
20260611,002023.SZ,,11.12,6.8074686256504435,0.6335,12.16,9.95
20260611,002024.SZ,,1.21,6.711037160288408,-0.8197,1.28,1.16
20260611,002025.SZ,,66.06,9.646048712107937,5.8484,68.65,56.17
20260611,002026.SZ,,11.9,-13.279767883048768,-1.8961,13.34,10.92
20260611,002027.SZ,,5.34,73.75690607734805,-0.9276,5.93,4.85
20260611,002028.SZ,,172.0,-240.79518409631808,-1.7143,192.5,157.5
20260611,002029.SZ,,8.21,3.146920157920963,1.6089,8.89,7.27
20260611,002030.SZ,,5.29,-5.101253616200579,-2.037,5.94,4.86
20260611,002031.SZ,,5.75,-1.213669079933301,-5.7377,6.71,5.49
20260611,002032.SZ,,42.22,-60.34014577676147,-1.6997,47.25,38.66
20260611,002033.SZ,,8.3,-4.3139293139293144,-2.924,9.41,7.7
20260611,002034.SZ,,16.7,-12.470131421744325,-2.3392,18.81,15.39
20260611,002035.SZ,,4.91,4.077734407441243,0.2041,5.39,4.41
20260611,002036.SZ,,7.96,-2.0418633285450443,-4.8984,9.21,7.53
20260611,002037.SZ,,6.81,-42.27188081936684,-1.1611,7.58,6.2
20260611,002038.SZ,,5.31,-4.388792462186957,-2.2099,5.97,4.89
20260611,002039.SZ,,20.83,5.934811100347598,2.5098,22.35,18.29
20260611,002040.SZ,,8.24,7.347302719572002,0.1215,9.05,7.41
20260611,002041.SZ,,8.18,5.9790950953877635,0.3681,8.97,7.34
20260611,002042.SZ,,3.63,-1.3377556661138752,-3.7135,4.15,3.39
20260611,002043.SZ,,11.55,-4.326328800988875,-3.6697,13.19,10.79
20260611,002044.SZ,,4.86,-2.437311935807422,-2.994,5.51,4.51
20260611,002045.SZ,,8.37,-4.682517482517482,-2.7875,9.47,7.75
20260611,002046.SZ,,57.73,-39.808302303130596,-2.4502,65.1,53.26
20260611,002047.SZ,,4.16,87.39495798319332,-0.9524,4.62,3.78
20260611,002048.SZ,,27.65,-13.052303625377643,-3.1184,31.39,25.69
20260611,002049.SZ,,71.42,-61.33631054620405,-2.1644,80.3,65.7
20260611,002050.SZ,,45.69,26.44862518089725,0.7275,49.9,40.82
20260611,002051.SZ,,11.7,-6.712179450404451,-2.7431,13.23,10.83
20260611,002052.SZ,,8.83,-7.2686862034902875,-2.2148,9.93,8.13
20260611,002053.SZ,,10.41,72.8481455563331,-0.8571,11.55,9.45
20260611,002054.SZ,,7.38,6.498194945848375,0.1357,8.11,6.63
20260611,002055.SZ,,5.79,-2.8733065356557987,-3.0151,6.27,5.67
20260611,002056.SZ,,24.72,-12.46784687547284,-2.9827,28.03,22.93
20260611,002057.SZ,,11.36,3.05993265993266,2.7125,12.17,9.95
20260611,002058.SZ,,22.5,-227.50252780586453,-1.0989,23.89,21.61
20260611,002059.SZ,,4.53,-1.0230352303523036,-5.428,5.27,4.31
20260611,002060.SZ,,3.21,-3.8447718289615525,-1.8349,3.6,2.94
20260611,002061.SZ,,3.58,3.58,0.0,3.94,3.22
20260611,002062.SZ,,7.86,-5.305791818550021,-2.4814,8.87,7.25
20260611,002063.SZ,,5.2,-2.0594059405940595,-3.525,5.93,4.85
20260611,002064.SZ,,9.86,-2.777543029381109,-4.5499,11.36,9.3
20260611,002065.SZ,,6.89,-2.613412228796844,-3.6364,7.87,6.44
20260611,002066.SZ,,22.55,-123.089519650655,-1.1832,25.1,20.54
20260611,002067.SZ,,4.1,-1.195718743620403,-4.4289,4.72,3.86
20260611,002068.SZ,,9.98,-12.932486717636387,-1.7717,11.18,9.14
20260611,002069.SZ,,3.22,8.413901228116018,-0.6173,3.56,2.92
20260611,002072.SZ,,8.79,5.209506311859183,0.6873,9.6,7.86
20260611,002073.SZ,,5.35,-3.4513902328882002,-2.5501,6.04,4.94
20260611,002074.SZ,,28.35,-57.37704918032787,-1.4941,31.66,25.9
20260611,002075.SZ,,3.46,-8.150765606595993,-1.4245,3.86,3.16
20260611,002076.SZ,,2.5,0.8221520652459879,2.0408,2.57,2.33
20260611,002077.SZ,,16.3,12.464632560984935,0.3077,17.88,14.63
20260611,002078.SZ,,13.36,-11.880835927078703,-2.1245,15.02,12.29
20260611,002079.SZ,,11.9,71.38572285542894,-0.8333,13.2,10.8
20260611,002080.SZ,,63.88,23.487884693164688,1.7197,69.08,56.52
20260611,002081.SZ,,5.35,-0.598923057977991,-9.9327,6.53,5.35
20260611,002082.SZ,,11.96,-2.9870129870129873,-5.004,13.22,11.96
20260611,002083.SZ,,9.01,6.231412960785669,0.4459,9.87,8.07
20260611,002084.SZ,,3.28,0.6008866742388158,4.4586,3.45,2.83
20260611,002085.SZ,,12.35,-3.7001527998322197,-4.3377,14.2,11.62
20260611,002086.SZ,,1.76,-0.7663168894500806,-3.2967,2.0,1.64
20260611,002088.SZ,,8.14,9.278468026900718,-0.1227,8.97,7.34
20260611,002090.SZ,,9.22,-9.047198508487883,-2.0191,10.35,8.47
20260611,002091.SZ,,7.5,7.5,0.0,8.25,6.75
20260611,002092.SZ,,4.35,3.5354356306892067,0.2304,4.77,3.91
20260611,002093.SZ,,6.77,-2.961893511834449,-3.2857,7.7,6.3
20260611,002094.SZ,,4.85,-11.471144749290442,-1.4228,5.41,4.43
20260611,002095.SZ,,13.28,-8.101018727505643,-2.6393,15.0,12.28
20260611,002096.SZ,,8.96,-2.3690542291319643,-4.7821,10.35,8.47
20260611,002097.SZ,,8.07,-9.784190106692533,-1.8248,9.04,7.4
20260611,002098.SZ,,7.0,24.071526822558464,-0.7092,7.76,6.35
20260611,002099.SZ,,5.35,1.4510048547639065,2.6871,5.73,4.69
20260611,002100.SZ,,6.31,17.049446095649824,-0.6299,6.99,5.72
20260611,002101.SZ,,8.38,-6.8857847165160235,-2.217,9.43,7.71
20260611,002102.SZ,,2.25,0.800711743772242,1.81,2.32,2.1
20260611,002103.SZ,,6.37,-4.392497586539787,-2.4502,7.18,5.88
20260611,002104.SZ,,11.14,-14.586879664789839,-1.7637,12.47,10.21
20260611,002105.SZ,,5.43,-6.717802795991587,-1.8083,6.08,4.98
20260611,002106.SZ,,12.59,-3.408783234959658,-4.6934,14.53,11.89
20260611,002107.SZ,,5.91,7.111057634460354,-0.1689,6.51,5.33
20260611,002108.SZ,,4.63,-67.69005847953214,-1.0684,5.15,4.21
20260611,002109.SZ,,2.73,1.570771001150748,0.738,2.85,2.57
20260611,002110.SZ,,2.94,9.065679925994448,-0.6757,3.26,2.66
20260611,002111.SZ,,9.3,-5.74854741006305,-2.6178,10.51,8.6
20260611,002112.SZ,,16.42,76.55011655011656,-0.7855,18.21,14.9
20260611,002114.SZ,,7.15,2.6413003324713706,1.707,7.73,6.33
20260611,002115.SZ,,11.33,-9.112844848387356,-2.2433,12.75,10.43
20260611,002116.SZ,,8.81,88.01198801198805,-0.8999,9.78,8.0
20260611,002117.SZ,,8.9,-2.6960710066341522,-4.3011,10.23,8.37
20260611,002119.SZ,,31.2,2.832732588227817,10.0141,31.2,25.52
20260611,002120.SZ,,6.52,27.280334728033473,-0.761,7.23,5.91
20260611,002121.SZ,,5.93,-1.5542276039209517,-4.8154,6.85,5.61
20260611,002122.SZ,,2.66,4.25259792166267,-0.3745,2.8,2.54
20260611,002123.SZ,,7.39,-2.256764184938618,-4.2746,8.49,6.95
20260611,002124.SZ,,2.37,1.038517155251742,1.2821,2.57,2.11
20260611,002125.SZ,,18.32,-20.94432376814908,-1.8747,20.54,16.8
20260611,002126.SZ,,46.81,70.98877767667577,-0.3406,51.67,42.27
20260611,002127.SZ,,2.71,-3.3390832922621976,-1.8116,3.04,2.48
20260611,002128.SZ,,28.53,10.116662529697528,1.8201,30.82,25.22
20260611,002129.SZ,,10.13,10.13,0.0,11.14,9.12
20260611,002130.SZ,,18.66,-7.272302116216532,-3.5659,21.29,17.42
20260611,002131.SZ,,5.26,-5.017169019458222,-2.0484,5.91,4.83
20260611,002132.SZ,,5.34,-3.0827848978178034,-2.7322,6.04,4.94
20260611,002133.SZ,,2.73,2.73,0.0,3.0,2.46
20260611,002134.SZ,,28.43,14.513988156013886,0.9588,30.98,25.34
20260611,002135.SZ,,6.49,-6.734460931825257,-1.9637,7.28,5.96
20260611,002136.SZ,,12.12,4.0129792728958344,2.0202,13.07,10.69
20260611,002137.SZ,,9.91,-1.552512846221331,-7.3832,11.77,9.63
20260611,002138.SZ,,55.63,-15.539974300240239,-4.5798,64.13,52.47
20260611,002139.SZ,,9.51,-2.631578947368421,-4.6138,10.97,8.97
20260611,002140.SZ,,9.74,-30.71586250394198,-1.3171,10.86,8.88
20260611,002141.SZ,,3.4,-0.7463341821055404,-5.5556,3.96,3.24
20260611,002142.SZ,,32.85,22.52005210118599,0.4587,35.97,29.43
20260611,002144.SZ,,11.07,-21.6,-1.5125,12.36,10.12
20260611,002145.SZ,,4.17,-2.060989472643701,-3.0233,4.73,3.87
20260611,002146.SZ,,1.23,1.23,0.0,1.35,1.11
20260611,002148.SZ,,6.17,-4.039015449070437,-2.5276,6.96,5.7
20260611,002149.SZ,,61.89,6.410017399950285,8.6552,62.66,51.26
20260611,002150.SZ,,25.06,-50.75957058942677,-1.4937,27.98,22.9
20260611,002151.SZ,,33.0,35.1288056206089,-0.0606,36.32,29.72
20260611,002152.SZ,,9.56,-4.091239782599392,-3.3367,10.88,8.9
20260611,002153.SZ,,7.74,-2.4127934162536238,-4.2079,8.89,7.27
20260611,002154.SZ,,3.81,-12.902133423636984,-1.2953,4.25,3.47
20260611,002155.SZ,,23.33,6.034661148473874,2.866,24.95,20.41
20260611,002156.SZ,,60.09,-50.18792282635932,-2.1973,67.58,55.3
20260611,002157.SZ,,3.05,2.2951313116111067,0.3289,3.34,2.74
20260611,002158.SZ,,27.03,-18.150684931506852,-2.4892,30.49,24.95
20260611,002159.SZ,,13.49,-11.475967673330498,-2.1755,15.17,12.41
20260611,002161.SZ,,5.49,-2.3410515543047206,-3.3451,6.25,5.11
20260611,002162.SZ,,3.68,2.0198693671441905,0.8219,4.02,3.29
20260611,002163.SZ,,9.11,-9.716296928327644,-1.9376,10.22,8.36
20260611,002164.SZ,,13.7,-18.982956907302203,-1.7217,15.33,12.55
20260611,002165.SZ,,8.03,0.73,10.0,8.03,6.57
20260611,002166.SZ,,7.39,12.405573275138492,-0.4043,8.16,6.68
20260611,002167.SZ,,13.85,10.739764267990074,0.2896,15.19,12.43
20260611,002168.SZ,,3.74,1.0791159328293611,2.4658,3.83,3.47
20260611,002169.SZ,,14.97,-21.167986425339365,-1.7072,16.75,13.71
20260611,002170.SZ,,11.08,4.178924341857132,1.6514,11.99,9.81
20260611,002171.SZ,,12.88,5.32825880114177,1.4173,13.97,11.43
20260611,002172.SZ,,3.1,-5.278392644304445,-1.5873,3.47,2.84
20260611,002173.SZ,,16.97,-158.3022388059702,-1.1072,18.88,15.44
20260611,002174.SZ,,9.93,-1.1066779600570613,-9.9728,12.13,9.93
20260611,002175.SZ,,2.21,-0.5325044576165004,-5.1502,2.45,2.21
20260611,002176.SZ,,11.12,12.21709514392441,-0.0898,12.24,10.02
20260611,002177.SZ,,5.98,8.96955152242388,-0.3333,6.6,5.4
20260611,002178.SZ,,5.27,-1.860809999646905,-3.8321,6.03,4.93
20260611,002179.SZ,,36.5,-47.03002190439376,-1.7761,40.88,33.44
20260611,002180.SZ,,14.42,24.62431693989071,-0.4144,15.93,13.03
20260611,002181.SZ,,14.48,-1.6077813062112767,-10.0062,17.7,14.48
20260611,002182.SZ,,12.75,15.117382025136353,-0.1566,14.05,11.49
20260611,002183.SZ,,5.44,-1.3966265307694283,-4.8951,6.29,5.15
20260611,002184.SZ,,10.68,-3.235285207960983,-4.3011,12.28,10.04
20260611,002185.SZ,,16.75,-15.172101449275361,-2.104,18.82,15.4
20260611,002186.SZ,,8.93,-13.696319018404909,-1.652,9.99,8.17
20260611,002187.SZ,,5.15,-15.102639296187686,-1.341,5.74,4.7
20260611,002188.SZ,,5.53,-7.124452460706004,-1.7762,6.19,5.07
20260611,002189.SZ,,20.3,7.80289052890529,1.6016,21.98,17.98
20260611,002190.SZ,,24.61,-14.912440162394715,-2.6503,27.81,22.75
20260611,002191.SZ,,3.88,-3.062352012628256,-2.267,4.37,3.57
20260611,002192.SZ,,83.55,12.842584195397881,5.5057,87.11,71.27
20260611,002193.SZ,,4.36,-4.264058679706602,-2.0225,4.67,4.23
20260611,002194.SZ,,11.3,-1.2511348789831485,-10.0318,13.82,11.3
20260611,002195.SZ,,6.78,-2.6523746185744463,-3.5562,7.73,6.33
20260611,002196.SZ,,12.33,-3.9502771281196942,-4.1213,14.15,11.57
20260611,002197.SZ,,6.04,-2.739104802503288,-3.2051,6.86,5.62
20260611,002198.SZ,,3.53,-2.0116252564394803,-2.7548,3.81,3.45
20260611,002199.SZ,,13.83,21.616130040637703,-0.3602,14.57,13.19
20260611,002200.SZ,,6.19,-5.856196783349102,-2.057,6.95,5.69
20260611,002201.SZ,,11.25,3.2523850823937552,2.459,12.08,9.88
20260611,002202.SZ,,21.13,48.541235929244195,-0.5647,23.38,19.13
20260611,002203.SZ,,21.31,1.9345467749988652,10.0155,21.31,17.43
20260611,002204.SZ,,5.57,-7.293439832394919,-1.7637,6.24,5.1
20260611,002205.SZ,,11.72,-19.687552494540572,-1.5953,13.1,10.72
20260611,002206.SZ,,5.16,-5.7263344800799025,-1.9011,5.79,4.73
20260611,002207.SZ,,7.65,-18.323353293413174,-1.4175,8.15,7.37
20260611,002208.SZ,,15.6,-2.685025817555938,-6.81,18.41,15.07
20260611,002209.SZ,,11.25,-9.583439815997954,-2.1739,12.65,10.35
20260611,002210.SZ,,2.44,-0.6012221565148828,-5.0584,2.83,2.31
20260611,002211.SZ,,3.79,1.3151958913141548,1.8817,3.91,3.53
20260611,002212.SZ,,6.03,-1.9243657252273818,-4.1335,6.92,5.66
20260611,002213.SZ,,38.77,4.368844515561967,7.8742,39.53,32.35
20260611,002214.SZ,,14.28,2.38,5.0,14.28,12.92
20260611,002215.SZ,,8.71,96.88542825361516,-0.9101,9.67,7.91
20260611,002216.SZ,,12.44,5.602341814906553,1.2205,13.52,11.06
20260611,002217.SZ,,2.3,-0.974039723880913,-3.3613,2.62,2.14
20260611,002218.SZ,,4.24,-6.793783047588526,-1.6241,4.74,3.88
20260611,002219.SZ,,1.98,-1.019987636513497,-2.9412,2.24,1.84
20260611,002221.SZ,,5.93,-6.029486527707168,-1.9835,6.66,5.45
20260611,002222.SZ,,90.72,22.367966862271317,3.0558,96.83,79.23
20260611,002223.SZ,,25.32,51.75797219950941,-0.5108,28.0,22.91
20260611,002224.SZ,,3.52,-3.7056532266554374,-1.9499,3.95,3.23
20260611,002225.SZ,,4.05,-5.793991416309012,-1.699,4.53,3.71
20260611,002226.SZ,,4.78,-1.2039695733212432,-4.9702,5.53,4.53
20260611,002227.SZ,,7.12,-3.3438219133048417,-3.1293,7.72,6.98
20260611,002228.SZ,,3.15,-12.406459235919652,-1.2539,3.51,2.87
20260611,002229.SZ,,13.59,-1.8156797776827704,-8.4848,16.34,13.37
20260611,002230.SZ,,40.79,-16.015548313636184,-3.5469,46.52,38.06
20260611,002232.SZ,,14.73,-4.093485993775012,-4.5984,16.98,13.9
20260611,002233.SZ,,7.49,-4.336247322410698,-2.7273,8.47,6.93
20260611,002234.SZ,,7.05,2.890765950467443,1.4388,7.65,6.26
20260611,002235.SZ,,9.37,-3.900753507347737,-3.4021,10.67,8.73
20260611,002236.SZ,,15.84,-10.826327660446998,-2.4631,17.86,14.62
20260611,002237.SZ,,12.29,7.425084581923634,0.6552,13.43,10.99
20260611,002238.SZ,,5.95,-2.6420959147424514,-3.252,6.77,5.54
20260611,002239.SZ,,2.43,-2.3914968999114268,-2.0161,2.73,2.23
20260611,002240.SZ,,50.98,6.472582303873646,6.8763,52.47,42.93
20260611,002241.SZ,,22.72,27.562780541065145,-0.1757,25.04,20.48
20260611,002242.SZ,,8.44,4.312943941949,0.9569,9.2,7.52
20260611,002243.SZ,,7.01,-2.5878617838157116,-3.7088,8.01,6.55
20260611,002244.SZ,,9.33,3.266921110683147,1.8559,10.08,8.24
20260611,002245.SZ,,19.85,-4.572679106196729,-5.341,23.07,18.87
20260611,002246.SZ,,20.5,6.419490198534477,2.1934,22.07,18.05
20260611,002247.SZ,,2.35,4.077737289606108,-0.4237,2.6,2.12
20260611,002248.SZ,,9.42,-5.273175100761308,-2.7864,10.66,8.72
20260611,002249.SZ,,7.85,-7.010806466017684,-2.1197,8.82,7.22
20260611,002250.SZ,,14.03,6.301086858887991,1.2266,15.25,12.47
20260611,002251.SZ,,3.9,-0.7123547892160443,-6.4748,4.59,3.75
20260611,002252.SZ,,4.89,-3.504873853211009,-2.3952,5.51,4.51
20260611,002253.SZ,,11.1,3.915482027584747,1.8349,11.45,10.36
20260611,002254.SZ,,18.92,1.7200000000000002,10.0,18.92,15.48
20260611,002255.SZ,,8.93,7.292772560228665,0.2245,9.8,8.02
20260611,002256.SZ,,4.2,-1.4531866306829977,-3.8902,4.81,3.93
20260611,002258.SZ,,12.94,-19.264552627661157,-1.6717,14.48,11.84
20260611,002259.SZ,,4.55,1.2268119068162209,2.7088,4.87,3.99
20260611,002261.SZ,,28.92,-5.318131666053697,-6.438,34.0,27.82
20260611,002262.SZ,,18.97,-23.37358304583538,-1.8116,21.25,17.39
20260611,002263.SZ,,3.84,-1.28,-4.0,4.4,3.6
20260611,002264.SZ,,6.22,-5.177724132190128,-2.2013,7.0,5.72
20260611,002265.SZ,,19.88,-6.820131050807918,-3.9149,22.76,18.62
20260611,002266.SZ,,4.67,2.029111449054964,1.3015,5.07,4.15
20260611,002267.SZ,,7.11,-28.44,-1.25,7.92,6.48
20260611,002268.SZ,,12.8,-6.541291905151268,-2.9568,14.51,11.87
20260611,002269.SZ,,1.46,4.566781357522678,-0.6803,1.62,1.32
20260611,002270.SZ,,18.3,-6.569736133548735,-3.7855,20.92,17.12
20260611,002271.SZ,,12.13,7.675272083016958,0.5804,13.27,10.85
20260611,002272.SZ,,20.81,10.305041101317222,1.0194,22.66,18.54
20260611,002273.SZ,,33.18,-19.875404336887506,-2.6694,37.5,30.68
20260611,002274.SZ,,5.21,2.4064665127020786,1.165,5.67,4.64
20260611,002275.SZ,,12.7,-10.97476667818873,-2.1572,14.28,11.68
20260611,002276.SZ,,10.65,-6.451417494548099,-2.6508,12.03,9.85
20260611,002277.SZ,,6.45,-4.540335069688864,-2.4206,7.27,5.95
20260611,002278.SZ,,8.46,-5.948948737782154,-2.4221,9.54,7.8
20260611,002279.SZ,,6.78,-1.2664375373580394,-6.3536,7.96,6.52
20260611,002281.SZ,,205.4,86.2300587741394,1.382,222.86,182.34
20260611,002282.SZ,,6.06,-42.706131078224125,-1.1419,6.74,5.52
20260611,002283.SZ,,9.13,-3.1540401423290847,-3.8947,10.45,8.55
20260611,002284.SZ,,10.4,-13.096587331570332,-1.7941,11.65,9.53
20260611,002285.SZ,,2.36,-1.0356782375916092,-3.2787,2.68,2.2
20260611,002286.SZ,,9.07,2.229487242515117,3.0682,9.68,7.92
20260611,002287.SZ,,20.11,178.12223206377325,-0.8871,22.32,18.26
20260611,002289.SZ,,39.88,6.997227778362635,4.6994,39.99,36.19
20260611,002290.SZ,,78.3,-31.619755280054918,-3.4763,89.23,73.01
20260611,002291.SZ,,5.18,-1.6850460297322796,-4.0741,5.94,4.86
20260611,002292.SZ,,6.74,-1.1411930038434839,-6.9061,7.96,6.52
20260611,002293.SZ,,10.12,2.208449720670391,3.5824,10.75,8.79
20260611,002294.SZ,,31.14,56.372194062273714,-0.4476,34.41,28.15
20260611,002295.SZ,,9.5,10.616897630755476,-0.1052,10.46,8.56
20260611,002296.SZ,,9.4,-10.695187165775401,-1.8789,10.54,8.62
20260611,002297.SZ,,21.39,5.799262552868452,2.6884,22.91,18.75
20260611,002298.SZ,,7.89,-4.606761254160098,-2.7127,8.92,7.3
20260611,002299.SZ,,16.08,12.257031785959294,0.3119,17.63,14.43
20260611,002300.SZ,,7.49,15.976962457337885,-0.5312,8.28,6.78
20260611,002301.SZ,,7.4,22.499239890544242,-0.6711,8.2,6.71
20260611,002302.SZ,,4.8,-155.33980582524308,-1.0309,5.34,4.37
20260611,002303.SZ,,3.08,8.680947012401353,-0.6452,3.41,2.79
20260611,002304.SZ,,43.36,33.941291585127196,0.2775,47.56,38.92
20260611,002305.SZ,,2.13,2.13,0.0,2.24,2.02
20260611,002307.SZ,,3.56,-1.2788275019757167,-3.7838,4.07,3.33
20260611,002309.SZ,,3.16,-3.659949038684272,-1.8634,3.54,2.9
20260611,002310.SZ,,2.44,-11.369990680335514,-1.2146,2.72,2.22
20260611,002311.SZ,,44.9,15.326324412889132,1.9296,48.46,39.65
20260611,002312.SZ,,8.88,1.0768335273573924,7.2464,9.11,7.45
20260611,002313.SZ,,8.21,-5.494946790710127,-2.4941,9.26,7.58
20260611,002314.SZ,,2.3,-0.8316158657844307,-3.7657,2.63,2.15
20260611,002315.SZ,,24.1,-10.703024381578363,-3.2517,27.4,22.42
20260611,002316.SZ,,4.55,-8.831521739130432,-1.5152,5.08,4.16
20260611,002317.SZ,,22.76,5.163925127623369,3.4075,24.21,19.81
20260611,002318.SZ,,22.03,68.05684275563794,-0.6763,24.4,19.96
20260611,002319.SZ,,11.01,-3.2924641148325353,-4.344,12.66,10.36
20260611,002320.SZ,,6.77,-11.305945223780894,-1.5988,7.57,6.19
20260611,002321.SZ,,1.82,1.172302737520129,0.5525,1.99,1.63
20260611,002322.SZ,,10.47,31.16999106877047,-0.6641,11.59,9.49
20260611,002323.SZ,,1.47,-0.35325499243025016,-5.1613,1.63,1.47
20260611,002324.SZ,,11.7,-9.966777408637872,-2.1739,13.16,10.76
20260611,002326.SZ,,22.2,9.367483860078485,1.3699,24.09,19.71
20260611,002327.SZ,,6.95,2.6646729545280268,1.6082,7.52,6.16
20260611,002328.SZ,,7.73,-3.097451514665812,-3.4956,8.81,7.21
20260611,002329.SZ,,3.1,-11.317999269806498,-1.2739,3.45,2.83
20260611,002330.SZ,,3.85,7.96771523178808,-0.5168,4.26,3.48
20260611,002331.SZ,,8.36,15.960290187094309,-0.4762,9.24,7.56
20260611,002332.SZ,,8.5,28.418589100635234,-0.7009,9.42,7.7
20260611,002333.SZ,,4.82,-4.668280871670701,-2.0325,5.41,4.43
20260611,002334.SZ,,8.26,-2.6949429037520387,-4.065,9.47,7.75
20260611,002335.SZ,,35.37,-10.628643548290162,-4.3278,40.67,33.27
20260611,002337.SZ,,4.94,-6.258710249588244,-1.7893,5.53,4.53
20260611,002338.SZ,,51.88,14.61449618299107,2.5499,55.65,45.53
20260611,002339.SZ,,7.55,-17.316513761467892,-1.436,8.43,6.89
20260611,002340.SZ,,7.13,2.777561355668095,1.567,7.72,6.32
20260611,002342.SZ,,9.98,-5.772122614227877,-2.729,11.29,9.23
20260611,002343.SZ,,4.82,-1.6152273717368721,-3.9841,5.52,4.52
20260611,002344.SZ,,3.74,-3.4180222993968203,-2.0942,4.2,3.44
20260611,002345.SZ,,8.87,2.5032454704521077,2.5434,9.52,7.79
20260611,002346.SZ,,15.94,-4.417960088691796,-4.608,18.38,15.04
20260611,002347.SZ,,6.41,-4.982123426084254,-2.2866,7.22,5.9
20260611,002348.SZ,,11.9,-14.597644749754663,-1.8152,13.33,10.91
20260611,002349.SZ,,6.33,-3.0686445607911574,-3.0628,7.18,5.88
20260611,002350.SZ,,14.43,-28.762208491130156,-1.5017,16.12,13.19
20260611,002351.SZ,,9.83,-10.96853380941754,-1.8962,11.02,9.02
20260611,002352.SZ,,34.33,-78.82893226176807,-1.4355,38.31,31.35
20260611,002353.SZ,,145.01,126.64628820960698,0.145,159.28,130.32
20260611,002354.SZ,,7.98,-0.8833491996723417,-10.0338,9.76,7.98
20260611,002355.SZ,,4.73,-2.824049196966983,-2.6749,5.35,4.37
20260611,002356.SZ,,3.11,1.350471145077945,1.3029,3.38,2.76
20260611,002357.SZ,,9.33,-6.187823318742539,-2.5078,10.53,8.61
20260611,002358.SZ,,5.77,-6.626851958194555,-1.8707,6.47,5.29
20260611,002360.SZ,,5.39,-2.415307402760351,-3.2316,5.85,5.29
20260611,002361.SZ,,17.47,-2.31882134324396,-8.534,21.01,17.19
20260611,002362.SZ,,18.81,-4.939990020222181,-4.8077,21.74,17.78
20260611,002363.SZ,,6.6,-13.401015228426397,-1.4925,7.37,6.03
20260611,002364.SZ,,48.97,-15.098819103999015,-4.2433,56.25,46.03
20260611,002365.SZ,,10.89,24.087591240875916,-0.5479,12.05,9.86
20260611,002366.SZ,,5.96,-9.166410335281453,-1.6502,6.67,5.45
20260611,002367.SZ,,5.25,-4.9895457137426344,-2.0522,5.9,4.82
20260611,002368.SZ,,15.99,7.707509881422924,1.0746,17.4,14.24
20260611,002369.SZ,,5.86,-3.221196130167107,-2.8192,6.63,5.43
20260611,002370.SZ,,5.19,-2.868988391376451,-2.809,5.87,4.81
20260611,002371.SZ,,637.5,161.1720685644941,2.9554,681.12,557.28
20260611,002372.SZ,,9.16,-4.218865143699337,-3.1712,10.41,8.51
20260611,002373.SZ,,7.22,-2.9161113130578777,-3.4759,8.23,6.73
20260611,002374.SZ,,3.2,-0.8506339881442889,-4.7619,3.7,3.02
20260611,002375.SZ,,3.82,-2.123401889938855,-2.799,4.32,3.54
20260611,002376.SZ,,6.04,-4.243659102086701,-2.4233,6.81,5.57
20260611,002377.SZ,,2.84,1.6615960683360635,0.7092,3.1,2.54
20260611,002378.SZ,,33.63,3.0545513996621194,10.0098,33.63,27.51
20260611,002379.SZ,,16.99,136.02882305844673,-0.8751,18.85,15.43
20260611,002380.SZ,,36.11,-14.006438850316124,-3.5781,41.2,33.71
20260611,002381.SZ,,5.53,-9.195211173927504,-1.6014,6.18,5.06
20260611,002382.SZ,,5.72,-10.417046075396104,-1.5491,6.39,5.23
20260611,002383.SZ,,7.2,-14.263074484944536,-1.5048,8.04,6.58
20260611,002384.SZ,,210.99,531.4609571788413,-0.603,233.5,191.04
20260611,002385.SZ,,3.13,-2.6357894736842105,-2.1875,3.52,2.88
20260611,002386.SZ,,5.69,3.0161675059634248,0.8865,6.2,5.08
20260611,002387.SZ,,8.21,-3.1116164487398144,-3.6385,9.37,7.67
20260611,002388.SZ,,5.07,-1.7028851644107077,-3.9773,5.81,4.75
20260611,002389.SZ,,18.17,23.285915673458927,-0.2197,20.03,16.39
20260611,002390.SZ,,2.89,-7.913472070098577,-1.3652,3.22,2.64
20260611,002391.SZ,,5.36,20.671037408407255,-0.7407,5.94,4.86
20260611,002392.SZ,,7.41,115.42056074766349,-0.9358,8.23,6.73
20260611,002393.SZ,,14.0,63.52087114337567,-0.7796,15.52,12.7
20260611,002394.SZ,,9.3,-33.9539978094195,-1.2739,10.36,8.48
20260611,002395.SZ,,13.48,-2.2823860076869678,-6.9061,15.93,13.03
20260611,002396.SZ,,17.87,-4.586520199168421,-4.8962,20.67,16.91
20260611,002397.SZ,,4.23,-10.612142498745609,-1.3986,4.72,3.86
20260611,002398.SZ,,4.12,-9.462563160312357,-1.4354,4.6,3.76
20260611,002399.SZ,,9.32,-10.416899519391976,-1.8947,10.45,8.55
20260611,002400.SZ,,6.86,-1.7209804069140262,-4.9861,7.94,6.5
20260611,002401.SZ,,12.42,-10.309620652444593,-2.2047,13.97,11.43
20260611,002402.SZ,,23.86,527.87610619469,-0.9548,26.5,21.68
20260611,002403.SZ,,10.12,-134.39575033200543,-1.0753,11.25,9.21
20260611,002404.SZ,,6.38,1.785964224729166,2.5723,6.84,5.6
20260611,002405.SZ,,7.4,-1.3584212941716385,-6.4475,8.7,7.12
20260611,002406.SZ,,7.21,-2.3091951446049386,-4.1223,8.27,6.77
20260611,002407.SZ,,38.19,3.4736497425915482,9.9942,38.19,31.25
20260611,002408.SZ,,4.87,-298.77300613496965,-1.0163,5.41,4.43
20260611,002409.SZ,,134.81,12.250888305268038,10.0041,134.81,110.3
20260611,002410.SZ,,8.85,-3.410667488823801,-3.5948,10.1,8.26
20260611,002412.SZ,,6.13,-13.716715148802862,-1.4469,6.84,5.6
20260611,002413.SZ,,10.07,7.199027738061195,0.3988,11.03,9.03
20260611,002414.SZ,,12.65,3.0876250915303887,3.097,13.5,11.04
20260611,002415.SZ,,29.98,-94.66371960846227,-1.3167,33.42,27.34
20260611,002416.SZ,,10.27,4.5002410060908815,1.2821,11.15,9.13
20260611,002418.SZ,,4.16,-3.722261989978526,-2.1176,4.68,3.83
20260611,002419.SZ,,4.54,-8.757716049382717,-1.5184,5.07,4.15
20260611,002420.SZ,,5.54,-4.945986965449514,-2.1201,6.23,5.09
20260611,002421.SZ,,4.89,-0.5466863429031392,-9.9448,5.97,4.89
20260611,002422.SZ,,38.08,10.148442288729578,2.7523,40.77,33.35
20260611,002423.SZ,,8.61,-12.087603537835182,-1.7123,9.64,7.88
20260611,002424.SZ,,4.35,-1.5754590561732642,-3.7611,4.75,4.29
20260611,002425.SZ,,2.83,-1.1728139245752176,-3.413,3.22,2.64
20260611,002426.SZ,,3.41,-1.2760543352168545,-3.6723,3.89,3.19
20260611,002427.SZ,,4.39,-3.0393242869011354,-2.4444,4.95,4.05
20260611,002428.SZ,,88.24,8.023641736758353,9.9975,88.24,72.2
20260611,002429.SZ,,10.66,-35.97705028687141,-1.2963,11.88,9.72
20260611,002430.SZ,,27.72,7.116268323364054,2.8953,29.63,24.25
20260611,002431.SZ,,1.51,4.413914060216311,-0.6579,1.6,1.44
20260611,002432.SZ,,61.74,-15.488823662226235,-4.9861,71.48,58.48
20260611,002434.SZ,,6.87,-1.4831926423282022,-5.6319,8.01,6.55
20260611,002436.SZ,,36.75,-87.14726108608016,-1.4217,41.01,33.55
20260611,002437.SZ,,2.66,-3.1479289940828403,-1.845,2.98,2.44
20260611,002438.SZ,,14.9,27.986476333583774,-0.4676,16.47,13.47
20260611,002439.SZ,,12.89,-6.413573489899493,-3.0098,14.62,11.96
20260611,002440.SZ,,8.63,-14.470154258886653,-1.5964,9.65,7.89
20260611,002441.SZ,,8.2,-10.29633350075339,-1.7964,9.19,7.52
20260611,002442.SZ,,5.16,12.227488151658767,-0.578,5.71,4.67
20260611,002443.SZ,,11.25,11.25,0.0,12.38,10.13
20260611,002444.SZ,,30.4,-101.77435554067627,-1.2987,33.88,27.72
20260611,002445.SZ,,3.23,2.4645200671448193,0.3106,3.54,2.9
20260611,002446.SZ,,10.78,20.0260078023407,-0.4617,11.91,9.75
20260611,002448.SZ,,11.94,-13.417237891897967,-1.8899,13.39,10.95
20260611,002449.SZ,,7.34,-1.8144513385904628,-5.0453,8.5,6.96
20260611,002451.SZ,,7.63,-18.114909781576447,-1.4212,8.51,6.97
20260611,002452.SZ,,10.74,-54.79591836734696,-1.196,11.96,9.78
20260611,002453.SZ,,5.33,-8.069644208932626,-1.6605,5.96,4.88
20260611,002454.SZ,,5.25,-10.481133958874029,-1.5009,5.86,4.8
20260611,002455.SZ,,8.06,57.985611510791365,-0.861,8.94,7.32
20260611,002456.SZ,,8.67,-3.8764195654117857,-3.2366,9.86,8.06
20260611,002457.SZ,,11.77,-2.996969928449571,-4.9273,13.62,11.14
20260611,002458.SZ,,8.0,21.11375032990235,-0.6211,8.86,7.25
20260611,002459.SZ,,8.9,-5.13797482969634,-2.7322,10.07,8.24
20260611,002460.SZ,,69.94,15.676342037431356,3.4615,74.36,60.84
20260611,002461.SZ,,9.12,-2.680382072005878,-4.4025,10.49,8.59
20260611,002462.SZ,,13.29,3.4396190278999947,2.8638,14.21,11.63
20260611,002463.SZ,,126.91,-69.5244877834995,-2.8254,143.66,117.54
20260611,002465.SZ,,13.6,-5.98670599110798,-3.2717,15.47,12.65
20260611,002466.SZ,,61.0,17.156518070594853,2.5555,65.43,53.53
20260611,002467.SZ,,5.07,-1.026960238206162,-5.9369,5.93,4.85
20260611,002468.SZ,,13.91,48.602375960866524,-0.7138,15.41,12.61
20260611,002469.SZ,,6.93,0.63,10.0,6.93,5.67
20260611,002470.SZ,,2.2,0.9233997901364113,1.3825,2.39,1.95
20260611,002471.SZ,,7.02,9.805838804302276,-0.2841,7.74,6.34
20260611,002472.SZ,,41.08,-14.822833225084795,-3.7714,46.96,38.42
20260611,002474.SZ,,6.95,-2.125382262996942,-4.27,7.99,6.53
20260611,002475.SZ,,64.58,-153.90848427073405,-1.4196,72.06,58.96
20260611,002476.SZ,,5.04,5.04,0.0,5.54,4.54
20260611,002478.SZ,,6.91,1.8054031457386217,2.8274,7.39,6.05
20260611,002479.SZ,,4.72,-3.695005479881008,-2.2774,5.31,4.35
20260611,002480.SZ,,5.56,-7.250912884715702,-1.7668,6.23,5.09
20260611,002481.SZ,,3.99,3.99,0.0,4.39,3.59
20260611,002482.SZ,,1.41,0.8224931458904507,0.7143,1.54,1.26
20260611,002483.SZ,,5.33,-17.988525143435705,-1.2963,5.94,4.86
20260611,002484.SZ,,82.8,-18.484205826543143,-5.4795,96.36,78.84
20260611,002485.SZ,,4.6,-9.220284626177591,-1.4989,4.9,4.44
20260611,002486.SZ,,2.32,4.06447091800981,-0.4292,2.56,2.1
20260611,002487.SZ,,58.48,-61.88359788359788,-1.945,65.6,53.68
20260611,002488.SZ,,9.63,19.917269906928645,-0.5165,10.65,8.71
20260611,002489.SZ,,3.34,-2.0567768951290106,-2.6239,3.77,3.09
20260611,002490.SZ,,8.56,0.7763679403575283,10.0257,8.56,7.0
20260611,002491.SZ,,24.06,453.10734463276805,-0.9469,26.72,21.86
20260611,002492.SZ,,5.77,8.8145432325084,-0.3454,6.37,5.21
20260611,002493.SZ,,10.75,-4.154749942026744,-3.5874,12.27,10.04
20260611,002494.SZ,,5.0,505.05050505050406,-0.9901,5.56,4.55
20260611,002495.SZ,,2.3,-3.242176487172258,-1.7094,2.57,2.11
20260611,002496.SZ,,2.23,0.9434760534777459,1.3636,2.31,2.09
20260611,002497.SZ,,22.55,6.039908932636936,2.7335,24.15,19.76
20260611,002498.SZ,,7.25,40.45758928571428,-0.8208,8.04,6.58
20260611,002500.SZ,,4.94,-12.437059415911381,-1.3972,5.51,4.51
20260611,002501.SZ,,1.51,0.9059818803623927,0.6667,1.58,1.43
20260611,002506.SZ,,3.17,-1.5402555755308294,-3.0581,3.6,2.94
20260611,002507.SZ,,11.69,12.782941498086386,-0.0855,12.87,10.53
20260611,002508.SZ,,16.41,28.52920723226704,-0.4248,18.13,14.83
20260611,002510.SZ,,6.19,-1.4224326125422249,-5.3517,7.19,5.89
20260611,002511.SZ,,6.76,-9.083579682880947,-1.7442,7.57,6.19
20260611,002512.SZ,,4.05,-1.1634253540547528,-4.4811,4.45,4.03
20260611,002513.SZ,,5.5,-2.5357307514983862,-3.169,6.25,5.11
20260611,002514.SZ,,3.31,-0.851972922189905,-4.8851,3.65,3.31
20260611,002515.SZ,,7.53,3.0332326283987916,1.4825,8.16,6.68
20260611,002516.SZ,,5.92,3.1968895129063615,0.8518,6.46,5.28
20260611,002517.SZ,,14.18,-10.569469290399521,-2.3416,15.97,13.07
20260611,002518.SZ,,45.56,-54.79254359591101,-1.8315,51.05,41.77
20260611,002519.SZ,,6.23,-56.07560756075609,-1.1111,6.93,5.67
20260611,002520.SZ,,6.45,-6.610638515937276,-1.9757,7.24,5.92
20260611,002521.SZ,,6.91,-4.931839269145671,-2.4011,7.79,6.37
20260611,002522.SZ,,6.96,-1.973516318371282,-4.5267,8.02,6.56
20260611,002523.SZ,,3.27,-4.078323771514093,-1.8018,3.66,3.0
20260611,002524.SZ,,3.59,8.04932735426009,-0.554,3.97,3.25
20260611,002526.SZ,,2.88,-2.7671022290545735,-2.0408,3.23,2.65
20260611,002527.SZ,,13.93,-1.9095532495304939,-8.2949,16.71,13.67
20260611,002528.SZ,,4.78,-135.79545454545496,-1.0352,5.07,4.59
20260611,002529.SZ,,7.39,16.00953206239168,-0.5384,7.8,7.06
20260611,002530.SZ,,7.63,-1.515542754990565,-6.0345,8.93,7.31
20260611,002531.SZ,,9.7,1.4810290861897855,5.5495,10.11,8.27
20260611,002532.SZ,,13.41,11.666956673046807,0.1494,14.73,12.05
20260611,002533.SZ,,10.84,-19.922808307296453,-1.5441,12.11,9.91
20260611,002534.SZ,,19.25,2.8683822324209145,5.7111,20.03,16.39
20260611,002535.SZ,,2.45,1.7378351539225425,0.4098,2.68,2.2
20260611,002536.SZ,,40.46,-50.82276095967843,-1.7961,45.32,37.08
20260611,002537.SZ,,5.77,-4.79474821339538,-2.2034,6.49,5.31
20260611,002538.SZ,,6.03,4.0200000000000005,0.5,6.3,5.7
20260611,002539.SZ,,11.89,2.884312155835335,3.1223,12.68,10.38
20260611,002540.SZ,,5.06,8.345703447138378,-0.3937,5.59,4.57
20260611,002541.SZ,,16.86,-10.181774261730782,-2.6559,19.05,15.59
20260611,002542.SZ,,1.46,-0.495351835516048,-3.9474,1.6,1.44
20260611,002543.SZ,,7.03,-10.364145658263308,-1.6783,7.87,6.44
20260611,002544.SZ,,19.48,18.52767738253757,0.0514,21.42,17.52
20260611,002545.SZ,,19.41,57.99223184941739,-0.6653,21.49,17.59
20260611,002546.SZ,,6.53,-6.859243697478992,-1.952,7.33,5.99
20260611,002547.SZ,,3.3,-1.3153698979591837,-3.5088,3.59,3.25
20260611,002548.SZ,,3.98,795.9999999999993,-0.995,4.42,3.62
20260611,002549.SZ,,18.15,1.65,10.0,18.15,14.85
20260611,002550.SZ,,5.84,-16.619237336368812,-1.3514,6.51,5.33
20260611,002551.SZ,,2.92,4.432974039775314,-0.3413,3.22,2.64
20260611,002552.SZ,,53.37,-5.93,-10.0,65.23,53.37
20260611,002553.SZ,,18.18,-2.56453660600931,-8.089,21.76,17.8
20260611,002554.SZ,,3.12,8.592674194436794,-0.6369,3.45,2.83
20260611,002555.SZ,,17.61,-8.45821325648415,-3.082,19.99,16.35
20260611,002556.SZ,,5.11,1.338782781838665,2.8169,5.47,4.47
20260611,002557.SZ,,21.45,70.18979057591623,-0.6944,23.76,19.44
20260611,002558.SZ,,23.65,-18.582541054451166,-2.2727,26.62,21.78
20260611,002559.SZ,,9.98,3.168857560170191,2.1494,10.75,8.79
20260611,002560.SZ,,8.07,21.004685059864656,-0.6158,8.93,7.31
20260611,002561.SZ,,6.89,50.40234089246523,-0.8633,7.65,6.26
20260611,002562.SZ,,4.73,-7.132086851628468,-1.6632,5.29,4.33
20260611,002563.SZ,,5.55,4.075787618418154,0.3617,6.08,4.98
20260611,002564.SZ,,4.78,6.041456016177958,-0.2088,5.27,4.31
20260611,002565.SZ,,13.67,-2.5456712415501217,-6.3699,16.06,13.14
20260611,002566.SZ,,6.7,12.08949837603753,-0.4458,7.4,6.06
20260611,002567.SZ,,3.37,3.37,0.0,3.71,3.03
20260611,002568.SZ,,19.79,11.556204379562043,0.7125,21.62,17.69
20260611,002569.SZ,,15.79,28.267096312209095,-0.4414,16.65,15.07
20260611,002570.SZ,,4.76,-0.7049867444719264,-7.7519,5.68,4.64
20260611,002571.SZ,,11.89,-10.430739538556015,-2.1399,13.37,10.94
20260611,002572.SZ,,8.47,15.981132075471699,-0.47,9.36,7.66
20260611,002573.SZ,,3.2,-3.8072575847709698,-1.8405,3.59,2.93
20260611,002574.SZ,,4.63,-67.69005847953214,-1.0684,5.15,4.21
20260611,002575.SZ,,5.92,-1.8459043996133582,-4.2071,6.8,5.56
20260611,002576.SZ,,15.8,-5.814809362579125,-3.7172,18.05,14.77
20260611,002577.SZ,,18.25,15.66927105692453,0.1647,20.04,16.4
20260611,002578.SZ,,3.55,1.3055310385407473,1.7192,3.84,3.14
20260611,002579.SZ,,15.29,-6.505829291124159,-3.3502,17.4,14.24
20260611,002580.SZ,,20.52,157.3619631901841,-0.8696,22.77,18.63
20260611,002581.SZ,,3.53,-1.7457962413452028,-3.022,3.82,3.46
20260611,002582.SZ,,9.32,9.32,0.0,10.25,8.39
20260611,002583.SZ,,9.28,2.539057156146543,2.6549,9.94,8.14
20260611,002584.SZ,,8.22,2.753676593748953,1.9851,8.87,7.25
20260611,002585.SZ,,12.42,-1.9251038502077005,-7.4516,14.76,12.08
20260611,002586.SZ,,3.94,0.6494469810605437,5.0667,3.94,3.56
20260611,002587.SZ,,6.84,-7.906600393018148,-1.8651,7.67,6.27
20260611,002588.SZ,,8.56,8.56,0.0,9.42,7.7
20260611,002589.SZ,,2.64,-3.074414813089554,-1.8587,2.96,2.42
20260611,002590.SZ,,10.83,-4.227331277567431,-3.5619,12.35,10.11
20260611,002591.SZ,,7.13,-6.723877781969068,-2.0604,8.01,6.55
20260611,002592.SZ,,6.61,-13.481541913114421,-1.4903,7.05,6.37
20260611,002593.SZ,,4.33,-3.4438876958562004,-2.2573,4.87,3.99
20260611,002594.SZ,,89.8,206.29450953365495,-0.5647,99.34,81.28
20260611,002595.SZ,,50.02,-100.70465069458427,-1.4967,55.86,45.7
20260611,002596.SZ,,3.6,-3.0667007411193454,-2.1739,4.05,3.31
20260611,002597.SZ,,20.22,2.922260922347636,5.9193,21.0,17.18
20260611,002598.SZ,,6.74,-4.209342992755434,-2.6012,7.27,6.57
20260611,002599.SZ,,5.81,-3.1528109398741044,-2.8428,6.58,5.38
20260611,002600.SZ,,13.63,-14.463073005093381,-1.9424,15.29,12.51
20260611,002601.SZ,,14.41,-5.022305869231841,-3.8692,16.49,13.49
20260611,002602.SZ,,14.78,5.886101154918359,1.511,16.02,13.1
20260611,002603.SZ,,15.23,-24.764227642276424,-1.615,17.03,13.93
20260611,002605.SZ,,18.13,-7.366624680021128,-3.4611,20.66,16.9
20260611,002606.SZ,,13.24,-4.764132273038034,-3.7791,15.14,12.38
20260611,002607.SZ,,2.07,1.393564023158745,0.4854,2.27,1.85
20260611,002608.SZ,,8.74,4.543091797484146,0.9238,9.53,7.79
20260611,002609.SZ,,7.31,-5.743694507739452,-2.2727,8.23,6.73
20260611,002611.SZ,,17.02,-13.130689708378338,-2.2962,19.16,15.68
20260611,002612.SZ,,11.86,-11.142427658774896,-2.0644,13.32,10.9
20260611,002613.SZ,,4.81,-11.072744014732967,-1.4344,5.37,4.39
20260611,002614.SZ,,4.83,-11.269248716752214,-1.4286,5.39,4.41
20260611,002615.SZ,,8.02,5.830607051981097,0.3755,8.79,7.19
20260611,002616.SZ,,4.84,-11.36950904392765,-1.4257,5.4,4.42
20260611,002617.SZ,,8.13,30.40388930441287,-0.7326,9.01,7.37
20260611,002620.SZ,,5.77,5.77,0.0,6.06,5.48
20260611,002622.SZ,,2.33,-3.3876126781041003,-1.6878,2.61,2.13
20260611,002623.SZ,,17.39,-24.98922258945251,-1.6959,19.46,15.92
20260611,002624.SZ,,13.21,-3.117992777397503,-5.2367,15.33,12.55
20260611,002625.SZ,,36.45,-58.84727155311593,-1.6194,40.76,33.35
20260611,002626.SZ,,14.02,-52.39162929745888,-1.2676,15.62,12.78
20260611,002627.SZ,,6.2,-1.6481033520295596,-4.7619,7.16,5.86
20260611,002628.SZ,,4.9,2.4127234231129058,1.0309,5.34,4.37
20260611,002629.SZ,,4.89,25.927889713679747,-0.8114,5.42,4.44
20260611,002630.SZ,,1.81,1.81,0.0,1.9,1.72
20260611,002631.SZ,,7.75,-28.294998174516245,-1.2739,8.64,7.07
20260611,002632.SZ,,9.69,-4.837743384922615,-3.003,10.99,8.99
20260611,002633.SZ,,16.58,16.58,0.0,18.24,14.92
20260611,002634.SZ,,4.73,1.0004018527526914,3.7281,4.79,4.33
20260611,002635.SZ,,16.27,-8.210951299520564,-2.9815,18.45,15.09
20260611,002636.SZ,,84.8,8.051346321825983,9.5324,85.16,69.68
20260611,002637.SZ,,11.53,7.157933945865408,0.6108,12.61,10.31
20260611,002638.SZ,,4.16,0.8775260515546555,3.7406,4.41,3.61
20260611,002639.SZ,,14.31,21.954587296716788,-0.3482,15.8,12.92
20260611,002640.SZ,,3.38,-2.1208508502227517,-2.5937,3.82,3.12
20260611,002641.SZ,,4.2,-1.7154760446023771,-3.4483,4.79,3.92
20260611,002642.SZ,,6.88,-2.6045807306454662,-3.6415,7.85,6.43
20260611,002643.SZ,,15.46,2.048441806232775,6.5472,15.96,13.06
20260611,002644.SZ,,7.37,16.014776184267706,-0.5398,8.15,6.67
20260611,002645.SZ,,30.59,-12.228173968660059,-3.5016,34.87,28.53
20260611,002646.SZ,,6.81,-4.7439916405433635,-2.4355,7.68,6.28
20260611,002647.SZ,,11.71,-2.963581606053704,-4.9513,13.55,11.09
20260611,002648.SZ,,23.56,97.43589743589743,-0.7582,26.11,21.37
20260611,002649.SZ,,8.7,-2.0083566102633945,-5.3319,10.11,8.27
20260611,002650.SZ,,7.27,-5.658027862090435,-2.2849,7.81,7.07
20260611,002651.SZ,,7.83,12.663755458515283,-0.3817,8.65,7.07
20260611,002652.SZ,,4.63,-6.628489620615606,-1.6985,5.18,4.24
20260611,002653.SZ,,49.21,43.8552713661884,0.1221,54.07,44.24
20260611,002654.SZ,,16.16,1.4681833048660828,10.0068,16.16,13.22
20260611,002655.SZ,,33.9,32.92860611947547,0.0295,37.28,30.5
20260611,002656.SZ,,3.25,-6.308229813664595,-1.5152,3.47,3.14
20260611,002657.SZ,,20.35,-34.16149068322982,-1.5957,22.75,18.61
20260611,002658.SZ,,8.33,1.1708318106429032,6.1146,8.64,7.07
20260611,002659.SZ,,4.09,-4.4529123571039735,-1.9185,4.59,3.75
20260611,002660.SZ,,7.18,41.91476941039112,-0.8287,7.96,6.52
20260611,002661.SZ,,7.7,-3.806792900578435,-3.0227,8.73,7.15
20260611,002662.SZ,,3.18,-13.129644921552439,-1.2422,3.54,2.9
20260611,002663.SZ,,1.66,-2.1416591407560315,-1.7751,1.86,1.52
20260611,002664.SZ,,17.4,-18.983198778092948,-1.9166,19.51,15.97
20260611,002666.SZ,,4.28,-27.66645119586295,-1.1547,4.76,3.9
20260611,002667.SZ,,18.9,-4.751847940865892,-4.9774,20.88,18.9
20260611,002668.SZ,,9.47,1.6125736471069032,4.8726,9.93,8.13
20260611,002669.SZ,,17.22,-1.9166768696503902,-9.9843,21.04,17.22
20260611,002670.SZ,,11.16,-5.052059755545495,-3.209,12.68,10.38
20260611,002671.SZ,,4.08,5.400397088021178,-0.2445,4.5,3.68
20260611,002672.SZ,,3.53,3.53,0.0,3.88,3.18
20260611,002673.SZ,,6.22,-5.177724132190128,-2.2013,7.0,5.72
20260611,002674.SZ,,15.81,3.8903516326681267,3.0639,16.87,13.81
20260611,002675.SZ,,12.31,-27.901178603807796,-1.4412,13.74,11.24
20260611,002676.SZ,,5.55,-3.401569012012748,-2.6316,6.27,5.13
20260611,002677.SZ,,6.67,5.127613776137761,0.3008,7.32,5.99
20260611,002678.SZ,,5.36,-1.2463956841224073,-5.3004,6.23,5.09
20260611,002679.SZ,,8.74,42.55111976630963,-0.7946,9.69,7.93
20260611,002681.SZ,,4.84,-1.630562948489034,-3.9683,5.54,4.54
20260611,002682.SZ,,4.73,-5.454335793357934,-1.8672,5.3,4.34
20260611,002683.SZ,,29.63,-52.769367764915394,-1.5615,33.11,27.09
20260611,002685.SZ,,6.54,-3.324184202500762,-2.9674,7.41,6.07
20260611,002686.SZ,,5.86,-434.0740740740719,-1.0135,6.51,5.33
20260611,002687.SZ,,4.18,3.371511534118406,0.2398,4.59,3.75
20260611,002688.SZ,,4.88,-6.01800468615119,-1.8109,5.47,4.47
20260611,002689.SZ,,2.83,1.0112198956621168,1.7986,2.92,2.64
20260611,002690.SZ,,14.19,38.38247227481742,-0.6303,15.71,12.85
20260611,002691.SZ,,4.63,-4.155447854963203,-2.1142,4.97,4.49
20260611,002692.SZ,,4.11,-4.519960409105906,-1.9093,4.61,3.77
20260611,002693.SZ,,9.0,-21.231422505307858,-1.4239,10.04,8.22
20260611,002694.SZ,,2.29,1.591825385791742,0.4386,2.39,2.17
20260611,002695.SZ,,11.65,-2.8206183570200714,-5.1303,13.51,11.05
20260611,002696.SZ,,5.41,-6.6388513928089345,-1.8149,6.06,4.96
20260611,002697.SZ,,4.46,-4.560327198364008,-1.978,5.01,4.1
20260611,002698.SZ,,11.51,-2.648778018134119,-5.3454,13.38,10.94
20260611,002700.SZ,,8.42,-2.3818279539475546,-4.5351,9.7,7.94
20260611,002701.SZ,,4.49,-2.218598675758474,-3.0238,5.09,4.17
20260611,002702.SZ,,5.0,-5.203996669442131,-1.9608,5.61,4.59
20260611,002703.SZ,,15.32,-94.97830130192189,-1.1613,17.05,13.95
20260611,002705.SZ,,11.95,-12.334847233691162,-1.9688,13.41,10.97
20260611,002706.SZ,,11.49,29.125475285171106,-0.6055,12.72,10.4
20260611,002707.SZ,,5.29,-2.73272032234735,-2.9358,6.0,4.91
20260611,002708.SZ,,13.79,-6.3839637053840095,-3.1601,15.66,12.82
20260611,002709.SZ,,48.46,11.201516342286533,3.3262,51.59,42.21
20260611,002712.SZ,,4.69,-1.5177993527508093,-4.09,5.38,4.4
20260611,002713.SZ,,10.23,6.433962264150944,0.59,10.68,9.66
20260611,002714.SZ,,34.16,158.29471733086189,-0.7842,37.87,30.99
20260611,002715.SZ,,14.41,-47.810218978102206,-1.3014,16.06,13.14
20260611,002716.SZ,,8.68,3.0160881198095835,1.8779,9.37,7.67
20260611,002717.SZ,,1.21,0.1946151124264162,5.2174,1.21,1.09
20260611,002718.SZ,,97.58,20.24649348493651,3.8196,103.39,84.59
20260611,002719.SZ,,7.13,3.1293890449438204,1.2784,7.39,6.69
20260611,002721.SZ,,2.36,-2.195961663720108,-2.0747,2.65,2.17
20260611,002722.SZ,,12.62,-19.817839195979897,-1.6368,14.11,11.55
20260611,002723.SZ,,8.24,20.76089695137314,-0.6031,9.12,7.46
20260611,002724.SZ,,5.16,-9.79684830074046,-1.5267,5.76,4.72
20260611,002725.SZ,,12.85,16.751401381827662,-0.2329,14.17,11.59
20260611,002726.SZ,,1.43,-0.38999645457768567,-4.6667,1.58,1.43
20260611,002727.SZ,,10.83,-13.317757009345796,-1.8132,12.13,9.93
20260611,002728.SZ,,8.18,30.09565857247976,-0.7282,9.06,7.42
20260611,002729.SZ,,16.71,151.49592021758846,-0.8897,18.55,15.17
20260611,002730.SZ,,28.49,17.416554591025797,0.6358,31.14,25.48
20260611,002732.SZ,,13.8,-16.250588789448894,-1.8492,15.47,12.65
20260611,002733.SZ,,31.39,-28.80345017434392,-2.0898,35.27,28.85
20260611,002734.SZ,,15.25,28.079543362180075,-0.4569,16.85,13.79
20260611,002735.SZ,,19.4,5.484874187164263,2.537,20.81,17.03
20260611,002736.SZ,,10.03,11.139493558418481,-0.0996,11.04,9.04
20260611,002737.SZ,,12.16,-9.147671706913414,-2.3293,13.7,11.21
20260611,002738.SZ,,58.75,15.461746980024738,2.7997,62.87,51.44
20260611,002739.SZ,,8.19,-2.8504803007100095,-3.8732,9.37,7.67
20260611,002741.SZ,,27.63,-12.432505399568035,-3.2224,31.41,25.7
20260611,002742.SZ,,3.79,-6.787249283667622,-1.5584,4.24,3.47
20260611,002743.SZ,,4.4,-12.742542716478427,-1.3453,4.91,4.01
20260611,002745.SZ,,9.23,-4.7472097927274595,-2.9443,10.46,8.56
20260611,002746.SZ,,5.42,-57.1127502634352,-1.0949,6.03,4.93
20260611,002747.SZ,,33.35,-5.707098364022178,-6.8436,39.38,32.22
20260611,002748.SZ,,10.61,19.98116760828625,-0.469,11.73,9.59
20260611,002749.SZ,,8.59,-232.79132791327956,-1.0369,9.55,7.81
20260611,002752.SZ,,5.96,-18.366718027734976,-1.3245,6.64,5.44
20260611,002753.SZ,,6.31,-6.194777145101118,-2.0186,7.08,5.8
20260611,002755.SZ,,12.71,-10.999567286888794,-2.1555,14.29,11.69
20260611,002756.SZ,,62.83,10.601535476250739,4.9265,65.87,53.89
20260611,002757.SZ,,20.82,-2.316679648380995,-9.987,25.44,20.82
20260611,002758.SZ,,7.9,3.1073001887979865,1.5424,8.56,7.0
20260611,002759.SZ,,26.88,5.666462887619368,3.7437,28.5,23.32
20260611,002760.SZ,,17.8,-32.44031346819756,-1.5487,19.89,16.27
20260611,002761.SZ,,7.13,-6.723877781969068,-2.0604,8.01,6.55
20260611,002762.SZ,,8.11,56.202356202356206,-0.8557,8.59,7.77
20260611,002763.SZ,,7.57,4.546819628806535,0.6649,8.27,6.77
20260611,002765.SZ,,7.64,-5.868797050238132,-2.3018,8.6,7.04
20260611,002766.SZ,,4.01,-2.104324097397145,-2.9056,4.54,3.72
20260611,002767.SZ,,18.0,9.214702569878161,0.9534,19.61,16.05
20260611,002768.SZ,,66.99,19.794929377696352,2.3842,71.97,58.89
20260611,002769.SZ,,7.7,-3.3976084366588712,-3.2663,8.76,7.16
20260611,002771.SZ,,15.17,-3.622686567164179,-5.1875,17.6,14.4
20260611,002772.SZ,,12.74,-5.282580752166521,-3.4117,14.51,11.87
20260611,002773.SZ,,19.91,39.80407836865254,-0.4998,22.01,18.01
20260611,002774.SZ,,10.78,-9.151880465234738,-2.1779,12.12,9.92
20260611,002775.SZ,,3.78,-4.6198973356147635,-1.8182,4.24,3.47
20260611,002777.SZ,,13.23,-5.605694673954494,-3.3601,15.06,12.32
20260611,002778.SZ,,16.87,5.518662697504007,2.0569,18.18,14.88
20260611,002779.SZ,,83.71,16.31805688220043,4.1299,88.43,72.35
20260611,002780.SZ,,13.13,-101.38996138996144,-1.1295,14.61,11.95
20260611,002782.SZ,,22.52,-8.539683743506123,-3.6371,25.71,21.03
20260611,002783.SZ,,7.24,9.993098688750864,-0.2755,7.99,6.53
20260611,002785.SZ,,39.2,-90.48938134810712,-1.4332,43.75,35.79
20260611,002786.SZ,,8.32,-44.349680170575695,-1.1876,9.26,7.58
20260611,002787.SZ,,26.1,-9.102322661644696,-3.8674,29.87,24.44
20260611,002788.SZ,,11.06,-14.248904921412008,-1.7762,12.39,10.13
20260611,002789.SZ,,12.99,4.506661115736886,1.8824,13.39,12.11
20260611,002790.SZ,,6.02,4.0111940298507465,0.5008,6.59,5.39
20260611,002791.SZ,,14.39,-25.104675505931617,-1.5732,16.08,13.16
20260611,002792.SZ,,37.95,10.63740329633367,2.5676,40.7,33.3
20260611,002793.SZ,,4.08,15.105516475379488,-0.7299,4.52,3.7
20260611,002795.SZ,,7.55,1.0725498273976106,6.0393,7.83,6.41
20260611,002796.SZ,,40.03,-15.74620407521045,-3.5422,45.65,37.35
20260611,002797.SZ,,6.15,-2.6717059820148576,-3.3019,7.0,5.72
20260611,002798.SZ,,6.2,1.9734538625584874,2.1417,6.68,5.46
20260611,002799.SZ,,6.91,49.640804597701155,-0.8608,7.67,6.27
20260611,002800.SZ,,14.57,-5.805012151878561,-3.5099,16.61,13.59
20260611,002801.SZ,,28.88,-20.635941407645586,-2.3995,32.55,26.63
20260611,002802.SZ,,11.83,-11.061243571762505,-2.0695,13.29,10.87
20260611,002803.SZ,,21.07,12.999753208292201,0.6208,23.03,18.85
20260611,002805.SZ,,20.38,7.702483087040326,1.6459,22.06,18.05
20260611,002806.SZ,,17.86,-5.114547537227949,-4.492,20.57,16.83
20260611,002807.SZ,,4.07,3.2656663724624893,0.2463,4.47,3.65
20260611,002809.SZ,,9.01,6.7536166704145115,0.3341,9.88,8.08
20260611,002810.SZ,,22.13,10.794068871329625,1.0502,24.09,19.71
20260611,002811.SZ,,12.12,2.2855418733146013,4.3029,12.78,10.46
20260611,002812.SZ,,61.4,37.83817094965181,0.6227,67.12,54.92
20260611,002813.SZ,,20.8,-147.83226723525226,-1.1407,23.14,18.94
20260611,002815.SZ,,17.73,7.474074698592023,1.3722,19.24,15.74
20260611,002816.SZ,,25.19,-37.13148584905661,-1.6784,26.9,24.34
20260611,002817.SZ,,6.45,82.37547892720303,-0.9217,7.16,5.86
20260611,002818.SZ,,10.84,-58.56293895191787,-1.1851,12.07,9.87
20260611,002819.SZ,,20.93,-7.437018086202609,-3.8143,23.94,19.58
20260611,002820.SZ,,9.3,-10.348280850116836,-1.8987,10.43,8.53
20260611,002821.SZ,,113.61,95.85723928450894,0.1852,124.74,102.06
20260611,002822.SZ,,2.63,-0.9876079609463012,-3.663,2.87,2.59
20260611,002823.SZ,,17.28,-2.930502323372791,-6.8966,20.42,16.7
20260611,002824.SZ,,28.86,2.6272667686257374,9.9848,28.86,23.62
20260611,002825.SZ,,9.26,-3.25803954682992,-3.8422,10.59,8.67
20260611,002826.SZ,,15.01,-274.40585009140784,-1.0547,16.69,13.65
20260611,002827.SZ,,25.39,19.890325107716414,0.2765,27.85,22.79
20260611,002828.SZ,,8.98,5.756779280723124,0.5599,9.82,8.04
20260611,002829.SZ,,18.91,-2.102232301672003,-9.9952,23.11,18.91
20260611,002830.SZ,,15.24,-4.267592618520903,-4.5711,17.57,14.37
20260611,002831.SZ,,30.42,3.458429495560432,7.7959,31.04,25.4
20260611,002832.SZ,,20.39,-13.714016680118375,-2.4868,23.0,18.82
20260611,002833.SZ,,17.43,-21.711509715994023,-1.8028,19.53,15.98
20260611,002835.SZ,,12.54,-7.3106745175771,-2.7153,14.18,11.6
20260611,002836.SZ,,10.35,-11.555208217036954,-1.8957,11.61,9.5
20260611,002837.SZ,,67.14,-43.19351518270716,-2.5544,75.79,62.01
20260611,002838.SZ,,32.67,32.67,0.0,35.94,29.4
20260611,002839.SZ,,4.26,-26.608369768894455,-1.1601,4.74,3.88
20260611,002840.SZ,,8.05,1.6993519241730175,3.7371,8.54,6.98
20260611,002841.SZ,,33.2,-20.25254681876411,-2.6393,37.51,30.69
20260611,002842.SZ,,39.34,3.57272595175821,10.0112,39.34,32.18
20260611,002843.SZ,,21.27,-5.098763064531595,-5.1716,24.67,20.19
20260611,002845.SZ,,15.28,22.67735233006827,-0.3262,16.86,13.8
20260611,002846.SZ,,11.36,-250.77262693156788,-1.0453,12.63,10.33
20260611,002847.SZ,,53.55,52.56699715323452,0.0187,58.89,48.19
20260611,002848.SZ,,12.9,-5.128612889118594,-3.5153,14.71,12.03
20260611,002849.SZ,,15.78,9.634876053242154,0.6378,17.25,14.11
20260611,002850.SZ,,190.39,75.39899409924358,1.5251,206.28,168.78
20260611,002851.SZ,,139.41,-42.79136867307161,-4.2579,160.17,131.05
20260611,002852.SZ,,7.6,86.9565217391304,-0.9126,8.44,6.9
20260611,002853.SZ,,23.1,11.268842382555247,1.0499,25.15,20.57
20260611,002855.SZ,,10.49,-9.157573112178087,-2.1455,11.79,9.65
20260611,002856.SZ,,25.58,4.257514729869178,5.0082,25.58,23.14
20260611,002857.SZ,,16.64,-45.78976334617502,-1.3634,18.56,15.18
20260611,002858.SZ,,11.96,-3.7768023494489538,-4.1667,13.73,11.23
20260611,002859.SZ,,78.01,-17.205558006175565,-5.534,90.84,74.32
20260611,002860.SZ,,13.33,1.9147346950501307,5.9618,13.84,11.32
20260611,002861.SZ,,18.1,8.326432974514676,1.1738,19.68,16.1
20260611,002862.SZ,,14.83,-8.773590486895817,-2.6903,16.76,13.72
20260611,002863.SZ,,4.73,29.30607187112764,-0.8386,5.25,4.29
20260611,002864.SZ,,27.05,-70.20503503763302,-1.3853,30.17,24.69
20260611,002865.SZ,,63.88,-157.9233621755253,-1.4045,71.27,58.31
20260611,002866.SZ,,17.24,-12.026508545517961,-2.4335,19.44,15.9
20260611,002867.SZ,,11.98,132.81596452328168,-0.9098,13.3,10.88
20260611,002868.SZ,,25.14,-61.04905293831958,-1.4118,28.05,22.95
20260611,002869.SZ,,18.03,-2.9743149837509697,-7.0619,21.34,17.46
20260611,002870.SZ,,39.95,-26.397515527950315,-2.5134,45.08,36.88
20260611,002871.SZ,,21.0,-17.66041544024893,-2.1891,23.62,19.32
20260611,002872.SZ,,5.02,12.367578221236755,-0.5941,5.3,4.8
20260611,002873.SZ,,8.06,-35.74279379157428,-1.2255,8.98,7.34
20260611,002875.SZ,,16.66,-1649.5049504950498,-1.0101,18.51,15.15
20260611,002876.SZ,,30.52,-30.79717457114026,-1.991,34.25,28.03
20260611,002877.SZ,,8.0,5.812263876780006,0.3764,8.77,7.17
20260611,002878.SZ,,14.43,-2.6327792880731264,-6.4809,16.97,13.89
20260611,002879.SZ,,14.33,60.159529806884976,-0.7618,15.88,13.0
20260611,002880.SZ,,21.93,-17.231083523218356,-2.2727,24.68,20.2
20260611,002881.SZ,,41.03,-8.167124487439787,-6.0238,48.03,39.29
20260611,002882.SZ,,19.87,-27.18194254445964,-1.731,22.24,18.2
20260611,002883.SZ,,8.67,-4.291866739270334,-3.0201,9.39,8.49
20260611,002884.SZ,,15.93,-135.80562659846552,-1.1173,17.72,14.5
20260611,002885.SZ,,38.52,-33.965258795520676,-2.1341,43.3,35.42
20260611,002886.SZ,,27.8,-13.015590617538274,-3.1359,31.57,25.83
20260611,002887.SZ,,11.7,-4.088050314465408,-3.862,13.39,10.95
20260611,002888.SZ,,18.41,-9.953503460207612,-2.8496,20.85,17.06
20260611,002889.SZ,,11.3,20.196604110813226,-0.4405,12.49,10.22
20260611,002890.SZ,,14.71,5.125792738169908,1.8698,15.88,13.0
20260611,002891.SZ,,27.25,-138.6768447837151,-1.1965,30.34,24.82
20260611,002892.SZ,,9.95,-2.76227756031204,-4.6021,11.47,9.39
20260611,002893.SZ,,9.89,-6.333247950819673,-2.5616,11.17,9.14
20260611,002895.SZ,,31.2,8.136654061807276,2.8345,33.37,27.31
20260611,002896.SZ,,81.56,-9.064437973726912,-9.9978,99.68,81.56
20260611,002897.SZ,,80.14,-17.827508731341624,-5.4953,93.28,76.32
20260611,002899.SZ,,24.13,-4.529243937232525,-6.3276,28.34,23.18
20260611,002900.SZ,,9.78,-808.2644628099173,-1.0121,10.87,8.89
20260611,002901.SZ,,41.3,225.06811989100817,-0.8165,45.8,37.48
20260611,002902.SZ,,31.65,67.96220742967576,-0.5343,35.0,28.64
20260611,002903.SZ,,44.46,-39.16490486257928,-2.1352,49.97,40.89
20260611,002905.SZ,,7.34,-5.266934557979333,-2.3936,8.27,6.77
20260611,002906.SZ,,25.03,-12.612748803224994,-2.9845,28.38,23.22
20260611,002907.SZ,,11.69,-9.296222664015906,-2.2575,13.16,10.76
20260611,002908.SZ,,7.06,-13.216023961063271,-1.5342,7.89,6.45
20260611,002909.SZ,,5.56,5.56,0.0,6.12,5.0
20260611,002910.SZ,,9.75,25.102986611740477,-0.6116,10.79,8.83
20260611,002911.SZ,,10.38,-24.452296819787982,-1.4245,11.58,9.48
20260611,002912.SZ,,19.06,-10.561312129439795,-2.8047,21.57,17.65
20260611,002913.SZ,,55.01,5.00181851245681,9.998,55.01,45.01
20260611,002915.SZ,,22.02,2.735709582437788,7.0491,22.63,18.51
20260611,002916.SZ,,376.16,-469.4371646075129,-1.8013,421.37,344.75
20260611,002917.SZ,,11.8,-2.698438107434426,-5.3729,13.72,11.22
20260611,002918.SZ,,11.64,15.668326827298426,-0.2571,12.84,10.5
20260611,002919.SZ,,19.76,-10.403832991101984,-2.8993,22.39,18.32
20260611,002920.SZ,,85.48,-23.96881922440625,-4.5663,98.53,80.61
20260611,002921.SZ,,23.22,22.260569456427955,0.0431,25.53,20.89
20260611,002922.SZ,,34.1,18.35603165204285,0.8577,37.19,30.43
20260611,002923.SZ,,9.89,16.56061620897522,-0.4028,10.92,8.94
20260611,002925.SZ,,21.08,-640.7294832826761,-1.0329,23.43,19.17
20260611,002926.SZ,,7.76,-14.843152257077278,-1.5228,8.67,7.09
20260611,002927.SZ,,18.34,-16.16571176729837,-2.1345,20.61,16.87
20260611,002928.SZ,,6.56,-2.5935004348857436,-3.5294,7.48,6.12
20260611,002929.SZ,,58.27,-23.81672525136925,-3.4466,66.39,54.32
20260611,002930.SZ,,9.22,26.089417091114882,-0.6466,10.21,8.35
20260611,002931.SZ,,64.88,-13.496422033616241,-5.8072,75.77,61.99
20260611,002932.SZ,,14.75,-5.299274268879787,-3.7834,16.1,14.56
20260611,002933.SZ,,27.84,-29.702336498453004,-1.9373,31.23,25.55
20260611,002935.SZ,,20.18,4.6624462825192925,3.3282,21.48,17.58
20260611,002936.SZ,,1.75,-13.471901462663597,-1.1299,1.95,1.59
20260611,002937.SZ,,36.96,9.022996923978322,3.0962,39.44,32.27
20260611,002938.SZ,,106.5,-34.289577900125565,-4.1059,122.17,99.95
20260611,002939.SZ,,7.84,-6.985654459591909,-2.1223,8.81,7.21
20260611,002940.SZ,,27.5,-8.214349722205627,-4.3478,31.63,25.88
20260611,002941.SZ,,10.7,-8.339178551944508,-2.2831,12.05,9.86
20260611,002942.SZ,,16.17,23.377186641607636,-0.3083,17.84,14.6
20260611,002943.SZ,,50.2,-40.50020169423155,-2.2395,56.49,46.22
20260611,002945.SZ,,13.34,-8.980745927023024,-2.4854,15.05,12.31
20260611,002946.SZ,,16.09,-30.358490566037734,-1.53,17.97,14.71
20260611,002947.SZ,,84.1,-50.60168471720818,-2.662,95.04,77.76
20260611,002948.SZ,,5.89,18.095238095238095,-0.6745,6.52,5.34
20260611,002949.SZ,,11.25,-11.210762331838566,-2.0035,12.63,10.33
20260611,002950.SZ,,9.01,20.10711894666369,-0.5519,9.97,8.15
20260611,002951.SZ,,16.2,28.43102843102843,-0.4302,17.9,14.64
20260611,002952.SZ,,22.96,-665.5072463768121,-1.0345,25.52,20.88
20260611,002953.SZ,,9.38,-8.623701388250439,-2.0877,10.54,8.62
20260611,002955.SZ,,30.73,7.7834907930396895,2.9481,32.84,26.87
20260611,002956.SZ,,21.28,39.977456321623144,-0.4677,23.52,19.24
20260611,002957.SZ,,51.87,-25.12107710189849,-3.0648,58.86,48.16
20260611,002958.SZ,,2.94,9.065679925994448,-0.6757,3.26,2.66
20260611,002959.SZ,,33.76,-19.75539820937445,-2.7089,38.17,31.23
20260611,002960.SZ,,8.84,-2.3627519110493402,-4.7414,10.21,8.35
20260611,002961.SZ,,18.45,-147.12918660287085,-1.1254,20.53,16.79
20260611,002962.SZ,,19.22,-2.141122473987924,-9.9766,23.49,19.22
20260611,002963.SZ,,18.79,12.684803888476337,0.4813,20.57,16.83
20260611,002965.SZ,,38.54,3.5072711719418304,9.9886,38.54,31.54
20260611,002966.SZ,,8.15,-11.832171893147502,-1.6888,9.12,7.46
20260611,002967.SZ,,17.22,-17.358870967741936,-1.992,19.33,15.81
20260611,002968.SZ,,9.42,16.320166320166322,-0.4228,10.41,8.51
20260611,002969.SZ,,14.9,5.963339470103259,1.4986,16.15,13.21
20260611,002970.SZ,,63.92,-34.14712324376302,-2.8719,72.39,59.23
20260611,002971.SZ,,52.75,4.790924943689602,10.0104,52.75,43.16
20260611,002972.SZ,,13.07,4.430358292939222,1.9501,14.1,11.54
20260611,002973.SZ,,12.63,-5.693292463036423,-3.2184,14.36,11.75
20260611,002975.SZ,,122.62,46.72306050906874,1.6244,132.73,108.59
20260611,002976.SZ,,29.89,-8.039484655316173,-4.7179,34.51,28.23
20260611,002977.SZ,,22.88,-5.74383692323141,-4.9834,25.28,22.88
20260611,002978.SZ,,26.07,12.986948291322108,1.0074,28.39,23.23
20260611,002979.SZ,,51.11,-30.337745592687128,-2.6847,57.77,47.27
20260611,002980.SZ,,116.81,100.44715796715109,0.1629,128.28,104.96
20260611,002981.SZ,,28.2,3.8030505320224948,6.4151,29.15,23.85
20260611,002982.SZ,,13.26,2.8864991945665897,3.5938,14.08,11.52
20260611,002983.SZ,,24.87,44.442458899213726,-0.4404,27.48,22.48
20260611,002984.SZ,,14.02,-6.644864685530119,-3.1099,15.92,13.02
20260611,002985.SZ,,27.26,71.69910573382431,-0.6198,30.17,24.69
20260611,002986.SZ,,11.29,4.811421265714895,1.3465,12.25,10.03
20260611,002987.SZ,,11.41,-2.973367384166363,-4.8374,13.19,10.79
20260611,002988.SZ,,24.49,20.33040013282417,0.2046,26.88,22.0
20260611,002989.SZ,,27.06,-7.845297460280644,-4.4492,31.15,25.49
20260611,002990.SZ,,43.27,-31.60470382002776,-2.3691,48.75,39.89
20260611,002991.SZ,,42.45,-54.31166837256909,-1.7816,47.54,38.9
20260611,002992.SZ,,40.61,-16.287650904423856,-3.4933,46.29,37.87
20260611,002993.SZ,,64.82,-26.870621398665172,-3.4123,73.82,60.4
20260611,002995.SZ,,21.92,-8.411358403683808,-3.606,25.01,20.47
20260611,002996.SZ,,6.21,17.25,-0.64,6.88,5.63
20260611,002997.SZ,,26.71,13.469490670700958,0.983,29.1,23.81
20260611,002998.SZ,,7.29,-14.984583761562181,-1.4865,8.14,6.66
20260611,002999.SZ,,5.95,11.940598033313266,-0.5017,6.58,5.38
20260611,003000.SZ,,10.81,10.81,0.0,11.89,9.73
20260611,003001.SZ,,15.82,-14.329710144927535,-2.104,17.78,14.54
20260611,003002.SZ,,20.97,-14.313016176370212,-2.4651,23.65,19.35
20260611,003003.SZ,,11.22,-48.27882960413083,-1.2324,12.5,10.22
20260611,003004.SZ,,64.19,-14.37980241492865,-5.4639,74.69,61.11
20260611,003005.SZ,,14.86,-5.271746842628069,-3.8188,17.0,13.91
20260611,003006.SZ,,15.09,-84.39597315436238,-1.1788,16.8,13.74
20260611,003007.SZ,,38.59,-38.35602822781036,-2.0061,43.32,35.44
20260611,003008.SZ,,18.36,-30.212275793977295,-1.6077,20.53,16.79
20260611,003009.SZ,,55.11,-26.308000763796063,-3.0948,62.56,51.18
20260611,003010.SZ,,24.04,14.395209580838323,0.67,26.27,21.49
20260611,003011.SZ,,19.55,57.601649970536236,-0.6606,21.65,17.71
20260611,003012.SZ,,4.72,-4.391923327440216,-2.0747,5.3,4.34
20260611,003013.SZ,,15.01,-12.353909465020577,-2.215,16.89,13.82
20260611,003015.SZ,,12.49,23.93178769879287,-0.4781,13.81,11.3
20260611,003016.SZ,,6.82,-42.785445420326226,-1.1594,7.59,6.21
20260611,003017.SZ,,26.75,13.76453637954101,0.9434,29.15,23.85
20260611,003018.SZ,,57.77,6.781232759329037,7.5191,59.1,48.36
20260611,003019.SZ,,30.6,-3.535692001941164,-9.6546,37.26,30.48
20260611,003020.SZ,,15.31,-36.74987998079692,-1.4166,17.08,13.98
20260611,003021.SZ,,97.61,-34.46072374227714,-3.8325,111.65,91.35
20260611,003022.SZ,,24.7,7.536461829498992,2.2774,26.57,21.74
20260611,003023.SZ,,23.1,-32.90129611166501,-1.7021,25.85,21.15
20260611,003025.SZ,,16.27,5.190951727658488,2.1343,17.52,14.34
20260611,003026.SZ,,35.45,-38.99032116146063,-1.9092,39.75,32.53
20260611,003027.SZ,,20.65,506.1274509803928,-0.9592,22.94,18.77
20260611,003028.SZ,,24.51,-25.531250000000004,-1.96,27.5,22.5
20260611,003029.SZ,,17.56,-12.631276075384834,-2.3902,19.79,16.19
20260611,003030.SZ,,23.35,33.30480673227785,-0.2989,25.76,21.08
20260611,003031.SZ,,144.98,31.814092295538828,3.5571,154.0,126.0
20260611,003032.SZ,,6.66,1.1994381010697692,4.5526,7.01,5.73
20260611,003033.SZ,,50.49,-14.057018764964642,-4.5918,58.21,47.63
20260611,003035.SZ,,6.17,-50.65681444991794,-1.1218,6.86,5.62
20260611,003036.SZ,,80.19,163.2200284958274,-0.5087,88.66,72.54
20260611,003037.SZ,,6.2,-3.404161862405974,-2.8213,7.02,5.74
20260611,003038.SZ,,12.21,-6.550429184549357,-2.864,13.83,11.31
20260611,003039.SZ,,11.84,14.241039210969449,-0.1686,13.05,10.67
20260611,003040.SZ,,11.79,-8.417219961447847,-2.4007,13.29,10.87
20260611,003041.SZ,,44.56,-40.97471264367817,-2.0875,50.06,40.96
20260611,003042.SZ,,13.7,-17.295795985355383,-1.7921,15.35,12.56
20260611,003043.SZ,,82.01,30.1053558973606,1.7241,88.68,72.56
20260611,003816.SZ,,4.24,7.992459943449576,-0.4695,4.69,3.83
20260611,300001.SZ,,36.31,-46.24299541518086,-1.7852,44.36,29.58
20260611,300002.SZ,,7.11,-1.5969991689315157,-5.4521,9.02,6.02
20260611,300003.SZ,,11.46,-7.388781431334623,-2.551,14.11,9.41
20260611,300004.SZ,,11.62,-5.795511221945137,-3.005,14.38,9.58
20260611,300005.SZ,,15.0,4.932912391475927,2.0408,17.64,11.76
20260611,300006.SZ,,5.0,-2.614242392554638,-2.9126,6.18,4.12
20260611,300007.SZ,,39.68,-8.278739828917171,-5.793,50.54,33.7
20260611,300008.SZ,,6.3,3.5,0.8,7.5,5.0
20260611,300009.SZ,,7.69,-9.758883248730964,-1.788,9.4,6.26
20260611,300010.SZ,,2.39,-0.42371378931319365,-6.6406,3.07,2.05
20260611,300011.SZ,,5.9,-5.939198711495873,-1.9934,7.22,4.82
20260611,300012.SZ,,13.88,39.010680157391796,-0.6442,16.76,11.18
20260611,300013.SZ,,4.1,-2.9688631426502536,-2.381,5.04,3.36
20260611,300014.SZ,,55.1,103.90345087686215,-0.4697,66.43,44.29
20260611,300015.SZ,,8.41,2.861128121385317,1.9394,9.9,6.6
20260611,300016.SZ,,7.42,-7.559857361181864,-1.9815,9.08,6.06
20260611,300017.SZ,,14.05,10.929599377674059,0.2855,16.81,11.21
20260611,300018.SZ,,11.44,-300.2624671916009,-1.0381,13.87,9.25
20260611,300019.SZ,,17.19,7.115360735129767,1.4159,20.34,13.56
20260611,300020.SZ,,3.39,-1.5819683606327875,-3.1429,4.2,2.8
20260611,300021.SZ,,3.74,-64.2611683848797,-1.0582,4.54,3.02
20260611,300022.SZ,,7.57,-165.2838427947596,-1.0458,9.18,6.12
20260611,300024.SZ,,14.95,-2.345833987133218,-7.373,19.37,12.91
20260611,300025.SZ,,4.54,-2.06523222490106,-3.1983,5.63,3.75
20260611,300026.SZ,,3.01,-1.5815468684321141,-2.9032,3.72,2.48
20260611,300027.SZ,,1.74,-0.9702782579601852,-2.7933,2.15,1.43
20260611,300030.SZ,,6.37,-11.675219941348972,-1.5456,7.76,5.18
20260611,300031.SZ,,25.65,-12.444207257908015,-3.0612,31.75,21.17
20260611,300032.SZ,,4.02,-3.3787191124558746,-2.1898,4.93,3.29
20260611,300033.SZ,,193.04,-113.44616831217677,-2.7016,238.08,158.72
20260611,300034.SZ,,16.55,11.61566535654127,0.4248,19.78,13.18
20260611,300035.SZ,,16.31,-5.64516129032258,-3.8892,20.36,13.58
20260611,300036.SZ,,12.26,-3.899615127707624,-4.1439,15.35,10.23
20260611,300037.SZ,,75.6,13.075738969507238,4.7817,86.58,57.72
20260611,300039.SZ,,4.36,-3.509901787151828,-2.2422,5.35,3.57
20260611,300040.SZ,,6.41,11.999251216772745,-0.4658,7.73,5.15
20260611,300041.SZ,,13.34,-7.8526018365905355,-2.6988,16.45,10.97
20260611,300042.SZ,,62.66,-106.87361419068735,-1.5863,76.4,50.94
20260611,300043.SZ,,4.5,-1.1074742204612016,-5.0633,5.69,3.79
20260611,300044.SZ,,5.42,3.9550496205487446,0.3704,6.48,4.32
20260611,300045.SZ,,17.81,-32.51186564439576,-1.5478,21.71,14.47
20260611,300046.SZ,,28.77,14.77354421279655,0.9474,34.2,22.8
20260611,300047.SZ,,9.45,-2.2934109938114307,-5.1205,11.95,7.97
20260611,300048.SZ,,5.25,-3.2865907099035936,-2.5974,6.47,4.31
20260611,300049.SZ,,42.75,6.0838504013206585,6.0268,48.38,32.26
20260611,300050.SZ,,6.24,-1.982525814138205,-4.1475,7.81,5.21
20260611,300051.SZ,,9.48,-3.8500588880315156,-3.4623,11.78,7.86
20260611,300052.SZ,,11.73,-3.5299428227505265,-4.323,14.71,9.81
20260611,300053.SZ,,16.74,2.8755475392939958,4.8215,19.16,12.78
20260611,300054.SZ,,75.48,10.411034482758621,6.25,85.25,56.83
20260611,300055.SZ,,8.09,2.4697765294907805,2.2756,9.49,6.33
20260611,300056.SZ,,8.37,-1.4987107864202833,-6.5848,10.75,7.17
20260611,300057.SZ,,8.17,-3.919969292774206,-3.0842,10.12,6.74
20260611,300058.SZ,,14.41,-11.04129951727837,-2.3051,17.7,11.8
20260611,300059.SZ,,17.36,-12.744090441932167,-2.3622,21.34,14.22
20260611,300061.SZ,,7.65,-3.0226401675293375,-3.5309,9.52,6.34
20260611,300062.SZ,,6.03,-9.551718675748456,-1.6313,7.36,4.9
20260611,300063.SZ,,9.2,-5.261953786318919,-2.7484,11.35,7.57
20260611,300065.SZ,,18.12,-31.502086230876223,-1.5752,22.09,14.73
20260611,300066.SZ,,5.68,-3.264930735184227,-2.7397,7.01,4.67
20260611,300067.SZ,,5.17,-7.271448663853726,-1.711,6.31,4.21
20260611,300068.SZ,,3.71,-0.8068725532840365,-5.598,4.72,3.14
20260611,300069.SZ,,35.94,-39.47281713344316,-1.9105,43.97,29.31
20260611,300070.SZ,,3.49,-1.0314457973755762,-4.3836,4.38,2.92
20260611,300071.SZ,,3.77,-1.8083269378357636,-3.0848,4.67,3.11
20260611,300072.SZ,,3.65,-10.387023335230507,-1.3514,4.44,2.96
20260611,300073.SZ,,48.14,108.8401537418042,-0.5577,58.09,38.73
20260611,300074.SZ,,3.8,-2.4295121795281633,-2.5641,4.68,3.12
20260611,300075.SZ,,11.65,-2.580287929125139,-5.515,14.8,9.86
20260611,300076.SZ,,4.06,-1.7400248574979642,-3.3333,5.04,3.36
20260611,300077.SZ,,22.56,4.589843749999999,3.9152,26.05,17.37
20260611,300078.SZ,,3.14,-1.1712047743379337,-3.681,3.91,2.61
20260611,300079.SZ,,4.69,-1.3474301146321144,-4.4807,5.89,3.93
20260611,300080.SZ,,3.91,-1.0759197600506316,-4.6341,4.92,3.28
20260611,300081.SZ,,3.97,-1.1128864967902896,-4.5673,4.99,3.33
20260611,300082.SZ,,8.79,-19.217315260166153,-1.4574,10.7,7.14
20260611,300083.SZ,,10.43,-14.974874371859299,-1.6965,12.73,8.49
20260611,300084.SZ,,11.75,2.315544694939303,4.0744,13.55,9.03
20260611,300085.SZ,,24.7,-5.804798947145779,-5.2551,31.28,20.86
20260611,300086.SZ,,6.1,234.6153846153844,-0.974,7.39,4.93
20260611,300087.SZ,,7.03,3.5050107194495688,1.0057,8.35,5.57
20260611,300088.SZ,,7.79,-2.5424281984334205,-4.064,9.74,6.5
20260611,300091.SZ,,2.8,2.8,0.0,3.36,2.24
20260611,300092.SZ,,12.78,23.990989299793505,-0.4673,15.41,10.27
20260611,300094.SZ,,2.75,4.312372588991689,-0.3623,3.31,2.21
20260611,300095.SZ,,8.67,7.772299417301658,0.1155,10.39,6.93
20260611,300096.SZ,,7.6,-4.859024359056327,-2.5641,9.36,6.24
20260611,300097.SZ,,9.22,-2.45729058393966,-4.7521,11.62,7.74
20260611,300098.SZ,,4.9,-1.6771631982475357,-3.9216,6.12,4.08
20260611,300099.SZ,,7.75,12.613932291666666,-0.3856,9.34,6.22
20260611,300100.SZ,,28.65,-8.337455984634635,-4.4363,35.98,23.98
20260611,300101.SZ,,15.84,-32.162436548223354,-1.4925,19.3,12.86
20260611,300102.SZ,,22.57,-2564.772727272751,-1.0088,27.36,18.24
20260611,300103.SZ,,8.56,7.663384064458371,0.117,10.26,6.84
20260611,300105.SZ,,6.62,-2.6495897538523114,-3.4985,8.23,5.49
20260611,300106.SZ,,11.81,-14.249517374517376,-1.8288,14.44,9.62
20260611,300107.SZ,,5.89,-8.79892440991933,-1.6694,7.19,4.79
20260611,300109.SZ,,16.78,-140.3010033444817,-1.1196,20.36,13.58
20260611,300110.SZ,,2.58,-2.0271862968492185,-2.2727,3.17,2.11
20260611,300111.SZ,,3.07,-5.09459010952539,-1.6026,3.74,2.5
20260611,300112.SZ,,6.75,-255.6818181818184,-1.0264,8.18,5.46
20260611,300113.SZ,,19.09,-8.32606420097697,-3.2928,23.69,15.79
20260611,300115.SZ,,29.25,-13.631914992776249,-3.1457,36.24,24.16
20260611,300118.SZ,,13.02,-5.241334889899762,-3.4841,16.19,10.79
20260611,300119.SZ,,15.08,-10.811585890450244,-2.3948,18.54,12.36
20260611,300120.SZ,,8.87,-3.1722756696827723,-3.7961,11.06,7.38
20260611,300121.SZ,,13.56,5.6007599851307255,1.4211,16.04,10.7
20260611,300122.SZ,,12.36,-14.949201741654571,-1.8268,15.11,10.07
20260611,300123.SZ,,4.11,2.072826306233609,0.9828,4.88,3.26
20260611,300124.SZ,,69.21,-256.71364985163194,-1.2696,84.12,56.08
20260611,300125.SZ,,8.9,-20.24567788898999,-1.4396,10.84,7.22
20260611,300126.SZ,,6.39,-16.43095911545384,-1.3889,7.78,5.18
20260611,300127.SZ,,27.52,-58.80341880341881,-1.468,33.52,22.34
20260611,300128.SZ,,6.16,-0.8559478649936777,-8.1967,8.05,5.37
20260611,300129.SZ,,9.09,-46.44864588656107,-1.1957,11.04,7.36
20260611,300130.SZ,,21.45,-6.209651738412992,-4.4543,26.94,17.96
20260611,300131.SZ,,16.53,2.1621409511850573,6.6452,18.6,12.4
20260611,300132.SZ,,6.38,93.411420204978,-0.9317,7.73,5.15
20260611,300133.SZ,,7.04,-2.4919471877101698,-3.8251,8.78,5.86
20260611,300134.SZ,,9.66,-3.5925471382349663,-3.6889,12.04,8.02
20260611,300135.SZ,,3.32,2.549727363489747,0.3021,3.97,2.65
20260611,300136.SZ,,99.28,24.83117402831274,2.9982,115.67,77.11
20260611,300137.SZ,,16.6,-5.167636895682222,-4.2123,20.8,13.86
20260611,300138.SZ,,9.6,-72.23476297968396,-1.1329,11.65,7.77
20260611,300139.SZ,,40.05,16.388411490301987,1.4438,47.38,31.58
20260611,300140.SZ,,5.34,-5.244034174604733,-2.0183,6.54,4.36
20260611,300141.SZ,,10.21,31.99623942337825,-0.6809,12.34,8.22
20260611,300142.SZ,,11.15,-5.041142960484673,-3.2118,13.82,9.22
20260611,300143.SZ,,6.83,-2.8522508978535037,-3.3946,8.48,5.66
20260611,300144.SZ,,6.42,-3.7167834192091704,-2.7273,7.92,5.28
20260611,300145.SZ,,5.4,-8.446738620366027,-1.6393,6.59,4.39
20260611,300146.SZ,,9.63,7.337142857142858,0.3125,11.52,7.68
20260611,300147.SZ,,9.35,-6.674757281553399,-2.4008,11.5,7.66
20260611,300148.SZ,,3.33,-1.0059511222547806,-4.3103,4.18,2.78
20260611,300149.SZ,,7.68,-7.378939277478863,-2.0408,9.41,6.27
20260611,300150.SZ,,4.03,-2.432106216053108,-2.657,4.97,3.31
20260611,300151.SZ,,21.54,34.19047619047619,-0.37,25.94,17.3
20260611,300152.SZ,,1.74,-0.745724938927699,-3.3333,2.16,1.44
20260611,300153.SZ,,22.82,-14.231368880573745,-2.6035,28.12,18.74
20260611,300154.SZ,,8.91,80.9264305177112,-0.8899,10.79,7.19
20260611,300155.SZ,,4.31,-2.895143413716665,-2.4887,5.3,3.54
20260611,300157.SZ,,4.21,1.7213181781012346,1.4458,4.98,3.32
20260611,300158.SZ,,5.03,-3.310517309464262,-2.5194,6.19,4.13
20260611,300159.SZ,,4.14,0.6261153625117207,5.6122,4.7,3.14
20260611,300160.SZ,,4.56,-2.0872430997390947,-3.1847,5.65,3.77
20260611,300161.SZ,,30.31,-13.815579561511463,-3.1939,37.57,25.05
20260611,300162.SZ,,10.69,-577.8378378378391,-1.0185,12.96,8.64
20260611,300163.SZ,,6.33,-5.439078879532565,-2.1638,7.76,5.18
20260611,300164.SZ,,9.19,2.953939121211147,2.1111,10.8,7.2
20260611,300165.SZ,,5.47,-4.7702101683090605,-2.1467,6.71,4.47
20260611,300166.SZ,,14.65,-2.3778607368933615,-7.161,18.94,12.62
20260611,300167.SZ,,4.58,-15.626066189013994,-1.2931,5.57,3.71
20260611,300168.SZ,,4.73,-1.454936942479237,-4.251,5.93,3.95
20260611,300169.SZ,,5.19,-2.607123122519717,-2.9907,6.42,4.28
20260611,300170.SZ,,16.84,-11.30277199812068,-2.4899,20.72,13.82
20260611,300171.SZ,,10.77,-13.083090379008746,-1.8232,13.16,8.78
20260611,300172.SZ,,4.47,-13.775038520801232,-1.3245,5.44,3.62
20260611,300173.SZ,,3.56,-1.5745941881551595,-3.2609,4.42,2.94
20260611,300174.SZ,,24.9,-64.49106449106446,-1.3861,30.3,20.2
20260611,300175.SZ,,5.18,3.733064283655232,0.3876,6.19,4.13
20260611,300176.SZ,,5.43,20.208410867138067,-0.7313,6.56,4.38
20260611,300177.SZ,,6.7,-5.028519963974783,-2.3324,8.23,5.49
20260611,300179.SZ,,41.6,-221.7484008528785,-1.1876,50.52,33.68
20260611,300180.SZ,,4.38,-1.8950374248258555,-3.3113,5.44,3.62
20260611,300181.SZ,,13.08,-9.945255474452555,-2.3152,16.07,10.71
20260611,300182.SZ,,5.65,-0.5636697394149807,-11.0236,7.62,5.08
20260611,300183.SZ,,10.78,-6.312953853361443,-2.7076,13.3,8.86
20260611,300184.SZ,,14.97,-5.246005046257359,-3.8536,18.68,12.46
20260611,300185.SZ,,2.75,-0.96620054809922,-3.8462,3.43,2.29
20260611,300187.SZ,,5.01,24.0981240981241,-0.7921,6.06,4.04
20260611,300188.SZ,,10.22,-2.4885555663777152,-5.1068,12.92,8.62
20260611,300189.SZ,,4.9,1.5892063697985925,2.0833,5.76,3.84
20260611,300190.SZ,,4.19,-4.796794504865485,-1.8735,5.12,3.42
20260611,300191.SZ,,29.56,11.006851355376824,1.6856,34.88,23.26
20260611,300192.SZ,,16.18,-406.53266331658233,-1.0398,19.62,13.08
20260611,300193.SZ,,7.74,4.690340564780027,0.6502,9.23,6.15
20260611,300194.SZ,,3.53,-3.737822956374418,-1.9444,4.32,2.88
20260611,300195.SZ,,5.49,-67.69420468557341,-1.0811,6.66,4.44
20260611,300196.SZ,,25.93,3.6763454885725624,6.0532,29.34,19.56
20260611,300197.SZ,,2.58,-0.5740349315830459,-5.4945,3.28,2.18
20260611,300198.SZ,,2.39,-2.277926038886771,-2.0492,2.93,1.95
20260611,300199.SZ,,20.74,-22.09909429941396,-1.9385,25.38,16.92
20260611,300200.SZ,,9.51,-14.52795600366636,-1.6546,11.6,7.74
20260611,300201.SZ,,17.29,-13.134305682163477,-2.3164,21.24,14.16
20260611,300203.SZ,,13.0,2.557393818975862,4.0833,14.99,9.99
20260611,300204.SZ,,20.38,-3.505934973335627,-6.813,26.24,17.5
20260611,300205.SZ,,5.49,-1.7218127646228634,-4.1885,6.88,4.58
20260611,300206.SZ,,13.28,2.6593507819853013,3.9937,15.32,10.22
20260611,300207.SZ,,19.13,-14.734653007779405,-2.2983,23.5,15.66
20260611,300209.SZ,,27.11,1.935681951247376,13.0054,28.79,19.19
20260611,300210.SZ,,9.55,-7.065177184286454,-2.3517,11.74,7.82
20260611,300211.SZ,,7.55,2.1933009906167387,2.4423,8.84,5.9
20260611,300212.SZ,,9.34,-1.199111579001425,-8.7891,12.29,8.19
20260611,300213.SZ,,6.67,-3.7690003955472684,-2.7697,8.23,5.49
20260611,300214.SZ,,7.28,-4.3493846337674755,-2.6738,8.98,5.98
20260611,300215.SZ,,6.77,7.941348973607037,-0.1475,8.14,5.42
20260611,300217.SZ,,4.62,-0.9416464545584249,-5.9063,5.89,3.93
20260611,300218.SZ,,12.57,43.47976478727084,-0.7109,15.19,10.13
20260611,300219.SZ,,8.43,-3.172631816642204,-3.6571,10.5,7.0
20260611,300220.SZ,,11.44,-54.736842105263136,-1.209,13.9,9.26
20260611,300221.SZ,,16.12,-4.136727571340588,-4.8968,20.34,13.56
20260611,300222.SZ,,12.19,-2.8457372303669812,-5.2836,15.44,10.3
20260611,300223.SZ,,145.49,-109.97807846398064,-2.3229,178.74,119.16
20260611,300224.SZ,,12.28,-6.379552184529066,-2.9249,15.18,10.12
20260611,300225.SZ,,8.38,-1.73043963078448,-5.8427,10.68,7.12
20260611,300226.SZ,,20.09,-15.62208398133748,-2.286,24.67,16.45
20260611,300227.SZ,,9.95,19.9,-0.5,12.0,8.0
20260611,300228.SZ,,7.53,12.483421750663132,-0.3968,9.07,6.05
20260611,300229.SZ,,15.09,-3.3456754539609337,-5.5103,19.16,12.78
20260611,300230.SZ,,4.57,-6.343697945585786,-1.7204,5.58,3.72
20260611,300231.SZ,,8.24,-3.138210762844194,-3.6257,10.26,6.84
20260611,300232.SZ,,5.61,-3.4970701907492834,-2.6042,6.91,4.61
20260611,300233.SZ,,11.97,-160.8870967741935,-1.0744,14.52,9.68
20260611,300234.SZ,,9.84,1.0240079922575005,8.6093,10.87,7.25
20260611,300235.SZ,,14.16,-26.722023023211925,-1.5299,17.26,11.5
20260611,300236.SZ,,102.02,15.009563042518758,5.797,115.72,77.14
20260611,300237.SZ,,2.11,0.47614749289163694,3.4314,2.45,1.63
20260611,300238.SZ,,10.66,-11.438995600386308,-1.9319,13.04,8.7
20260611,300239.SZ,,4.73,4.73,0.0,5.68,3.78
20260611,300240.SZ,,5.42,-2.9024311877476707,-2.8674,6.7,4.46
20260611,300241.SZ,,6.59,-1.0024948277960326,-7.5736,8.56,5.7
20260611,300242.SZ,,4.57,-1.9179921937298026,-3.3827,5.68,3.78
20260611,300243.SZ,,18.73,-39.6066821738211,-1.4729,22.81,15.21
20260611,300244.SZ,,16.77,9.414472576208388,0.7813,19.97,13.31
20260611,300245.SZ,,5.62,-2.031007191644682,-3.7671,7.01,4.67
20260611,300246.SZ,,15.83,-5.598585322723253,-3.8275,19.75,13.17
20260611,300247.SZ,,4.06,-1.5841429630496702,-3.5629,5.05,3.37
20260611,300248.SZ,,8.29,-3.1827081813644567,-3.6047,10.32,6.88
20260611,300249.SZ,,14.36,-7.5285729264968015,-2.9074,17.75,11.83
20260611,300250.SZ,,15.19,-6.94654044907852,-3.1867,18.83,12.55
20260611,300251.SZ,,10.99,-3.3626044120796745,-4.2683,13.78,9.18
20260611,300252.SZ,,16.82,3.784878487848785,3.444,19.51,13.01
20260611,300253.SZ,,6.95,-2.9726261762189905,-3.338,8.63,5.75
20260611,300254.SZ,,9.31,-4.188976377952756,-3.2225,11.54,7.7
20260611,300255.SZ,,34.91,-5.935257914243938,-6.8818,44.99,29.99
20260611,300256.SZ,,2.78,-1.9092095323123408,-2.4561,3.42,2.28
20260611,300257.SZ,,26.24,-19.515097426744013,-2.3446,32.24,21.5
20260611,300258.SZ,,11.56,-4.3349458131773355,-3.6667,14.4,9.6
20260611,300259.SZ,,5.31,-1.6848584845792611,-4.1516,6.65,4.43
20260611,300260.SZ,,72.78,87.11994254249461,-0.1646,87.48,58.32
20260611,300261.SZ,,4.74,-2.536251270801006,-2.8689,5.86,3.9
20260611,300263.SZ,,14.18,0.6763266590989306,19.9662,14.18,9.46
20260611,300264.SZ,,10.97,0.5945219436586133,17.4518,11.21,7.47
20260611,300265.SZ,,21.58,13.43627420459498,0.6061,25.74,17.16
20260611,300266.SZ,,2.0,-2.0815986677768525,-1.9608,2.45,1.63
20260611,300267.SZ,,3.4,1.7987514548725,0.8902,4.04,2.7
20260611,300268.SZ,,11.58,6.82903815533408,0.6957,13.8,9.2
20260611,300269.SZ,,4.85,-7.788662277180022,-1.6227,5.92,3.94
20260611,300270.SZ,,11.76,-6.2215638556766475,-2.8902,14.53,9.69
20260611,300271.SZ,,5.19,-2.0500869015642285,-3.5316,6.46,4.3
20260611,300272.SZ,,5.65,-9.948934671597112,-1.5679,6.89,4.59
20260611,300274.SZ,,146.75,45.44469218382262,2.2292,172.26,114.84
20260611,300275.SZ,,9.1,-5.436730792209344,-2.6738,11.22,7.48
20260611,300276.SZ,,7.72,-4.077967355131794,-2.8931,9.54,6.36
20260611,300277.SZ,,13.2,-9.17303683113273,-2.439,16.24,10.82
20260611,300278.SZ,,4.26,-1.033353547604609,-5.1225,5.39,3.59
20260611,300279.SZ,,6.88,-3.0784375139827285,-3.2349,8.53,5.69
20260611,300281.SZ,,7.11,-8.936651583710407,-1.7956,8.69,5.79
20260611,300283.SZ,,17.16,-1.2105393107826885,-15.1755,24.28,16.18
20260611,300284.SZ,,5.64,-0.9509838636248672,-6.9307,7.27,4.85
20260611,300285.SZ,,62.4,20.27619821283509,2.0775,73.36,48.9
20260611,300286.SZ,,27.2,-16.499848346982105,-2.6485,33.53,22.35
20260611,300287.SZ,,3.49,-1.1182671665224777,-4.1209,4.37,2.91
20260611,300288.SZ,,9.52,-4.227353463587922,-3.252,11.81,7.87
20260611,300289.SZ,,6.62,0.3163301875522638,19.9275,6.62,4.42
20260611,300290.SZ,,9.16,-14.986910994764399,-1.6112,11.17,7.45
20260611,300291.SZ,,5.27,-0.7331459892601764,-8.1882,6.89,4.59
20260611,300292.SZ,,5.7,-0.9476781884383261,-7.0147,7.36,4.9
20260611,300293.SZ,,17.76,16.813405282590175,0.0563,21.3,14.2
20260611,300294.SZ,,16.79,5.827635278192357,1.8811,19.78,13.18
20260611,300295.SZ,,10.6,-5.028701551306988,-3.1079,13.13,8.75
20260611,300296.SZ,,6.5,-1.0358070530492567,-7.2753,8.41,5.61
20260611,300298.SZ,,14.49,32.13572854291417,-0.5491,17.48,11.66
20260611,300299.SZ,,5.14,-0.9876258550457305,-6.2044,6.58,4.38
20260611,300300.SZ,,8.5,-5.200048941637099,-2.6346,10.48,6.98
20260611,300301.SZ,,3.14,-2.1151902997642305,-2.4845,3.86,2.58
20260611,300302.SZ,,45.56,-38.292149941166585,-2.1898,55.9,37.26
20260611,300303.SZ,,9.04,3.3639712722807276,1.6873,10.67,7.11
20260611,300304.SZ,,15.5,-5.124305739222428,-4.0248,19.38,12.92
20260611,300305.SZ,,7.46,-7.682010091648645,-1.9711,9.13,6.09
20260611,300306.SZ,,10.29,45.03282275711159,-0.7715,12.44,8.3
20260611,300307.SZ,,7.75,1.4603629237407905,4.3069,8.92,5.94
20260611,300308.SZ,,1124.0,-1118.1854357341824,-2.0052,1376.4,917.6
20260611,300310.SZ,,4.55,-1.417224731350257,-4.2105,5.7,3.8
20260611,300311.SZ,,4.97,4.136151797603196,0.2016,5.95,3.97
20260611,300313.SZ,,8.48,1.6380459348258611,4.1769,9.77,6.51
20260611,300314.SZ,,9.51,-6.50701334245638,-2.4615,11.7,7.8
20260611,300315.SZ,,4.07,-1.1048373961670017,-4.6838,5.12,3.42
20260611,300316.SZ,,48.23,-44.21120176001467,-2.0909,59.11,39.41
20260611,300317.SZ,,4.87,-4.811777492342653,-2.0121,5.96,3.98
20260611,300318.SZ,,4.59,-59.149484536082554,-1.0776,5.57,3.71
20260611,300319.SZ,,20.81,-4.379393072098994,-5.7518,26.5,17.66
20260611,300320.SZ,,8.08,-6.852103120759838,-2.1792,9.91,6.61
20260611,300321.SZ,,40.98,42.004920049200486,-0.0244,49.19,32.79
20260611,300322.SZ,,27.65,-39.142129105322766,-1.7064,33.76,22.5
20260611,300323.SZ,,15.26,-9.440148468914321,-2.6165,18.8,12.54
20260611,300324.SZ,,3.8,-1.4882700818548544,-3.5533,4.73,3.15
20260611,300326.SZ,,6.09,2.612500536227532,1.3311,7.21,4.81
20260611,300327.SZ,,27.16,7.07328506693057,2.8398,31.69,21.13
20260611,300328.SZ,,18.76,-8.93673780487805,-3.0992,23.23,15.49
20260611,300329.SZ,,12.05,-25.54048325561679,-1.4718,14.68,9.78
20260611,300331.SZ,,64.58,21.25600684615891,2.0382,75.95,50.63
20260611,300332.SZ,,4.6,3.2017818612097164,0.4367,5.5,3.66
20260611,300333.SZ,,9.91,3.030210371819961,2.2704,11.63,7.75
20260611,300334.SZ,,12.86,0.9182238152699335,13.0053,13.66,9.1
20260611,300335.SZ,,5.28,-2.9959146618247847,-2.7624,6.52,4.34
20260611,300337.SZ,,11.79,4.622804265997491,1.5504,13.93,9.29
20260611,300338.SZ,,3.07,-1.9938949145937521,-2.5397,3.78,2.52
20260611,300339.SZ,,39.39,-8.853873991323699,-5.4489,49.99,33.33
20260611,300340.SZ,,9.32,4.044612246669271,1.3043,11.04,7.36
20260611,300341.SZ,,13.91,-5.7890794073580825,-3.4028,17.28,11.52
20260611,300342.SZ,,50.26,13.990646921278254,2.5924,58.79,39.19
20260611,300343.SZ,,6.47,9.352413992483378,-0.3082,7.79,5.19
20260611,300345.SZ,,6.42,0.42140086249335407,14.2349,6.74,4.5
20260611,300346.SZ,,66.71,7.34295369239067,8.0849,74.06,49.38
20260611,300347.SZ,,39.7,11.590564054653745,2.4252,46.51,31.01
20260611,300348.SZ,,9.23,-3.3516104433712193,-3.7539,11.51,7.67
20260611,300349.SZ,,11.06,-6.1037527593819,-2.812,13.66,9.1
20260611,300350.SZ,,4.22,69.18032786885239,-0.939,5.11,3.41
20260611,300351.SZ,,15.9,-13.097199341021417,-2.214,19.51,13.01
20260611,300352.SZ,,2.54,-0.40321940533075107,-7.2993,3.29,2.19
20260611,300353.SZ,,20.51,-6.78173461627484,-4.0243,25.64,17.1
20260611,300354.SZ,,31.08,-15.336787564766839,-3.0265,38.46,25.64
20260611,300355.SZ,,2.88,-2.097749289824459,-2.3729,3.54,2.36
20260611,300357.SZ,,21.85,19.20879120879121,0.1375,26.18,17.46
20260611,300358.SZ,,7.74,-6.735120083536374,-2.1492,9.49,6.33
20260611,300359.SZ,,3.86,-2.5306497082541135,-2.5253,4.75,3.17
20260611,300360.SZ,,12.42,-9.142436510857564,-2.3585,15.26,10.18
20260611,300363.SZ,,13.81,21.605131414267834,-0.3608,16.63,11.09
20260611,300364.SZ,,21.84,-6.233410394725575,-4.5037,27.44,18.3
20260611,300365.SZ,,4.7,-2.483356229525521,-2.8926,5.81,3.87
20260611,300366.SZ,,5.0,-2.38004569687738,-3.1008,6.19,4.13
20260611,300368.SZ,,8.47,-21.33501259445844,-1.397,10.31,6.87
20260611,300369.SZ,,5.76,-1.7355147789930396,-4.3189,7.22,4.82
20260611,300370.SZ,,2.29,-1.1647423833986064,-2.9661,2.83,1.89
20260611,300371.SZ,,10.51,-6.985245247906421,-2.5046,12.94,8.62
20260611,300373.SZ,,100.19,126.69448659585231,-0.2092,120.48,80.32
20260611,300374.SZ,,11.4,-38.1653833277536,-1.2987,13.86,9.24
20260611,300375.SZ,,4.25,-5.014157621519585,-1.8476,5.2,3.46
20260611,300376.SZ,,5.81,-0.9169099660695967,-7.3365,7.52,5.02
20260611,300377.SZ,,12.4,-7.105609993696637,-2.7451,15.3,10.2
20260611,300378.SZ,,34.81,-7.631094352858646,-5.5616,44.23,29.49
20260611,300380.SZ,,28.32,-8.775137111517369,-4.2273,35.48,23.66
20260611,300381.SZ,,5.75,-4.748534148154265,-2.2109,7.06,4.7
20260611,300382.SZ,,14.45,-5.170131310601452,-3.7949,18.02,12.02
20260611,300383.SZ,,12.06,-2.8791749230071386,-5.1887,15.26,10.18
20260611,300384.SZ,,11.73,-5.931132123173383,-2.9777,14.51,9.67
20260611,300385.SZ,,14.29,3.986720232116951,2.5844,16.72,11.14
20260611,300386.SZ,,9.94,-5.713628786572397,-2.7397,12.26,8.18
20260611,300387.SZ,,7.48,5.898588439397524,0.2681,8.95,5.97
20260611,300388.SZ,,6.97,-3.895160388957192,-2.7894,8.6,5.74
20260611,300389.SZ,,12.95,-12.423254029163466,-2.0424,15.86,10.58
20260611,300390.SZ,,94.03,11.274309968585886,7.3402,105.12,70.08
20260611,300393.SZ,,8.17,54.2857142857143,-0.8495,9.89,6.59
20260611,300394.SZ,,412.3,317.9364589759408,0.2968,493.3,328.86
20260611,300395.SZ,,124.0,38.53923853923854,2.2175,145.57,97.05
20260611,300396.SZ,,6.76,-6.569484936831876,-2.029,8.28,5.52
20260611,300397.SZ,,13.02,-8.427729950158586,-2.5449,16.03,10.69
20260611,300398.SZ,,42.89,-13.142734571306,-4.2634,53.76,35.84
20260611,300399.SZ,,17.33,-6.2434701156465024,-3.7757,21.61,14.41
20260611,300400.SZ,,37.44,-19.151874776203385,-2.9549,46.3,30.86
20260611,300401.SZ,,13.2,1.319894408447324,9.0008,14.53,9.69
20260611,300402.SZ,,16.06,7.103051747014594,1.261,19.03,12.69
20260611,300403.SZ,,10.07,-2.9894611845034884,-4.3685,12.64,8.42
20260611,300404.SZ,,8.33,-10.833658473143453,-1.7689,10.18,6.78
20260611,300405.SZ,,5.93,2.7022100706311236,1.1945,7.03,4.69
20260611,300406.SZ,,11.35,-29.09510381953346,-1.3901,13.81,9.21
20260611,300407.SZ,,11.46,-94.16598192276096,-1.1217,13.91,9.27
20260611,300408.SZ,,131.63,182.89565096568015,-0.2803,158.4,105.6
20260611,300409.SZ,,19.71,-14.830699774266364,-2.329,24.22,16.14
20260611,300410.SZ,,10.84,-5.310861790211161,-3.0411,13.42,8.94
20260611,300412.SZ,,4.25,-10.839071665391485,-1.3921,5.17,3.45
20260611,300413.SZ,,15.68,-8.208564548214847,-2.9102,19.38,12.92
20260611,300414.SZ,,11.79,36.16564417177914,-0.674,14.24,9.5
20260611,300415.SZ,,20.58,-102.79720279720283,-1.2002,25.0,16.66
20260611,300416.SZ,,16.62,4.182184197282335,2.974,19.37,12.91
20260611,300417.SZ,,11.4,-7.698541329011346,-2.4808,14.03,9.35
20260611,300418.SZ,,36.94,-16.250934846685144,-3.2731,45.83,30.55
20260611,300419.SZ,,6.89,3.980358174465627,0.731,8.21,5.47
20260611,300420.SZ,,5.81,-4.294478527607362,-2.3529,7.14,4.76
20260611,300421.SZ,,20.42,21.46987698454421,-0.0489,24.52,16.34
20260611,300422.SZ,,4.91,-6.1375,-1.8,6.0,4.0
20260611,300423.SZ,,5.82,-6.80701754385965,-1.855,7.12,4.74
20260611,300424.SZ,,18.49,-17.3500985267899,-2.0657,22.66,15.1
20260611,300425.SZ,,4.1,5.418263512620588,-0.2433,4.93,3.29
20260611,300426.SZ,,5.48,-1.2131408837332862,-5.5172,6.96,4.64
20260611,300427.SZ,,6.82,-5.277412365549795,-2.2923,8.38,5.58
20260611,300428.SZ,,18.28,-19.628476323418877,-1.9313,22.37,14.91
20260611,300429.SZ,,15.13,6.864791288566244,1.204,17.94,11.96
20260611,300430.SZ,,4.7,-1.353881607374334,-4.4715,5.9,3.94
20260611,300432.SZ,,21.95,-26.33157389635317,-1.8336,26.83,17.89
20260611,300433.SZ,,42.68,18.133922501699523,1.3536,50.53,33.69
20260611,300434.SZ,,8.91,-13.59060402684564,-1.6556,10.87,7.25
20260611,300435.SZ,,18.69,5.665524871927006,2.2989,21.92,14.62
20260611,300436.SZ,,85.65,52.78239970419671,0.6227,102.14,68.1
20260611,300437.SZ,,12.49,1.7114512393976349,6.2979,14.1,9.4
20260611,300438.SZ,,69.89,-61.18357699378446,-2.1423,85.7,57.14
20260611,300439.SZ,,8.51,-21.792573623559534,-1.3905,10.36,6.9
20260611,300440.SZ,,19.28,3.9513864693706062,3.8793,22.27,14.85
20260611,300441.SZ,,5.92,-11.899497487437184,-1.4975,7.21,4.81
20260611,300442.SZ,,74.02,-26.964409311136205,-3.7451,92.28,61.52
20260611,300443.SZ,,21.78,-17.505224240475805,-2.2442,26.74,17.82
20260611,300444.SZ,,12.46,10.733976567884218,0.1608,14.93,9.95
20260611,300445.SZ,,22.78,-534.7417840375591,-1.0426,27.62,18.42
20260611,300446.SZ,,15.51,-23.90935717589024,-1.6487,18.92,12.62
20260611,300447.SZ,,15.44,8.06266318537859,0.915,18.36,12.24
20260611,300448.SZ,,6.8,-2.99335299555399,-3.2717,8.44,5.62
20260611,300449.SZ,,7.89,-2.062691171472641,-4.8251,9.95,6.63
20260611,300450.SZ,,41.77,-29.69783149662283,-2.4065,51.36,34.24
20260611,300451.SZ,,3.53,-1.5430344887878653,-3.2877,4.38,2.92
20260611,300452.SZ,,11.92,-24.446267432321573,-1.4876,14.52,9.68
20260611,300453.SZ,,9.19,3.608166470357283,1.547,10.86,7.24
20260611,300454.SZ,,98.0,-58.62646566164153,-2.6716,120.83,80.55
20260611,300455.SZ,,22.1,12.779737466026718,0.7293,26.33,17.55
20260611,300456.SZ,,39.95,33.98553806890685,0.1755,47.86,31.9
20260611,300457.SZ,,22.86,-21.63543441226576,-2.0566,28.01,18.67
20260611,300458.SZ,,30.4,-21.12578179291174,-2.439,37.39,24.93
20260611,300459.SZ,,3.63,-0.7699976666737374,-5.7143,4.62,3.08
20260611,300460.SZ,,8.35,-2.8669527896995706,-3.9125,10.43,6.95
20260611,300461.SZ,,42.97,-21.460320631274033,-3.0023,53.16,35.44
20260611,300462.SZ,,10.83,-23.75520947576223,-1.4559,13.19,8.79
20260611,300463.SZ,,8.55,-8.051605612581222,-2.0619,10.48,6.98
20260611,300464.SZ,,7.57,-1.8294746000290008,-5.1378,9.58,6.38
20260611,300465.SZ,,15.96,-13.234928269342399,-2.2059,19.58,13.06
20260611,300466.SZ,,7.62,-5.318257956448912,-2.4328,9.37,6.25
20260611,300467.SZ,,32.46,-23.591830801657096,-2.3759,39.9,26.6
20260611,300468.SZ,,22.11,-30.15137051684167,-1.7333,27.0,18.0
20260611,300469.SZ,,53.44,17.338827422861034,2.0821,62.82,41.88
20260611,300470.SZ,,30.73,15.219652320340748,1.0191,36.5,24.34
20260611,300471.SZ,,9.01,-21.335543452521907,-1.4223,10.97,7.31
20260611,300472.SZ,,8.02,-5.16885795308069,-2.5516,9.88,6.58
20260611,300473.SZ,,30.77,-13.931902562709407,-3.2086,38.15,25.43
20260611,300474.SZ,,51.6,-24.168618266978925,-3.135,63.92,42.62
20260611,300475.SZ,,182.16,56.43122676579925,2.228,213.83,142.55
20260611,300476.SZ,,325.48,-727.6548177956629,-1.4473,396.31,264.21
20260611,300477.SZ,,2.41,-0.4959460015639791,-5.8594,3.07,2.05
20260611,300478.SZ,,38.62,-15.919864792448163,-3.4259,47.99,31.99
20260611,300479.SZ,,13.9,-10.538286580742987,-2.319,17.08,11.38
20260611,300480.SZ,,34.54,10.728040750403776,2.2196,40.55,27.03
20260611,300481.SZ,,17.03,0.8104082496990117,20.0141,17.03,11.35
20260611,300482.SZ,,18.95,32.69496204278813,-0.4204,22.84,15.22
20260611,300483.SZ,,18.63,6.391738429340927,1.9147,21.94,14.62
20260611,300484.SZ,,14.01,-7.332775044488642,-2.9106,17.32,11.54
20260611,300485.SZ,,8.38,-13.02860696517413,-1.6432,10.22,6.82
20260611,300486.SZ,,24.22,-7.004858861638129,-4.4576,30.42,20.28
20260611,300487.SZ,,52.45,14.562567676375046,2.6017,61.34,40.9
20260611,300488.SZ,,38.52,8.07276385279571,3.7716,44.54,29.7
20260611,300489.SZ,,176.0,10.082493125572869,16.456,181.36,120.9
20260611,300490.SZ,,13.67,49.926953981008026,-0.7262,16.52,11.02
20260611,300491.SZ,,29.06,21.60112985951089,0.3453,34.75,23.17
20260611,300492.SZ,,35.98,-19.60228820484881,-2.8355,44.44,29.62
20260611,300493.SZ,,13.32,-19.099512474906795,-1.6974,16.26,10.84
20260611,300494.SZ,,9.28,13.691354381823547,-0.3222,11.17,7.45
20260611,300496.SZ,,59.39,-15.594065905212025,-4.8085,74.87,49.91
20260611,300497.SZ,,15.25,-12.913879244643917,-2.1809,18.71,12.47
20260611,300498.SZ,,12.86,10.423083157724104,0.2338,15.4,10.26
20260611,300499.SZ,,34.4,-193.47581552305965,-1.1778,41.77,27.85
20260611,300500.SZ,,10.06,-9.62863705972435,-2.0448,12.32,8.22
20260611,300501.SZ,,13.01,15.369167158889544,-0.1535,15.64,10.42
20260611,300502.SZ,,526.0,-148.19823627194097,-4.5493,661.28,440.86
20260611,300503.SZ,,79.81,39.406507677874885,1.0253,94.8,63.2
20260611,300504.SZ,,17.43,-57.638888888888886,-1.3024,21.19,14.13
20260611,300505.SZ,,22.57,1.075304677599169,19.9894,22.57,15.05
20260611,300506.SZ,,4.27,-6.966878773046173,-1.6129,5.21,3.47
20260611,300507.SZ,,7.09,3.825195575937416,0.8535,8.44,5.62
20260611,300508.SZ,,47.05,51.41514588569555,-0.0849,56.51,37.67
20260611,300509.SZ,,9.08,-46.09137055837562,-1.197,11.03,7.35
20260611,300510.SZ,,3.38,-4.541789841440473,-1.7442,4.13,2.75
20260611,300511.SZ,,5.6,-93.17803660565717,-1.0601,6.79,4.53
20260611,300512.SZ,,7.39,-22.053118472097882,-1.3351,8.99,5.99
20260611,300513.SZ,,7.41,-2.805649161334293,-3.6411,9.23,6.15
20260611,300514.SZ,,10.09,-5.624930315531274,-2.7938,12.46,8.3
20260611,300515.SZ,,14.51,-23.13825546164886,-1.6271,17.7,11.8
20260611,300516.SZ,,35.9,-6.3198662089604785,-6.6805,46.16,30.78
20260611,300517.SZ,,10.28,-4.483991974177789,-3.2926,12.76,8.5
20260611,300518.SZ,,26.23,-4.334319282185171,-7.0517,33.86,22.58
20260611,300519.SZ,,12.9,-24.49212075185115,-1.5267,15.72,10.48
20260611,300520.SZ,,28.0,-13.677885789653656,-3.0471,34.66,23.1
20260611,300521.SZ,,27.3,9.526468227658164,1.8657,32.16,21.44
20260611,300522.SZ,,12.05,-3.501990758231858,-4.4409,15.13,10.09
20260611,300523.SZ,,19.24,-6.044042345993152,-4.1833,24.1,16.06
20260611,300525.SZ,,9.11,-1.9014422575191499,-5.7911,11.6,7.74
20260611,300527.SZ,,7.16,-2.8594249201277955,-3.504,8.9,5.94
20260611,300528.SZ,,13.7,-2.9072851898223795,-5.7123,17.44,11.62
20260611,300529.SZ,,16.5,-83.50202429149797,-1.1976,20.04,13.36
20260611,300530.SZ,,17.4,-6.68947752873784,-3.6011,21.66,14.44
20260611,300531.SZ,,15.01,1416.0377358490493,-0.9894,18.19,12.13
20260611,300532.SZ,,6.58,-4.789285974233933,-2.3739,8.09,5.39
20260611,300533.SZ,,14.81,-3.5903900700623046,-5.1249,18.73,12.49
20260611,300534.SZ,,7.46,-12.793688904133083,-1.5831,9.1,6.06
20260611,300535.SZ,,15.06,37.10273466371027,-0.5941,18.18,12.12
20260611,300536.SZ,,9.34,-2.2884865116507,-5.0813,11.81,7.87
20260611,300537.SZ,,27.89,6.491632334799711,3.2963,32.4,21.6
20260611,300538.SZ,,17.23,-7.121894762947961,-3.4193,21.41,14.27
20260611,300539.SZ,,22.19,207.96626054358012,-0.8933,26.87,17.91
20260611,300540.SZ,,29.28,3.074080295649252,8.5248,32.38,21.58
20260611,300541.SZ,,9.97,-3.8668890354109298,-3.5783,12.41,8.27
20260611,300542.SZ,,11.85,-6.623071763916833,-2.7892,14.63,9.75
20260611,300543.SZ,,8.05,-6.781231572740292,-2.1871,9.88,6.58
20260611,300545.SZ,,34.6,-12.93554658292209,-3.6748,43.1,28.74
20260611,300546.SZ,,15.95,-11.501297952119987,-2.3868,19.61,13.07
20260611,300547.SZ,,32.07,-42.971995176202604,-1.7463,39.17,26.11
20260611,300548.SZ,,225.0,-274.52415812591505,-1.8196,275.0,183.34
20260611,300549.SZ,,14.6,-14.40694691138741,-2.0134,17.88,11.92
20260611,300550.SZ,,14.2,-4.966424174594292,-3.8592,17.72,11.82
20260611,300551.SZ,,10.13,-8.999644633972993,-2.1256,12.42,8.28
20260611,300552.SZ,,26.75,-6.908574380165289,-4.872,33.74,22.5
20260611,300553.SZ,,62.76,-51.11581690829126,-2.2278,77.03,51.35
20260611,300554.SZ,,29.18,102.20665499124344,-0.7145,35.27,23.51
20260611,300555.SZ,,11.71,-5.267419369349107,-3.2231,14.52,9.68
20260611,300556.SZ,,20.91,-3.09154887929505,-7.7636,27.2,18.14
20260611,300557.SZ,,32.35,5.362619146290925,5.0325,36.96,24.64
20260611,300558.SZ,,52.8,9.911398107823997,4.3272,60.73,40.49
20260611,300559.SZ,,10.56,-5.702251741454722,-2.8519,13.04,8.7
20260611,300560.SZ,,17.22,3.6853932584269664,3.6725,19.93,13.29
20260611,300561.SZ,,12.55,-5.257205093833781,-3.3872,15.59,10.39
20260611,300562.SZ,,11.49,-25.087336244541486,-1.458,13.99,9.33
20260611,300563.SZ,,26.44,-13.907006101409639,-2.9012,32.68,21.78
20260611,300564.SZ,,12.19,-5.59919158513619,-3.1771,15.11,10.07
20260611,300565.SZ,,11.83,-10.282485875706215,-2.1505,14.51,9.67
20260611,300566.SZ,,29.0,3.1490932783146923,8.209,32.16,21.44
20260611,300567.SZ,,192.9,60.7176581680831,2.177,226.55,151.03
20260611,300568.SZ,,17.44,4.626485568760612,2.7696,20.36,13.58
20260611,300569.SZ,,4.83,-11.269248716752214,-1.4286,5.88,3.92
20260611,300570.SZ,,177.58,32.5309591851689,4.4588,204.0,136.0
20260611,300571.SZ,,39.83,-15.421845355635574,-3.5827,49.57,33.05
20260611,300572.SZ,,27.21,5.026880230560328,4.4129,31.27,20.85
20260611,300573.SZ,,36.3,16.723486593568595,1.1706,43.06,28.7
20260611,300575.SZ,,5.62,19.16126832594613,-0.7067,6.79,4.53
20260611,300576.SZ,,45.2,9.829505915100906,3.5984,52.36,34.9
20260611,300577.SZ,,15.61,19.314526107399157,-0.1918,18.77,12.51
20260611,300578.SZ,,19.5,39.8121682319314,-0.5102,23.52,15.68
20260611,300579.SZ,,20.86,-9.87736161750083,-3.1119,25.84,17.22
20260611,300580.SZ,,23.62,-14.419144130394969,-2.6381,29.11,19.41
20260611,300581.SZ,,10.97,13.41075794621027,-0.182,13.19,8.79
20260611,300582.SZ,,13.8,-6.603186755347146,-3.0899,17.09,11.39
20260611,300583.SZ,,12.04,-15.15418502202643,-1.7945,14.71,9.81
20260611,300584.SZ,,30.27,-65.1247848537005,-1.4648,36.86,24.58
20260611,300585.SZ,,17.93,16.128451920482146,0.1117,21.49,14.33
20260611,300586.SZ,,12.31,-60.37273173124082,-1.2039,14.95,9.97
20260611,300587.SZ,,4.61,-5.038802054869385,-1.9149,5.64,3.76
20260611,300588.SZ,,18.17,13.6483136783595,0.3313,21.73,14.49
20260611,300589.SZ,,12.61,18.44106463878327,-0.3162,15.18,10.12
20260611,300590.SZ,,14.36,-424.8520710059165,-1.0338,17.41,11.61
20260611,300591.SZ,,7.04,-26.839496759435765,-1.2623,8.56,5.7
20260611,300592.SZ,,13.08,1.7012642422350555,6.6884,14.71,9.81
20260611,300593.SZ,,34.88,-26.338442950992977,-2.3243,42.85,28.57
20260611,300594.SZ,,15.69,3.197277525319422,3.9073,18.12,12.08
20260611,300595.SZ,,10.97,-31.44167383204357,-1.3489,13.34,8.9
20260611,300596.SZ,,37.83,-23.63784053986503,-2.6004,46.61,31.07
20260611,300597.SZ,,7.91,-6.457142857142856,-2.225,9.71,6.47
20260611,300598.SZ,,30.88,-8.045437965713095,-4.8382,38.94,25.96
20260611,300599.SZ,,12.96,-8.326908249807248,-2.5564,15.96,10.64
20260611,300600.SZ,,10.27,-19.232209737827713,-1.534,12.52,8.34
20260611,300601.SZ,,11.5,-9.49706829630853,-2.2109,14.11,9.41
20260611,300602.SZ,,41.63,14.432310625758364,1.8845,49.03,32.69
20260611,300603.SZ,,8.44,-2.077845343312243,-5.0619,10.67,7.11
20260611,300604.SZ,,232.84,63.09514131642414,2.6903,272.09,181.39
20260611,300605.SZ,,10.17,-6.4115496154331115,-2.5862,12.53,8.35
20260611,300606.SZ,,38.89,-62.827140549273025,-1.619,47.44,31.62
20260611,300607.SZ,,33.41,-8.071803048971997,-5.1391,42.26,28.18
20260611,300608.SZ,,11.42,-2.752138811905049,-5.1495,14.45,9.63
20260611,300609.SZ,,31.62,-9.263219569356965,-4.4135,39.7,26.46
20260611,300610.SZ,,10.56,42.56348246674728,-0.7519,12.77,8.51
20260611,300611.SZ,,26.5,-26.579739217652957,-1.997,32.45,21.63
20260611,300612.SZ,,12.03,-4.240544256054143,-3.8369,15.01,10.01
20260611,300613.SZ,,57.81,95.75948318701342,-0.3963,69.65,46.43
20260611,300614.SZ,,10.99,-5.492528362236993,-3.0009,13.6,9.06
20260611,300615.SZ,,11.08,8.133303971225134,0.3623,13.25,8.83
20260611,300616.SZ,,13.36,-1.4219270517364326,-10.3957,17.89,11.93
20260611,300617.SZ,,53.6,-24.20738867310993,-3.2142,66.46,44.3
20260611,300618.SZ,,34.9,18.405231515662905,0.8962,41.51,27.67
20260611,300619.SZ,,37.71,15712.500000000276,-0.9976,45.71,30.47
20260611,300620.SZ,,293.45,86.56086841096133,2.3901,343.92,229.28
20260611,300621.SZ,,7.05,-6.507892550540017,-2.0833,8.64,5.76
20260611,300622.SZ,,15.0,-26.096033402922757,-1.5748,18.29,12.19
20260611,300623.SZ,,32.33,7.898658718330849,3.0931,37.63,25.09
20260611,300624.SZ,,51.74,-14.994493711238627,-4.4506,64.98,43.32
20260611,300625.SZ,,10.0,-17.397355601948504,-1.5748,12.19,8.13
20260611,300626.SZ,,36.38,-49.917672886937446,-1.7288,44.42,29.62
20260611,300627.SZ,,30.15,-19.81206466027073,-2.5218,37.12,24.74
20260611,300628.SZ,,34.5,657.1428571428572,-0.9475,41.8,27.86
20260611,300629.SZ,,20.18,-21.386180584993642,-1.9436,24.7,16.46
20260611,300631.SZ,,24.14,41.08936170212766,-0.4125,29.09,19.39
20260611,300632.SZ,,26.72,14.599497322696973,0.8302,31.8,21.2
20260611,300633.SZ,,19.03,-34.47463768115942,-1.552,23.2,15.46
20260611,300634.SZ,,20.94,-2.712997512437811,-8.7184,27.53,18.35
20260611,300635.SZ,,13.04,-8.079806679472085,-2.6139,16.07,10.71
20260611,300636.SZ,,6.68,-180.54054054054092,-1.037,8.1,5.4
20260611,300637.SZ,,10.32,44.71403812824957,-0.7692,12.48,8.32
20260611,300638.SZ,,19.4,-4.491052619394865,-5.3197,24.59,16.39
20260611,300639.SZ,,5.16,-5.7263344800799025,-1.9011,6.31,4.21
20260611,300640.SZ,,5.96,-6.120981821916401,-1.9737,7.3,4.86
20260611,300641.SZ,,16.88,2.7645392161679685,5.1059,19.27,12.85
20260611,300642.SZ,,12.65,-31.389578163771713,-1.403,15.4,10.26
20260611,300643.SZ,,17.11,28.877637130801684,-0.4075,20.62,13.74
20260611,300644.SZ,,24.66,-44.28084036631353,-1.5569,30.06,20.04
20260611,300645.SZ,,13.04,-8.079806679472085,-2.6139,16.07,10.71
20260611,300647.SZ,,5.98,-38.08917197452229,-1.157,7.26,4.84
20260611,300648.SZ,,45.75,41.23850730124392,0.1094,54.84,36.56
20260611,300649.SZ,,25.95,-24.128312412831242,-2.0755,31.8,21.2
20260611,300650.SZ,,12.24,-13.259668508287293,-1.9231,14.98,9.98
20260611,300651.SZ,,21.21,-2.4579050444416115,-9.6293,28.16,18.78
20260611,300652.SZ,,37.93,-10.458831963822865,-4.6266,47.72,31.82
20260611,300653.SZ,,14.63,45.56213017751479,-0.6789,17.68,11.78
20260611,300654.SZ,,9.2,-2.3831727282146926,-4.8604,11.6,7.74
20260611,300655.SZ,,16.04,2.406493331132882,5.6653,18.22,12.14
20260611,300656.SZ,,36.92,-23.2816244166982,-2.5858,45.48,30.32
20260611,300657.SZ,,44.01,17.610339722300026,1.4991,52.03,34.69
20260611,300658.SZ,,12.01,7.571077349807728,0.5863,14.33,9.55
20260611,300659.SZ,,10.29,-14.307563959955504,-1.7192,12.56,8.38
20260611,300660.SZ,,29.72,-4.852244897959183,-7.125,38.4,25.6
20260611,300661.SZ,,105.22,210.94627105052123,-0.5012,126.9,84.6
20260611,300662.SZ,,18.64,-10.56270187567292,-2.7647,23.0,15.34
20260611,300663.SZ,,7.03,-2.2730212105535434,-4.0928,8.8,5.86
20260611,300664.SZ,,4.71,-7.028801671392331,-1.6701,5.75,3.83
20260611,300665.SZ,,11.81,1.536819914895832,6.6847,13.28,8.86
20260611,300666.SZ,,292.4,13.924870466321241,19.9984,292.4,194.94
20260611,300667.SZ,,19.57,7.65409887359199,1.5568,23.12,15.42
20260611,300668.SZ,,56.95,28.573578847022226,0.9931,67.67,45.11
20260611,300669.SZ,,28.15,37.438489160792656,-0.2481,33.86,22.58
20260611,300670.SZ,,6.13,-21.269951422623176,-1.2882,7.45,4.97
20260611,300671.SZ,,49.13,-90.46216166451852,-1.5431,59.88,39.92
20260611,300672.SZ,,269.2,-290.3364969801553,-1.9272,329.39,219.59
20260611,300673.SZ,,13.32,3.8480427560306225,2.4615,15.6,10.4
20260611,300674.SZ,,15.65,-3.235944833860596,-5.8363,19.94,13.3
20260611,300675.SZ,,13.26,-11.629538677425012,-2.1402,16.26,10.84
20260611,300676.SZ,,32.88,-21.22796823552198,-2.5489,40.49,26.99
20260611,300677.SZ,,46.25,-103.0066815144766,-1.449,56.32,37.54
20260611,300678.SZ,,22.35,-6.122952167004549,-4.6502,28.13,18.75
20260611,300679.SZ,,54.34,-14.361983296331537,-4.7836,68.48,45.66
20260611,300680.SZ,,31.51,-17.438707178039735,-2.8069,38.9,25.94
20260611,300681.SZ,,30.33,-11.431909841317704,-3.6531,37.78,25.18
20260611,300682.SZ,,11.04,-3.312530004800768,-4.3328,13.85,9.23
20260611,300683.SZ,,24.29,-71.35722679200939,-1.3404,29.54,19.7
20260611,300684.SZ,,53.91,17.821487603305783,2.025,63.41,42.27
20260611,300685.SZ,,16.51,-8.040323366124477,-3.0534,20.44,13.62
20260611,300686.SZ,,16.08,-8.46939850416096,-2.8986,19.87,13.25
20260611,300687.SZ,,22.98,-7.248982681934325,-4.1701,28.78,19.18
20260611,300688.SZ,,25.46,-13.955272966454727,-2.8244,31.44,20.96
20260611,300689.SZ,,52.75,8.890349546634308,4.9334,60.32,40.22
20260611,300690.SZ,,23.4,64.44505645827596,-0.6369,28.26,18.84
20260611,300691.SZ,,17.18,3.4393017296604738,3.9952,19.82,13.22
20260611,300692.SZ,,7.85,-892.0454545454627,-1.0088,9.52,6.34
20260611,300693.SZ,,42.62,-17.28655445142973,-3.4655,52.98,35.32
20260611,300694.SZ,,9.92,-10.160811226057564,-1.9763,12.14,8.1
20260611,300695.SZ,,57.16,-27.843538409079834,-3.0529,70.75,47.17
20260611,300696.SZ,,31.85,5.391177764988659,4.9078,36.43,24.29
20260611,300697.SZ,,15.11,-85.2708803611738,-1.1772,18.35,12.23
20260611,300698.SZ,,30.96,-11.855255600229754,-3.6115,38.54,25.7
20260611,300699.SZ,,27.29,-140.09240246406566,-1.1948,33.14,22.1
20260611,300700.SZ,,22.85,8.082487354532915,1.8271,26.93,17.95
20260611,300701.SZ,,9.95,1989.9999999999982,-0.995,12.06,8.04
20260611,300702.SZ,,19.15,-21.384701284198773,-1.8955,23.42,15.62
20260611,300703.SZ,,15.0,-4.666210414981647,-4.2146,18.79,12.53
20260611,300705.SZ,,10.52,-6.251857134367385,-2.6827,12.97,8.65
20260611,300706.SZ,,67.88,3.233474174601889,19.9929,67.88,45.26
20260611,300707.SZ,,12.04,-11.641848771997681,-2.0342,14.75,9.83
20260611,300708.SZ,,8.07,-1.4998606077502092,-6.3805,10.34,6.9
20260611,300709.SZ,,47.23,-29.179537872235265,-2.6186,58.2,38.8
20260611,300710.SZ,,38.9,-8.085469019558937,-5.8111,49.56,33.04
20260611,300711.SZ,,17.65,-14.513609078200805,-2.2161,21.66,14.44
20260611,300712.SZ,,20.25,-49.16241806263657,-1.4119,24.65,16.43
20260611,300713.SZ,,13.52,-7.495703276598103,-2.8037,16.69,11.13
20260611,300715.SZ,,22.2,-9.6099735942167,-3.3101,27.55,18.37
20260611,300716.SZ,,19.32,3.710318603445296,4.2071,22.25,14.83
20260611,300717.SZ,,17.3,-24.55642299503194,-1.7045,21.12,14.08
20260611,300718.SZ,,66.01,-10.950200723267312,-7.0282,85.2,56.8
20260611,300719.SZ,,12.31,16.263707226846346,-0.2431,14.81,9.87
20260611,300720.SZ,,73.87,9.402285976121988,6.8566,82.96,55.3
20260611,300721.SZ,,32.56,-4.006694231147864,-9.1264,43.0,28.66
20260611,300722.SZ,,23.76,5.953544313312787,2.9909,27.68,18.46
20260611,300723.SZ,,34.12,25.78207646969926,0.3234,40.81,27.21
20260611,300724.SZ,,68.95,-57.52544635407977,-2.1986,84.6,56.4
20260611,300725.SZ,,31.25,-24.958070441658016,-2.2521,38.36,25.58
20260611,300726.SZ,,65.4,96.19061626709812,-0.3201,78.73,52.49
20260611,300727.SZ,,31.56,-56.397426733380975,-1.5596,38.47,25.65
20260611,300729.SZ,,10.29,-14.307563959955504,-1.7192,12.56,8.38
20260611,300730.SZ,,13.72,-4.806951159694486,-3.8542,17.12,11.42
20260611,300731.SZ,,56.74,36.20469627360898,0.5672,67.7,45.14
20260611,300732.SZ,,6.28,117.16417910447765,-0.9464,7.61,5.07
20260611,300733.SZ,,14.22,1.9753566616194593,6.1987,16.07,10.71
20260611,300735.SZ,,18.67,-12.392963823431797,-2.5065,22.98,15.32
20260611,300736.SZ,,27.54,-23.598971722365043,-2.167,33.78,22.52
20260611,300737.SZ,,7.05,1.225064294154445,4.7548,8.08,5.38
20260611,300738.SZ,,18.95,-5.021330718884973,-4.7739,23.88,15.92
20260611,300739.SZ,,26.82,18.99702507437314,0.4118,32.05,21.37
20260611,300740.SZ,,21.53,-4.754123699958046,-5.5287,27.35,18.23
20260611,300741.SZ,,14.1,-16.0427807486631,-1.8789,17.24,11.5
20260611,300743.SZ,,16.09,-70.66315327184891,-1.2277,19.55,13.03
20260611,300745.SZ,,40.43,-15.017457841170788,-3.6922,50.38,33.58
20260611,300746.SZ,,10.54,-8.003037205770688,-2.317,12.95,8.63
20260611,300747.SZ,,48.85,9.808449120552567,3.9804,56.38,37.58
20260611,300748.SZ,,29.24,69.28909952606634,-0.578,35.29,23.53
20260611,300749.SZ,,21.29,-9.558658465406545,-3.2273,26.4,17.6
20260611,300750.SZ,,382.2,-614.8648648648649,-1.6216,466.2,310.8
20260611,300751.SZ,,212.34,36.75928330303817,4.7765,243.19,162.13
20260611,300752.SZ,,13.2,-2.115994998557276,-7.2382,17.08,11.38
20260611,300753.SZ,,20.12,-18.41647597254005,-2.0925,24.66,16.44
20260611,300755.SZ,,15.29,-4.159638718102182,-4.6758,19.25,12.83
20260611,300756.SZ,,30.13,-11.129169283049531,-3.7073,37.55,25.03
20260611,300757.SZ,,620.0,376.6478342749529,0.6461,739.22,492.82
20260611,300758.SZ,,12.52,2.7476024315842604,3.5567,14.51,9.67
20260611,300759.SZ,,21.72,-14.350842418235876,-2.5135,26.74,17.82
20260611,300760.SZ,,146.88,43.77421469869464,2.3554,172.2,114.8
20260611,300761.SZ,,17.86,14.58554512045733,0.2245,21.38,14.26
20260611,300762.SZ,,37.88,15.148970205958811,1.5005,44.78,29.86
20260611,300763.SZ,,92.3,32.34170783839657,1.8539,108.74,72.5
20260611,300765.SZ,,23.97,20.53632625085675,0.1672,28.72,19.14
20260611,300766.SZ,,22.63,-11.082272282076396,-3.042,28.01,18.67
20260611,300767.SZ,,19.18,15.205327413984461,0.2614,22.96,15.3
20260611,300768.SZ,,13.91,-3.4894513709454884,-4.9863,17.57,11.71
20260611,300769.SZ,,61.02,26.78665496049166,1.278,72.3,48.2
20260611,300770.SZ,,33.84,14.602571847760421,1.3174,40.08,26.72
20260611,300771.SZ,,10.98,-7.842857142857143,-2.4,13.5,9.0
20260611,300772.SZ,,12.38,-20.990166158019665,-1.5898,15.1,10.06
20260611,300773.SZ,,21.83,-14.133108895506927,-2.5446,26.88,17.92
20260611,300774.SZ,,12.78,3.1442981916594905,3.0645,14.88,9.92
20260611,300775.SZ,,22.25,9.047657774886142,1.4592,26.32,17.54
20260611,300776.SZ,,146.8,-20.24827586206897,-8.25,192.0,128.0
20260611,300777.SZ,,28.05,-20.0242718446602,-2.4008,34.49,22.99
20260611,300778.SZ,,10.43,-75.90975254730715,-1.1374,12.66,8.44
20260611,300779.SZ,,75.93,-32.511239563262684,-3.3355,94.26,62.84
20260611,300780.SZ,,25.84,-9.006622516556291,-3.869,32.26,21.5
20260611,300781.SZ,,27.72,-12.158961312395824,-3.2798,34.39,22.93
20260611,300782.SZ,,91.85,-50.6200055111601,-2.8145,113.41,75.61
20260611,300783.SZ,,16.75,-6.0016482138378295,-3.7909,20.89,13.93
20260611,300784.SZ,,42.69,-30.97518502394427,-2.3782,52.48,34.98
20260611,300785.SZ,,38.06,-17.074155488762283,-3.2291,47.2,31.46
20260611,300786.SZ,,20.36,2.7199615251021987,6.4854,22.94,15.3
20260611,300787.SZ,,9.03,4.259835833569205,1.1198,10.72,7.14
20260611,300788.SZ,,24.28,-9.87312947299935,-3.4592,30.18,20.12
20260611,300789.SZ,,19.01,-7.175480315555053,-3.6493,23.68,15.78
20260611,300790.SZ,,23.19,2.693317228403522,7.6102,25.86,17.24
20260611,300791.SZ,,16.49,7.201187824795841,1.2899,19.54,13.02
20260611,300792.SZ,,28.83,-11.18048553478632,-3.5786,35.88,23.92
20260611,300793.SZ,,12.03,-7.560806988875621,-2.5911,14.82,9.88
20260611,300795.SZ,,9.17,-5.218529478716139,-2.7572,11.32,7.54
20260611,300796.SZ,,7.12,9.890262536463398,-0.2801,8.57,5.71
20260611,300797.SZ,,13.36,14.440121054907046,-0.0748,16.04,10.7
20260611,300798.SZ,,7.12,-4.857415745667894,-2.4658,8.76,5.84
20260611,300800.SZ,,10.14,-15.626444752658346,-1.6489,12.37,8.25
20260611,300801.SZ,,26.03,9.299749910682387,1.799,30.68,20.46
20260611,300802.SZ,,24.1,-5.90584948660769,-5.0807,30.47,20.31
20260611,300803.SZ,,78.37,-53.52410872831581,-2.4642,96.42,64.28
20260611,300804.SZ,,38.08,-21.662210592183857,-2.7579,46.99,31.33
20260611,300805.SZ,,7.85,-5.287975749410575,-2.4845,9.66,6.44
20260611,300806.SZ,,85.9,13.10609990540417,5.5542,97.66,65.1
20260611,300807.SZ,,40.0,156.49452269170575,-0.7444,48.36,32.24
20260611,300808.SZ,,23.87,5.5085039115685515,3.3333,27.72,18.48
20260611,300809.SZ,,31.05,-9.285842454692267,-4.3438,38.95,25.97
20260611,300810.SZ,,24.51,-144.68713105076742,-1.1694,29.76,19.84
20260611,300811.SZ,,86.06,-55.99947943779282,-2.5368,105.96,70.64
20260611,300812.SZ,,28.57,-21.035193638639374,-2.3582,35.11,23.41
20260611,300813.SZ,,19.59,-35.12011473646468,-1.5578,23.88,15.92
20260611,300814.SZ,,160.9,109.58251038616088,0.4683,192.18,128.12
20260611,300815.SZ,,18.18,-6.843333584280659,-3.6566,22.64,15.1
20260611,300816.SZ,,82.65,-16.271286543951177,-6.0795,105.6,70.4
20260611,300817.SZ,,17.84,-11.785690691682632,-2.5137,21.96,14.64
20260611,300818.SZ,,21.25,-11.868193242111142,-2.7905,26.23,17.49
20260611,300819.SZ,,61.93,59.065331425846445,0.0485,74.28,49.52
20260611,300820.SZ,,67.28,10.697193735591064,5.2895,76.68,51.12
20260611,300821.SZ,,17.87,53.66366366366367,-0.667,21.59,14.39
20260611,300822.SZ,,12.81,-9.943336179461307,-2.2883,15.73,10.49
20260611,300823.SZ,,15.83,-51.19663648124193,-1.3092,19.25,12.83
20260611,300824.SZ,,8.1,9.239192426143491,-0.1233,9.73,6.49
20260611,300825.SZ,,15.07,4.97179241859391,2.0311,17.72,11.82
20260611,300826.SZ,,13.99,-4.227607881058867,-4.3092,17.54,11.7
20260611,300827.SZ,,29.83,-27.922868108209308,-2.0683,36.55,24.37
20260611,300828.SZ,,18.0,-5.44431673824935,-4.3062,22.57,15.05
20260611,300829.SZ,,15.85,-3.405087221792558,-5.6548,20.16,13.44
20260611,300830.SZ,,8.59,-3.3146826162454177,-3.5915,10.69,7.13
20260611,300831.SZ,,18.08,11.618043953219379,0.5562,21.58,14.38
20260611,300832.SZ,,43.75,10.046847012354752,3.3546,50.8,33.86
20260611,300833.SZ,,31.59,-29.33420001857182,-2.0769,38.71,25.81
20260611,300834.SZ,,45.22,-202.59856630824368,-1.2232,54.94,36.62
20260611,300835.SZ,,185.07,-41.75955593663974,-5.4318,234.84,156.56
20260611,300836.SZ,,66.51,-662.450199203187,-1.1004,80.7,53.8
20260611,300837.SZ,,26.08,-190.0874635568513,-1.1372,31.66,21.1
20260611,300838.SZ,,14.6,-26.50208749319296,-1.5509,17.8,11.86
20260611,300839.SZ,,14.51,37.82586027111574,-0.6164,17.52,11.68
20260611,300840.SZ,,20.26,-4.73055010740637,-5.2828,25.67,17.11
20260611,300841.SZ,,45.35,23.714898290017256,0.9123,53.93,35.95
20260611,300842.SZ,,77.0,-458.33333333333354,-1.168,93.49,62.33
20260611,300843.SZ,,89.52,13.158707060016757,5.8031,101.53,67.69
20260611,300844.SZ,,24.75,-7.517540928833946,-4.2923,31.03,20.69
20260611,300845.SZ,,14.53,-92.84345047923317,-1.1565,17.64,11.76
20260611,300846.SZ,,20.92,-6.990343168376382,-3.9927,26.15,17.43
20260611,300847.SZ,,13.8,-8.21526372187165,-2.6798,17.02,11.34
20260611,300848.SZ,,13.87,14.94612068965517,-0.072,16.66,11.1
20260611,300849.SZ,,22.99,6.661837148652564,2.451,26.93,17.95
20260611,300850.SZ,,28.97,-98.30335934849,-1.2947,35.22,23.48
20260611,300851.SZ,,24.33,-20.771792025954067,-2.1713,29.84,19.9
20260611,300852.SZ,,52.76,6.6157569373910645,6.9749,59.18,39.46
20260611,300853.SZ,,35.84,-88.93300248138958,-1.403,43.62,29.08
20260611,300854.SZ,,31.43,-5.375865902676815,-6.8465,40.49,26.99
20260611,300855.SZ,,31.43,28.69009584664537,0.0955,37.68,25.12
20260611,300856.SZ,,12.01,2.070939596158157,4.7993,13.75,9.17
20260611,300857.SZ,,218.44,-311.61198288159767,-1.701,266.66,177.78
20260611,300858.SZ,,15.18,-13.461026868848098,-2.1277,18.61,12.41
20260611,300859.SZ,,29.84,-8.96553796232311,-4.3283,37.43,24.95
20260611,300860.SZ,,26.0,29.388493274556346,-0.1153,31.24,20.82
20260611,300861.SZ,,18.46,14.517143755898081,0.2716,22.09,14.73
20260611,300862.SZ,,21.16,-21.337097912675205,-1.9917,25.91,17.27
20260611,300863.SZ,,65.46,-13.83464367233071,-5.7316,83.33,55.55
20260611,300864.SZ,,21.45,-35.42526837324525,-1.6055,26.16,17.44
20260611,300865.SZ,,24.16,-23.51109381082133,-2.0276,29.59,19.73
20260611,300866.SZ,,111.99,13.59217409245931,7.2393,125.32,83.54
20260611,300867.SZ,,18.95,-5.928915587259871,-4.1962,23.74,15.82
20260611,300868.SZ,,109.5,-56.6154800682488,-2.9341,135.37,90.25
20260611,300869.SZ,,10.71,-53.73808329152032,-1.1993,13.01,8.67
20260611,300870.SZ,,258.6,-179.93320345115507,-2.4372,318.07,212.05
20260611,300871.SZ,,21.6,-46.966731898238756,-1.4599,26.3,17.54
20260611,300872.SZ,,17.61,-11.805322786082995,-2.4917,21.67,14.45
20260611,300873.SZ,,22.34,-29.433465085639003,-1.759,27.29,18.19
20260611,300875.SZ,,32.28,16.12951581472043,1.0013,38.35,25.57
20260611,300876.SZ,,16.95,3.045767371655496,4.5651,19.45,12.97
20260611,300877.SZ,,27.03,-21.75802946148273,-2.2423,33.18,22.12
20260611,300878.SZ,,30.1,144.0191387559809,-0.791,36.41,24.27
20260611,300879.SZ,,17.91,-16.620267260579066,-2.0776,21.95,14.63
20260611,300880.SZ,,23.5,8.466332816947077,1.7757,27.71,18.47
20260611,300881.SZ,,39.65,-14.989414789051867,-3.6452,49.38,32.92
20260611,300882.SZ,,15.09,22.532477228609828,-0.3303,18.17,12.11
20260611,300883.SZ,,6.37,3.903425454991115,0.6319,7.6,5.06
20260611,300884.SZ,,10.28,-7.480716052976276,-2.3742,12.64,8.42
20260611,300885.SZ,,24.62,-18.369021860777437,-2.3403,30.25,20.17
20260611,300886.SZ,,22.9,-615.591397849464,-1.0372,27.77,18.51
20260611,300887.SZ,,7.73,-4.373903694901828,-2.7673,9.54,6.36
20260611,300888.SZ,,27.65,-29.09301346801347,-1.9504,33.84,22.56
20260611,300889.SZ,,24.11,-12.958185531548963,-2.8606,29.78,19.86
20260611,300890.SZ,,32.65,90.46827376004433,-0.6391,39.43,26.29
20260611,300891.SZ,,6.59,26.68016194331984,-0.753,7.97,5.31
20260611,300892.SZ,,21.64,123.58652198743573,-0.8249,26.18,17.46
20260611,300893.SZ,,19.89,-3.065470686147586,-7.4884,25.8,17.2
20260611,300894.SZ,,11.38,0.5408179753067646,20.0422,11.38,7.58
20260611,300895.SZ,,52.35,-7.808188530091729,-7.7045,68.06,45.38
20260611,300896.SZ,,92.54,356.06002308580224,-0.7401,111.88,74.58
20260611,300897.SZ,,15.82,-6.236694788299299,-3.5366,19.68,13.12
20260611,300898.SZ,,19.82,99.49799196787147,-0.8008,23.98,15.98
20260611,300899.SZ,,29.99,-20.829281844700652,-2.4398,36.89,24.59
20260611,300900.SZ,,32.54,-506.85358255451683,-1.0642,39.47,26.31
20260611,300901.SZ,,14.51,2.122834737827715,5.8352,16.45,10.97
20260611,300902.SZ,,14.39,6.154833190761335,1.338,17.04,11.36
20260611,300903.SZ,,74.41,5.414629176854116,12.7424,79.2,52.8
20260611,300904.SZ,,44.73,-208.33721471821156,-1.2147,54.34,36.22
20260611,300905.SZ,,57.26,90.23006618342262,-0.3654,68.96,45.98
20260611,300906.SZ,,26.94,-23.567491907969558,-2.1431,33.04,22.02
20260611,300907.SZ,,44.48,-5.336212584727971,-9.3355,58.87,39.25
20260611,300908.SZ,,23.7,609.2544987146522,-0.9611,28.72,19.14
20260611,300909.SZ,,45.0,18.595809744204306,1.4199,53.24,35.5
20260611,300910.SZ,,31.18,-6.495021455651377,-5.8006,39.72,26.48
20260611,300911.SZ,,21.72,-32.17777777777778,-1.675,26.51,17.67
20260611,300912.SZ,,25.33,47.92809839167455,-0.4715,30.54,20.36
20260611,300913.SZ,,52.83,-17.420120684538528,-4.0327,66.06,44.04
20260611,300915.SZ,,21.3,-17.69249937702467,-2.2039,26.14,17.42
20260611,300916.SZ,,23.42,-4.252769202832759,-6.507,30.06,20.04
20260611,300917.SZ,,26.11,-14.003003325109944,-2.8646,32.26,21.5
20260611,300918.SZ,,12.38,-315.8163265306131,-1.0392,15.01,10.01
20260611,300919.SZ,,45.65,77.96754910333048,-0.4145,55.01,36.67
20260611,300920.SZ,,38.46,-7.6043973426130975,-6.0576,49.13,32.75
20260611,300921.SZ,,16.85,-5.439168468962846,-4.0979,21.08,14.06
20260611,300922.SZ,,23.76,-96.23329283110576,-1.2469,28.87,19.25
20260611,300923.SZ,,23.89,44.10190142145098,-0.4583,28.8,19.2
20260611,300925.SZ,,18.68,91.8387413962635,-0.7966,22.6,15.06
20260611,300926.SZ,,18.58,93.31993972877947,-0.8009,22.48,14.98
20260611,300927.SZ,,25.09,3.752280680764514,5.6866,28.49,18.99
20260611,300928.SZ,,29.52,-31.848095803215017,-1.9269,36.12,24.08
20260611,300929.SZ,,11.14,-13.102799341331451,-1.8502,13.62,9.08
20260611,300930.SZ,,33.31,-109.68060586104707,-1.3037,40.5,27.0
20260611,300931.SZ,,14.31,7.465567612687814,0.9168,17.02,11.34
20260611,300932.SZ,,8.38,-4.696782871875351,-2.7842,10.34,6.9
20260611,300933.SZ,,6.49,-5.154884829229548,-2.259,7.97,5.31
20260611,300935.SZ,,31.54,-7.123980755765365,-5.4273,40.02,26.68
20260611,300936.SZ,,114.99,18.529141623293963,5.2059,131.16,87.44
20260611,300937.SZ,,21.24,-22.617399637951227,-1.9391,25.99,17.33
20260611,300938.SZ,,37.88,31.264443710795643,0.2116,45.36,30.24
20260611,300939.SZ,,53.41,-22.091243744054264,-3.4177,66.36,44.24
20260611,300940.SZ,,15.85,253.6,-0.9375,19.2,12.8
20260611,300941.SZ,,14.72,-8.945609237313885,-2.6455,18.14,12.1
20260611,300942.SZ,,6.19,11.956731697894533,-0.4823,7.46,4.98
20260611,300943.SZ,,32.18,-7.440290397909875,-5.3251,40.79,27.19
20260611,300945.SZ,,11.53,-57.73660490736104,-1.1997,14.0,9.34
20260611,300946.SZ,,45.87,84.27337865147896,-0.4557,55.3,36.86
20260611,300947.SZ,,14.27,-6.151392361410466,-3.3198,17.71,11.81
20260611,300948.SZ,,24.94,-1.7781770476842345,-15.0256,35.22,23.48
20260611,300949.SZ,,22.39,-11.020870250049223,-3.0316,27.71,18.47
20260611,300950.SZ,,17.0,-15.83310049362019,-2.0737,20.83,13.89
20260611,300951.SZ,,43.7,29.46928316137299,0.4829,52.19,34.79
20260611,300952.SZ,,19.93,-8.168367556047379,-3.4399,24.77,16.51
20260611,300953.SZ,,140.15,419.8621929298982,-0.6662,169.31,112.87
20260611,300955.SZ,,41.03,-67.62815229932421,-1.6067,50.04,33.36
20260611,300956.SZ,,12.2,9.180525246444427,0.3289,14.59,9.73
20260611,300957.SZ,,32.94,-43.3649289099526,-1.7596,40.24,26.82
20260611,300958.SZ,,11.75,-10.846487584233362,-2.0833,14.4,9.6
20260611,300959.SZ,,165.98,-235.23242630385485,-1.7056,202.63,135.09
20260611,300960.SZ,,16.75,-47.24964739069111,-1.3545,20.38,13.58
20260611,300961.SZ,,11.03,-9.068486393159583,-2.2163,13.54,9.02
20260611,300962.SZ,,12.9,-19.06028368794326,-1.6768,15.74,10.5
20260611,300963.SZ,,13.53,6.614196323816972,1.0456,16.07,10.71
20260611,300964.SZ,,89.61,-65.17090909090909,-2.375,110.15,73.43
20260611,300965.SZ,,47.01,121.50426466787282,-0.6131,56.76,37.84
20260611,300966.SZ,,25.75,8.52479639806661,2.0206,30.29,20.19
20260611,300967.SZ,,18.58,2.212220793446683,7.3988,20.76,13.84
20260611,300968.SZ,,10.26,-7.980088667651864,-2.2857,12.6,8.4
20260611,300969.SZ,,100.3,-31.681354433178562,-4.1659,125.59,83.73
20260611,300970.SZ,,20.45,-29.95459206093452,-1.6827,24.96,16.64
20260611,300971.SZ,,19.86,-137.15469613259665,-1.1448,24.11,16.07
20260611,300972.SZ,,183.0,103.3372861256988,0.7709,217.92,145.28
20260611,300973.SZ,,24.6,-24.798387096774196,-1.992,30.12,20.08
20260611,300975.SZ,,38.7,-22.56691352265438,-2.7149,47.74,31.82
20260611,300976.SZ,,67.1,88.0461881642829,-0.2379,80.71,53.81
20260611,300977.SZ,,16.41,-8.909278462457246,-2.8419,20.27,13.51
20260611,300978.SZ,,8.99,-43.055555555555536,-1.2088,10.92,7.28
20260611,300979.SZ,,32.8,-139.8124467178176,-1.2346,39.85,26.57
20260611,300980.SZ,,25.88,318.7192118226599,-0.9188,31.34,20.9
20260611,300981.SZ,,10.94,39.927007299270066,-0.726,13.22,8.82
20260611,300982.SZ,,17.79,-5.841788986306767,-4.0453,22.25,14.83
20260611,300983.SZ,,35.82,11.307889004640591,2.1677,42.07,28.05
20260611,300984.SZ,,56.75,-31.964627689534755,-2.7754,70.04,46.7
20260611,300985.SZ,,30.9,8.14358001265022,2.7944,36.07,24.05
20260611,300986.SZ,,17.98,-116.37540453074428,-1.1545,21.83,14.55
20260611,300987.SZ,,13.41,-6.818528499516958,-2.9667,16.58,11.06
20260611,300988.SZ,,16.55,13.322063913708446,0.2423,19.81,13.21
20260611,300989.SZ,,14.12,-117.27574750830559,-1.1204,17.14,11.42
20260611,300990.SZ,,79.26,53.03445968551355,0.4945,94.64,63.1
20260611,300991.SZ,,36.95,19.15798206045523,0.9287,43.93,29.29
20260611,300992.SZ,,25.7,17.493703628071607,0.4691,30.7,20.46
20260611,300993.SZ,,10.07,-21.530895873423134,-1.4677,12.26,8.18
20260611,300994.SZ,,11.94,-4.674836537332133,-3.5541,14.86,9.9
20260611,300995.SZ,,29.82,-20.076752171278528,-2.4853,36.7,24.46
20260611,300996.SZ,,10.76,13.210558624923266,-0.1855,12.94,8.62
20260611,300997.SZ,,16.03,219.8902606310015,-0.9271,19.42,12.94
20260611,300998.SZ,,25.85,32.03618787953898,-0.1931,31.08,20.72
20260611,300999.SZ,,24.87,-219.50573698146522,-1.1133,30.18,20.12
20260611,301000.SZ,,28.91,-9.481486340231543,-4.0491,36.16,24.1
20260611,301001.SZ,,24.22,-16.18983957219251,-2.496,29.81,19.87
20260611,301002.SZ,,43.18,-17.067868295189534,-3.5299,53.71,35.81
20260611,301003.SZ,,49.02,-328.11244979919684,-1.1494,59.51,39.67
20260611,301004.SZ,,35.56,-12.079624974522726,-3.9438,44.42,29.62
20260611,301005.SZ,,100.0,86.94140149539211,0.1502,119.82,79.88
20260611,301006.SZ,,14.01,-13.6284046692607,-2.028,17.16,11.44
20260611,301007.SZ,,32.29,-36.53128181921032,-1.8839,39.49,26.33
20260611,301008.SZ,,24.09,15.616491637495137,0.5426,28.75,19.17
20260611,301009.SZ,,8.8,-8.760577401692384,-2.0045,10.78,7.18
20260611,301010.SZ,,18.28,-75.35037098103878,-1.2426,22.21,14.81
20260611,301011.SZ,,15.53,-9.166568291819148,-2.6942,19.15,12.77
20260611,301012.SZ,,26.67,-23.635235732009924,-2.1284,32.7,21.8
20260611,301013.SZ,,58.26,-11.937301505993238,-5.8805,74.28,49.52
20260611,301015.SZ,,19.96,-15.347943098808152,-2.3005,24.52,16.34
20260611,301016.SZ,,14.06,-17.238842569887197,-1.8156,17.18,11.46
20260611,301017.SZ,,13.41,40.23402340234023,-0.6667,16.2,10.8
20260611,301018.SZ,,97.59,-43.713325867861144,-3.2325,121.02,80.68
20260611,301019.SZ,,19.59,-54.49235048678722,-1.3595,23.83,15.89
20260611,301020.SZ,,23.46,-6.596187369960074,-4.5566,29.5,19.66
20260611,301021.SZ,,84.3,-174.1016109045849,-1.4842,102.68,68.46
20260611,301022.SZ,,24.8,-14.860977948226271,-2.6688,30.58,20.38
20260611,301023.SZ,,30.55,-13.327807346653872,-3.2922,37.91,25.27
20260611,301024.SZ,,42.22,237.45781777277844,-0.8222,51.08,34.06
20260611,301025.SZ,,8.93,-6.3585872970663635,-2.4044,10.98,7.32
20260611,301026.SZ,,21.59,5.019296043148742,3.3014,25.08,16.72
20260611,301027.SZ,,18.53,-9.338305699742982,-2.9843,22.92,15.28
20260611,301028.SZ,,15.67,-7.710855230784372,-3.0322,19.39,12.93
20260611,301029.SZ,,29.85,-155.71205007824727,-1.1917,36.25,24.17
20260611,301030.SZ,,12.48,-4.492602325497678,-3.7779,15.56,10.38
20260611,301031.SZ,,112.5,-45.30444587628866,-3.4832,139.87,93.25
20260611,301032.SZ,,10.42,-24.862801240753996,-1.4191,12.68,8.46
20260611,301033.SZ,,47.17,31.65771812080537,0.49,56.33,37.55
20260611,301035.SZ,,51.1,43.43760625637538,0.1764,61.21,40.81
20260611,301036.SZ,,23.4,341.10787172011663,-0.9314,28.34,18.9
20260611,301037.SZ,,13.72,-46.5084745762712,-1.295,16.68,11.12
20260611,301038.SZ,,18.32,-11.795003862992532,-2.5532,22.56,15.04
20260611,301039.SZ,,7.67,34.27167113494191,-0.7762,9.28,6.18
20260611,301040.SZ,,30.51,5.454252922878902,4.5938,35.0,23.34
20260611,301041.SZ,,32.91,25.82797049128865,0.2742,39.38,26.26
20260611,301042.SZ,,76.99,-14.966660834742715,-6.1441,98.44,65.62
20260611,301043.SZ,,42.58,-41.54551663576934,-2.0249,52.15,34.77
20260611,301045.SZ,,54.65,6.098445538035776,7.9613,60.74,40.5
20260611,301046.SZ,,25.51,-50.43495452748122,-1.5058,31.08,20.72
20260611,301047.SZ,,59.2,-351.126927639383,-1.1686,71.88,47.92
20260611,301048.SZ,,8.9,-26.937046004842614,-1.3304,10.82,7.22
20260611,301049.SZ,,19.95,-105.72337042925272,-1.1887,24.23,16.15
20260611,301050.SZ,,33.61,-32.31109402038069,-2.0402,41.17,27.45
20260611,301051.SZ,,16.1,9.907692307692308,0.625,19.2,12.8
20260611,301052.SZ,,24.93,-10.5096749715442,-3.3721,30.96,20.64
20260611,301053.SZ,,43.8,-60.19791094007696,-1.7276,53.48,35.66
20260611,301055.SZ,,31.47,-14.50765259081689,-3.1692,39.0,26.0
20260611,301056.SZ,,12.29,7.072567186510905,0.7377,14.64,9.76
20260611,301057.SZ,,26.55,32.69704433497537,-0.188,31.92,21.28
20260611,301058.SZ,,8.28,-8.183435461553666,-2.0118,10.14,6.76
20260611,301059.SZ,,14.06,-34.931677018633536,-1.4025,17.11,11.41
20260611,301060.SZ,,8.27,-4.847880883990855,-2.7059,10.2,6.8
20260611,301061.SZ,,38.95,165.2524395417904,-0.7643,47.1,31.4
20260611,301062.SZ,,6.16,4.646601795277967,0.3257,7.37,4.91
20260611,301063.SZ,,18.59,-14.74460659898477,-2.2608,22.82,15.22
20260611,301065.SZ,,19.24,-147.4329501915708,-1.1305,23.35,15.57
20260611,301066.SZ,,13.5,-136.50151668351873,-1.0989,16.38,10.92
20260611,301067.SZ,,31.76,-130.27071369975388,-1.2438,38.59,25.73
20260611,301068.SZ,,25.18,-9.293570532221155,-3.7094,31.38,20.92
20260611,301069.SZ,,21.3,8.77048505311702,1.4286,25.2,16.8
20260611,301070.SZ,,99.31,23.58123189438192,3.2114,115.46,76.98
20260611,301071.SZ,,70.7,55.075173327101346,0.2837,84.6,56.4
20260611,301072.SZ,,35.0,-269.43802925327196,-1.1299,42.48,28.32
20260611,301073.SZ,,19.98,-8.21681197565389,-3.4316,24.83,16.55
20260611,301075.SZ,,66.47,-12.059143686502178,-6.512,85.32,56.88
20260611,301076.SZ,,27.87,-18.354847207586932,-2.5184,34.31,22.87
20260611,301077.SZ,,22.4,-14.301219434335694,-2.5663,27.59,18.39
20260611,301078.SZ,,7.47,-23.27102803738318,-1.321,9.08,6.06
20260611,301079.SZ,,32.63,-5.289092765791906,-7.1693,42.18,28.12
20260611,301080.SZ,,36.61,458.7719298245615,-0.9202,44.34,29.56
20260611,301081.SZ,,15.53,-13.59418767507003,-2.1424,19.04,12.7
20260611,301082.SZ,,9.6,-40.920716112531984,-1.2346,11.66,7.78
20260611,301083.SZ,,13.99,-20.37576463734343,-1.6866,17.08,11.38
20260611,301085.SZ,,59.78,-22.488056276567733,-3.6583,74.46,49.64
20260611,301086.SZ,,157.6,13.590307420342343,10.5965,171.0,114.0
20260611,301087.SZ,,43.67,-26.774984671980384,-2.631,53.82,35.88
20260611,301088.SZ,,13.11,-30.58796080261315,-1.4286,15.96,10.64
20260611,301089.SZ,,21.49,173.86731391585752,-0.8764,26.02,17.34
20260611,301090.SZ,,6.89,-12.058102905145258,-1.5714,8.4,5.6
20260611,301091.SZ,,17.52,-4.176599599504148,-5.1948,22.18,14.78
20260611,301092.SZ,,47.87,16.056753765136012,1.9813,56.33,37.55
20260611,301093.SZ,,122.99,-2281.8181818181793,-1.0539,149.16,99.44
20260611,301095.SZ,,98.41,27.04537334762415,2.6387,115.06,76.7
20260611,301096.SZ,,54.88,-26.916474569620878,-3.0389,67.92,45.28
20260611,301097.SZ,,35.33,-41.02891650214841,-1.8611,43.2,28.8
20260611,301098.SZ,,8.66,2.1798776650640623,2.9727,10.09,6.73
20260611,301099.SZ,,73.57,-32.90839148327071,-3.2356,91.24,60.82
20260611,301100.SZ,,15.36,-162.1964097148891,-1.0947,18.64,12.42
20260611,301101.SZ,,29.09,-25.23640149214887,-2.1527,35.68,23.78
20260611,301102.SZ,,9.51,-14.52795600366636,-1.6546,11.6,7.74
20260611,301103.SZ,,16.1,209.3628088426529,-0.9231,19.5,13.0
20260611,301105.SZ,,48.76,-37.957340806476715,-2.2846,59.88,39.92
20260611,301106.SZ,,19.81,-9.735600550422644,-3.0348,24.52,16.34
20260611,301107.SZ,,23.81,5.015482484780822,3.7473,27.54,18.36
20260611,301108.SZ,,23.5,3.4040210904455646,5.9036,26.63,17.75
20260611,301109.SZ,,13.0,-8.39413701814425,-2.5487,16.01,10.67
20260611,301110.SZ,,38.41,33.98212863841457,0.1303,46.03,30.69
20260611,301111.SZ,,27.85,16.160854175129113,0.7233,33.18,22.12
20260611,301112.SZ,,30.58,17.396745932415516,0.7578,36.42,24.28
20260611,301113.SZ,,16.74,-7.483236477425122,-3.237,20.76,13.84
20260611,301115.SZ,,30.58,-8.059032810646988,-4.7945,38.54,25.7
20260611,301116.SZ,,9.73,-18.776534156696258,-1.5182,11.86,7.9
20260611,301117.SZ,,24.73,-124.52165156092641,-1.1986,30.04,20.02
20260611,301118.SZ,,28.8,-10.750681249766695,-3.6789,35.88,23.92
20260611,301119.SZ,,31.71,-44.98510427010923,-1.7049,38.71,25.81
20260611,301120.SZ,,17.81,-15.583165631288825,-2.1429,21.84,14.56
20260611,301121.SZ,,35.44,-53.309265944645,-1.6648,43.25,28.83
20260611,301122.SZ,,24.39,-13.060940344864518,-2.8674,30.13,20.09
20260611,301123.SZ,,97.43,32.83124410297884,1.9676,114.66,76.44
20260611,301125.SZ,,15.4,-99.16291049581456,-1.1553,18.7,12.46
20260611,301126.SZ,,9.55,-68.85364095169429,-1.1387,11.59,7.73
20260611,301127.SZ,,12.27,-3.2842612419700217,-4.736,15.46,10.3
20260611,301128.SZ,,167.52,89.72202881473945,0.8671,199.3,132.86
20260611,301129.SZ,,23.25,-12.091741210734344,-2.9228,28.74,19.16
20260611,301130.SZ,,25.95,-25.911133300049922,-2.0015,31.78,21.18
20260611,301131.SZ,,35.99,-26.457399103139014,-2.3603,44.23,29.49
20260611,301132.SZ,,36.65,-692.8166351606812,-1.0529,44.45,29.63
20260611,301133.SZ,,39.95,19.613137611075654,1.0369,47.45,31.63
20260611,301135.SZ,,17.03,-10.816819105691058,-2.5744,20.98,13.98
20260611,301136.SZ,,12.3,-13.458802932487144,-1.9139,15.05,10.03
20260611,301137.SZ,,35.76,116.9774288518155,-0.6943,43.21,28.81
20260611,301138.SZ,,26.33,-34.93432400159214,-1.7537,32.16,21.44
20260611,301139.SZ,,4.94,-0.6722185935118659,-8.3488,6.47,4.31
20260611,301141.SZ,,47.62,-89.815164089023,-1.5302,58.03,38.69
20260611,301148.SZ,,56.4,-141.4952333166081,-1.3986,68.64,45.76
20260611,301149.SZ,,11.51,17.607465198103107,-0.3463,13.86,9.24
20260611,301150.SZ,,59.31,156.07894736842107,-0.62,71.62,47.74
20260611,301151.SZ,,19.33,22.875739644970412,-0.155,23.23,15.49
20260611,301152.SZ,,24.0,28.79078694817658,-0.1664,28.85,19.23
20260611,301153.SZ,,17.1,-7.155410494602059,-3.3898,21.24,14.16
20260611,301155.SZ,,46.21,-32.828928672918444,-2.4076,56.82,37.88
20260611,301156.SZ,,12.4,-45.27199707922599,-1.2739,15.07,10.05
20260611,301157.SZ,,65.24,-90.93950376359074,-1.7174,79.66,53.1
20260611,301158.SZ,,14.53,8.582398109864146,0.693,17.32,11.54
20260611,301159.SZ,,31.41,-13.177546568216144,-3.3836,39.01,26.01
20260611,301160.SZ,,42.21,-25.898883298564243,-2.6298,52.02,34.68
20260611,301161.SZ,,36.53,3.708704745274016,8.8498,40.27,26.85
20260611,301162.SZ,,37.1,-76.18069815195071,-1.487,45.19,30.13
20260611,301163.SZ,,24.47,-49.98978549540347,-1.4895,29.81,19.87
20260611,301165.SZ,,56.7,-26.457001539825487,-3.1431,70.25,46.83
20260611,301166.SZ,,26.76,-52.573673870334005,-1.509,32.6,21.74
20260611,301167.SZ,,14.05,-71.86700767263427,-1.1955,17.06,11.38
20260611,301168.SZ,,42.5,40.5882914716837,0.0471,50.98,33.98
20260611,301169.SZ,,73.63,-333.4692028985505,-1.2208,89.45,59.63
20260611,301170.SZ,,24.07,32.037801144682554,-0.2487,28.96,19.3
20260611,301171.SZ,,35.82,-8.30473894092553,-5.3132,45.4,30.26
20260611,301172.SZ,,28.56,-8.76745970836531,-4.2575,35.8,23.86
20260611,301173.SZ,,32.93,24.11217690561617,0.3657,39.37,26.25
20260611,301175.SZ,,5.21,-5.899003623188406,-1.8832,6.37,4.25
20260611,301176.SZ,,47.17,488.3022774327121,-0.9034,57.12,38.08
20260611,301177.SZ,,25.28,12.647588553131879,0.9988,30.04,20.02
20260611,301178.SZ,,52.9,-377.8571428571431,-1.14,64.21,42.81
20260611,301179.SZ,,19.9,366.4825046040514,-0.9457,24.11,16.07
20260611,301180.SZ,,13.99,1.8936625247028884,6.3878,15.78,10.52
20260611,301181.SZ,,28.21,-11.801372155287817,-3.3904,35.04,23.36
20260611,301182.SZ,,89.0,27.17308338167496,2.2753,104.42,69.62
20260611,301183.SZ,,226.83,17.16549495622167,12.2143,242.57,161.71
20260611,301185.SZ,,16.17,-57.32009925558313,-1.2821,19.66,13.1
20260611,301186.SZ,,58.35,14.010276603918557,3.1648,67.87,45.25
20260611,301187.SZ,,16.32,-36.32316937458268,-1.4493,19.87,13.25
20260611,301188.SZ,,54.86,5.075963655878162,9.8078,59.95,39.97
20260611,301189.SZ,,67.59,-12.256777586363224,-6.5145,86.76,57.84
20260611,301190.SZ,,19.15,-8.764302059496567,-3.185,23.74,15.82
20260611,301191.SZ,,93.83,-145.31516183986372,-1.6457,114.48,76.32
20260611,301192.SZ,,21.0,-25.50710555083202,-1.8233,25.67,17.11
20260611,301193.SZ,,21.35,-105.12063023141307,-1.2031,25.93,17.29
20260611,301195.SZ,,35.23,64.30005475451723,-0.4521,42.47,28.31
20260611,301196.SZ,,158.89,42.09118122334366,2.7749,185.52,123.68
20260611,301197.SZ,,28.47,-132.78917910447765,-1.2144,34.58,23.06
20260611,301198.SZ,,14.57,-3.1436770449004254,-5.6347,18.53,12.35
20260611,301199.SZ,,18.5,-7.268012885990414,-3.5454,23.02,15.34
20260611,301200.SZ,,263.09,-142.15702166747718,-2.8507,324.97,216.65
20260611,301201.SZ,,33.15,-50.136116152450086,-1.6612,40.45,26.97
20260611,301202.SZ,,34.1,-11.375387797311273,-3.9977,42.62,28.42
20260611,301203.SZ,,44.83,11.449367896820329,2.9155,52.27,34.85
20260611,301205.SZ,,335.03,-166.1525490974013,-3.0164,414.54,276.36
20260611,301206.SZ,,23.42,57.71315919172006,-0.5942,28.27,18.85
20260611,301207.SZ,,16.86,-12.79696394686907,-2.3175,20.71,13.81
20260611,301208.SZ,,27.99,-10.979484564390223,-3.5493,34.82,23.22
20260611,301209.SZ,,61.4,-101.89180219050779,-1.6026,74.88,49.92
20260611,301210.SZ,,28.02,242.17804667242865,-0.8843,33.92,22.62
20260611,301211.SZ,,9.39,-35.86707410236822,-1.2618,11.41,7.61
20260611,301212.SZ,,25.79,-16.438268850787175,-2.5689,31.76,21.18
20260611,301213.SZ,,47.76,36.908809891808346,0.294,57.14,38.1
20260611,301215.SZ,,5.03,-0.5679380349118172,-9.8566,6.7,4.46
20260611,301216.SZ,,24.61,8.472183971357753,1.9048,28.98,19.32
20260611,301217.SZ,,127.98,24.525698516729907,4.2182,147.36,98.24
20260611,301218.SZ,,38.23,-6.157488685232012,-7.2087,49.44,32.96
20260611,301219.SZ,,53.87,34.53205128205128,0.56,64.28,42.86
20260611,301220.SZ,,36.01,6.373676944316613,4.6498,41.29,27.53
20260611,301221.SZ,,29.56,-15.632767465228198,-2.8909,36.53,24.35
20260611,301222.SZ,,34.03,-35.48118027317277,-1.9591,41.65,27.77
20260611,301223.SZ,,16.0,17.066666666666666,-0.0625,19.21,12.81
20260611,301225.SZ,,87.8,-47.89700507337297,-2.8331,108.43,72.29
20260611,301226.SZ,,32.69,-31.499325496242054,-2.0378,40.04,26.7
20260611,301227.SZ,,24.83,12.83204134366925,0.935,29.52,19.68
20260611,301228.SZ,,80.91,33.83939774153074,1.391,95.76,63.84
20260611,301229.SZ,,13.73,-21.201358863495987,-1.6476,16.75,11.17
20260611,301230.SZ,,32.5,-21.388614675880227,-2.5195,40.01,26.67
20260611,301231.SZ,,31.88,-2.871115033727496,-12.1037,43.52,29.02
20260611,301232.SZ,,116.81,408.4265734265734,-0.714,141.18,94.12
20260611,301233.SZ,,52.98,1136.9098712446357,-0.9534,64.19,42.79
20260611,301234.SZ,,40.39,64.11111111111111,-0.37,48.65,32.43
20260611,301235.SZ,,73.39,13.308791527636732,4.5144,84.26,56.18
20260611,301236.SZ,,41.13,-7.7151057005120895,-6.3311,52.69,35.13
20260611,301237.SZ,,62.98,16.467512093084064,2.8245,73.5,49.0
20260611,301238.SZ,,21.67,28.150168875032477,-0.2302,26.06,17.38
20260611,301239.SZ,,31.92,12.01761981853093,1.6561,37.68,25.12
20260611,301246.SZ,,26.84,34.54311454311454,-0.223,32.28,21.52
20260611,301248.SZ,,67.64,-15.904815650865313,-5.2528,85.67,57.11
20260611,301251.SZ,,47.42,10.610162665294341,3.4693,55.0,36.66
20260611,301252.SZ,,37.5,15.947945904567492,1.3514,44.4,29.6
20260611,301255.SZ,,23.39,-15.171563858078743,-2.5417,28.8,19.2
20260611,301256.SZ,,12.13,5.386084099285112,1.2521,14.38,9.58
20260611,301257.SZ,,40.63,49.070048309178745,-0.172,48.84,32.56
20260611,301258.SZ,,24.63,-101.35802469135798,-1.243,29.93,19.95
20260611,301259.SZ,,21.81,-5.440666550253199,-5.0087,27.55,18.37
20260611,301260.SZ,,15.19,-13.486637663144808,-2.1263,18.62,12.42
20260611,301261.SZ,,84.3,-37.49999999999999,-3.248,104.56,69.7
20260611,301262.SZ,,19.38,-9.91608677855096,-2.9544,23.96,15.98
20260611,301263.SZ,,18.5,-9.545431092306899,-2.9381,22.87,15.25
20260611,301265.SZ,,25.48,7.8467602857846765,2.2472,29.9,19.94
20260611,301266.SZ,,24.61,41.340500587938855,-0.4047,29.65,19.77
20260611,301267.SZ,,15.68,136.34782608695653,-0.885,18.98,12.66
20260611,301268.SZ,,15.3,-9.504286246738726,-2.6098,18.85,12.57
20260611,301269.SZ,,96.45,170.28601694915255,-0.4336,116.24,77.5
20260611,301270.SZ,,29.39,-18.923443435709224,-2.5531,36.19,24.13
20260611,301272.SZ,,36.45,-324.57702582368637,-1.1123,44.23,29.49
20260611,301273.SZ,,31.97,-24.74075220554094,-2.2922,39.26,26.18
20260611,301275.SZ,,39.49,63.52960102960104,-0.3784,47.57,31.71
20260611,301276.SZ,,23.01,6.584821428571429,2.4944,26.94,17.96
20260611,301277.SZ,,9.11,70.34749034749036,-0.8705,11.03,7.35
20260611,301278.SZ,,32.0,-136.40238704177327,-1.2346,38.88,25.92
20260611,301279.SZ,,23.96,-12.245106556958143,-2.9567,29.63,19.75
20260611,301280.SZ,,39.79,-1999.497487437183,-1.0199,48.24,32.16
20260611,301281.SZ,,44.68,182.51633986928104,-0.7552,54.02,36.02
20260611,301282.SZ,,25.45,-5.939739071580274,-5.2847,32.24,21.5
20260611,301283.SZ,,25.77,223.31022530329298,-0.8846,31.2,20.8
20260611,301285.SZ,,105.08,-142.1344515081834,-1.7393,128.33,85.55
20260611,301286.SZ,,64.73,56.05785052394561,0.1547,77.56,51.7
20260611,301287.SZ,,36.14,-31.72401685393258,-2.1392,44.32,29.54
20260611,301288.SZ,,19.25,-680.2120141342758,-1.0283,23.34,15.56
20260611,301289.SZ,,46.59,-33.06835119596849,-2.4089,57.29,38.19
20260611,301290.SZ,,29.33,-12.593928464081754,-3.3289,36.41,24.27
20260611,301291.SZ,,42.49,-102.31158198892368,-1.4153,51.72,34.48
20260611,301292.SZ,,63.94,26.872320753131042,1.3794,75.68,50.46
20260611,301293.SZ,,51.51,-48.041410184667036,-2.0722,63.12,42.08
20260611,301295.SZ,,45.53,-92.37167782511668,-1.4929,55.46,36.98
20260611,301296.SZ,,6.56,70.01067235859124,-0.9063,7.94,5.3
20260611,301297.SZ,,42.97,-77.03477949085692,-1.5578,52.38,34.92
20260611,301298.SZ,,13.01,-25.311284046692606,-1.514,15.85,10.57
20260611,301299.SZ,,47.08,-41.26566745551758,-2.1409,57.73,38.49
20260611,301300.SZ,,33.93,42.7276161692482,-0.2059,40.8,27.2
20260611,301301.SZ,,8.38,154.04411764705884,-0.9456,10.15,6.77
20260611,301302.SZ,,30.8,-7.999584437172095,-4.8502,38.84,25.9
20260611,301303.SZ,,14.59,-6.3064620704560195,-3.3135,18.11,12.07
20260611,301305.SZ,,29.1,6.383398775966833,3.5587,33.72,22.48
20260611,301306.SZ,,123.7,228.52392388693886,-0.4587,149.12,99.42
20260611,301307.SZ,,60.23,540.6642728904844,-0.8886,72.92,48.62
20260611,301308.SZ,,514.8,202.79692731928301,1.5385,608.4,405.6
20260611,301309.SZ,,29.49,-40.24290393013101,-1.7328,36.01,24.01
20260611,301310.SZ,,30.96,21.776746148976578,0.4217,37.0,24.66
20260611,301311.SZ,,14.11,-10.429447852760736,-2.3529,17.34,11.56
20260611,301312.SZ,,82.21,-31.347950428979978,-3.6225,102.36,68.24
20260611,301313.SZ,,55.61,-2.9272889019903037,-19.9971,83.41,55.61
20260611,301314.SZ,,50.25,685.538881309686,-0.9267,60.86,40.58
20260611,301315.SZ,,39.1,3153.2258064516213,-0.9876,47.39,31.59
20260611,301316.SZ,,34.99,-7.464851833678238,-5.6873,44.52,29.68
20260611,301317.SZ,,58.53,-64.2833607907743,-1.9105,71.6,47.74
20260611,301318.SZ,,20.76,-14828.57142857071,-1.0014,25.16,16.78
20260611,301319.SZ,,132.33,74.1552255533763,0.7845,157.56,105.04
20260611,301320.SZ,,14.24,47.05882352941177,-0.6974,17.21,11.47
20260611,301321.SZ,,30.41,3.967746565244054,6.6643,34.21,22.81
20260611,301322.SZ,,57.76,18.94080996884735,2.0495,67.92,45.28
20260611,301323.SZ,,86.48,13.067391961317618,5.618,98.26,65.5
20260611,301325.SZ,,36.51,-7.877872478152982,-5.6345,46.43,30.95
20260611,301326.SZ,,131.74,-185.9158904882868,-1.7086,160.84,107.22
20260611,301327.SZ,,50.9,-108.0220713073005,-1.4712,61.99,41.33
20260611,301328.SZ,,53.88,57.05209656925032,-0.0556,64.69,43.13
20260611,301329.SZ,,24.38,-10.291262135922329,-3.369,30.28,20.18
20260611,301330.SZ,,26.0,-5.57892026435499,-5.6604,33.07,22.05
20260611,301331.SZ,,21.9,-71.35874877810362,-1.3069,26.63,17.75
20260611,301332.SZ,,8.54,-6.1,-2.4,10.5,7.0
20260611,301333.SZ,,44.58,-291.3725490196078,-1.153,54.12,36.08
20260611,301335.SZ,,20.7,-23.110416434073908,-1.8957,25.32,16.88
20260611,301336.SZ,,37.08,-21.455850017359097,-2.7282,45.74,30.5
20260611,301337.SZ,,26.17,-8.831370431613404,-3.9633,32.7,21.8
20260611,301338.SZ,,148.63,162.8643436335744,-0.0874,178.51,119.01
20260611,301339.SZ,,10.85,-3.8583265175491626,-3.8121,13.54,9.02
20260611,301345.SZ,,195.33,772.0553359683795,-0.747,236.16,157.44
20260611,301348.SZ,,25.02,6.451280200087667,2.8783,29.18,19.46
20260611,301349.SZ,,54.9,-54.93845691984389,-1.9993,67.22,44.82
20260611,301353.SZ,,18.7,123.35092348284964,-0.8484,22.63,15.09
20260611,301355.SZ,,10.33,12.80366881507189,-0.1932,12.42,8.28
20260611,301356.SZ,,22.97,103.23595505617976,-0.7775,27.78,18.52
20260611,301357.SZ,,88.4,-31.475876802563647,-3.8085,110.28,73.52
20260611,301358.SZ,,68.87,31.233560090702948,1.205,81.66,54.44
20260611,301359.SZ,,18.43,-15.006921260483674,-2.2281,22.62,15.08
20260611,301360.SZ,,70.92,-63.02319381498266,-2.1253,86.95,57.97
20260611,301361.SZ,,31.5,-35.01167055685229,-1.8997,38.53,25.69
20260611,301362.SZ,,183.47,-205.47653712621792,-1.8929,224.41,149.61
20260611,301363.SZ,,24.95,6.789300389126234,2.6749,29.16,19.44
20260611,301365.SZ,,31.89,9.17882738969001,2.4743,37.34,24.9
20260611,301366.SZ,,45.63,91.5346038114343,-0.5015,55.03,36.69
20260611,301367.SZ,,41.78,-129.51022938623683,-1.3226,50.81,33.87
20260611,301368.SZ,,44.58,-15.14729366993986,-3.9431,55.69,37.13
20260611,301369.SZ,,183.49,52.30019382054498,2.5084,214.8,143.2
20260611,301370.SZ,,8.85,-75.44757033248084,-1.1173,10.74,7.16
20260611,301371.SZ,,26.51,-222.7731092436975,-1.119,32.17,21.45
20260611,301372.SZ,,34.67,-246.5860597439544,-1.1406,42.08,28.06
20260611,301373.SZ,,134.34,15.61893246212694,7.6011,149.82,99.88
20260611,301376.SZ,,16.07,-6.3232863775871575,-3.5414,19.99,13.33
20260611,301377.SZ,,430.89,618.2953077916486,-0.3031,518.64,345.76
20260611,301378.SZ,,25.96,-12.163238532539943,-3.1343,32.16,21.44
20260611,301379.SZ,,24.08,4.296394097810765,4.6047,27.62,18.42
20260611,301380.SZ,,28.89,-11.377599243856332,-3.5392,35.94,23.96
20260611,301381.SZ,,17.78,-64.16456153013355,-1.2771,21.61,14.41
20260611,301382.SZ,,36.37,-16.196838120685815,-3.2455,45.11,30.07
20260611,301383.SZ,,26.47,-19.981882690420473,-2.3247,32.52,21.68
20260611,301386.SZ,,20.95,18.322546790274618,0.1434,25.1,16.74
20260611,301387.SZ,,105.56,34.615510739465485,2.0495,124.13,82.75
20260611,301388.SZ,,25.6,359.5505617977526,-0.9288,31.01,20.67
20260611,301389.SZ,,93.3,5.409573727909458,16.2472,96.31,64.21
20260611,301390.SZ,,30.56,-29.06877199657567,-2.0513,37.44,24.96
20260611,301391.SZ,,63.24,21.080000000000002,2.0,74.4,49.6
20260611,301392.SZ,,159.0,87.76771914329875,0.8116,189.26,126.18
20260611,301393.SZ,,49.37,-41.856718948707076,-2.1795,60.56,40.38
20260611,301395.SZ,,11.46,13.877452167595061,-0.1742,13.78,9.18
20260611,301396.SZ,,166.0,-40.0685510149895,-5.1429,210.0,140.0
20260611,301397.SZ,,30.12,-96.973599484868,-1.3106,36.62,24.42
20260611,301398.SZ,,36.25,2170.6586826347243,-0.9833,43.93,29.29
20260611,301399.SZ,,17.25,-40.24731684554362,-1.4286,21.0,14.0
20260611,301408.SZ,,15.34,-21.022337947101548,-1.7297,18.73,12.49
20260611,301413.SZ,,85.08,7877.777777777755,-0.9892,103.12,68.74
20260611,301418.SZ,,46.0,-8.133243749778988,-6.6558,59.14,39.42
20260611,301419.SZ,,38.61,-15.449561842263215,-3.4991,48.01,32.01
20260611,301421.SZ,,90.63,20.379573205010008,3.4471,105.13,70.09
20260611,301428.SZ,,37.3,-22.107633949739213,-2.6872,46.0,30.66
20260611,301429.SZ,,18.04,-7.435802316475001,-3.4261,22.42,14.94
20260611,301439.SZ,,17.2,-28.580923894981726,-1.6018,20.98,13.98
20260611,301446.SZ,,42.0,-45.90163934426229,-1.915,51.38,34.26
20260611,301448.SZ,,37.3,8.458049886621314,3.41,43.28,28.86
20260611,301449.SZ,,38.85,-30.146659424225966,-2.2887,47.71,31.81
20260611,301456.SZ,,25.56,11.270835170649967,1.2678,30.29,20.19
20260611,301458.SZ,,49.97,-24.647331557660056,-3.0274,61.84,41.22
20260611,301459.SZ,,32.5,20.464706252754866,0.5881,38.77,25.85
20260611,301468.SZ,,51.7,3.7441520256079723,12.8082,55.0,36.66
20260611,301469.SZ,,29.51,130.22947925860547,-0.7734,35.69,23.79
20260611,301479.SZ,,61.74,-366.1921708185052,-1.1686,74.96,49.98
20260611,301486.SZ,,212.97,298.1103023516238,-0.2856,256.3,170.86
20260611,301487.SZ,,20.76,-6.67330997460542,-4.1109,25.98,17.32
20260611,301488.SZ,,146.9,-13.98248619836284,-11.506,199.2,132.8
20260611,301489.SZ,,139.17,-215.23352922981746,-1.6466,169.8,113.2
20260611,301491.SZ,,40.86,52.37118687516021,-0.2198,49.14,32.76
20260611,301498.SZ,,40.4,-49.11256990031607,-1.8226,49.38,32.92
20260611,301499.SZ,,31.19,104.10547396528706,-0.7004,37.69,25.13
20260611,301500.SZ,,24.47,41.264755480607086,-0.407,29.48,19.66
20260611,301501.SZ,,26.17,-34.24048148632736,-1.7643,31.97,21.31
20260611,301502.SZ,,82.54,-15.236653621797238,-6.4172,105.84,70.56
20260611,301503.SZ,,29.89,37.37651619357259,-0.2003,35.94,23.96
20260611,301505.SZ,,18.11,-13.199708454810496,-2.372,22.26,14.84
20260611,301507.SZ,,12.14,20.583248558833503,-0.4102,14.63,9.75
20260611,301508.SZ,,25.04,-50.59608001616489,-1.4949,30.5,20.34
20260611,301509.SZ,,26.42,26.42,0.0,31.7,21.14
20260611,301510.SZ,,31.79,-36.01450096295457,-1.8827,38.88,25.92
20260611,301511.SZ,,133.57,-84.81711963423925,-2.5748,164.52,109.68
20260611,301512.SZ,,53.52,-25.11261261261261,-3.1312,66.3,44.2
20260611,301513.SZ,,59.7,11939.999999999989,-0.995,72.36,48.24
20260611,301515.SZ,,20.36,-40.73629451780712,-1.4998,24.8,16.54
20260611,301516.SZ,,15.07,-7.680937818552497,-2.962,18.64,12.42
20260611,301517.SZ,,51.94,77.08518848322944,-0.3262,62.53,41.69
20260611,301518.SZ,,29.48,-36.905358037055585,-1.7988,36.02,24.02
20260611,301519.SZ,,12.33,-43.87900355871887,-1.281,14.99,9.99
20260611,301520.SZ,,35.27,2027.0114942528771,-0.9826,42.74,28.5
20260611,301522.SZ,,25.76,16.245191398120703,0.5857,30.73,20.49
20260611,301525.SZ,,48.92,-31.175121080805507,-2.5692,60.25,40.17
20260611,301526.SZ,,26.45,4.468886748779292,4.9187,30.25,20.17
20260611,301528.SZ,,89.32,22.208408960938854,3.0219,104.04,69.36
20260611,301529.SZ,,107.45,-39.028731248410885,-3.7531,133.97,89.31
20260611,301531.SZ,,63.97,-43.08324353448276,-2.4848,78.72,52.48
20260611,301533.SZ,,25.71,84.35039370078742,-0.6952,31.07,20.71
20260611,301535.SZ,,14.39,11.253616954719638,0.2787,17.22,11.48
20260611,301536.SZ,,85.95,66.54021831694666,0.2917,102.84,68.56
20260611,301538.SZ,,84.75,-61.22670134373646,-2.3842,104.18,69.46
20260611,301539.SZ,,14.54,-16.349938153603958,-1.8893,17.78,11.86
20260611,301548.SZ,,71.0,-1567.3289183222994,-1.0453,86.1,57.4
20260611,301550.SZ,,102.67,-21.472790396118295,-5.7814,130.76,87.18
20260611,301551.SZ,,21.3,-10.173377274681187,-3.0937,26.38,17.58
20260611,301552.SZ,,24.66,-29.667949951876807,-1.8312,30.14,20.1
20260611,301555.SZ,,41.98,16.96504344311982,1.4745,49.64,33.1
20260611,301556.SZ,,63.03,-98.70028186658314,-1.6386,76.9,51.26
20260611,301557.SZ,,86.72,-25.358949615463345,-4.4197,108.88,72.58
20260611,301558.SZ,,6.53,-18.16411682892907,-1.3595,7.94,5.3
20260611,301559.SZ,,13.18,-105.18754988028734,-1.1253,16.0,10.66
20260611,301560.SZ,,28.47,-16.117527173913043,-2.7664,35.14,23.42
20260611,301563.SZ,,178.1,-77.39776628568946,-3.3011,221.02,147.34
20260611,301565.SZ,,25.03,-3.1489425943865035,-8.9487,32.99,21.99
20260611,301566.SZ,,32.49,-19.498289623717216,-2.6663,40.06,26.7
20260611,301567.SZ,,38.4,-33.66353993162094,-2.1407,47.09,31.39
20260611,301568.SZ,,84.25,-49.8166982024598,-2.6912,103.9,69.26
20260611,301571.SZ,,64.83,4.668966460933505,12.8853,68.92,45.94
20260611,301575.SZ,,39.12,-448.6238532110094,-1.0872,47.46,31.64
20260611,301577.SZ,,89.17,-19.13437191536844,-5.6602,113.42,75.62
20260611,301578.SZ,,22.42,76.93891557995883,-0.7086,27.1,18.06
20260611,301580.SZ,,45.18,2.1514285714285712,20.0,45.18,30.12
20260611,301581.SZ,,44.55,-45.449908182003675,-1.9802,54.54,36.36
20260611,301584.SZ,,20.79,inf,-1.0,25.2,16.8
20260611,301585.SZ,,25.24,-19.092284417549166,-2.322,31.01,20.67
20260611,301586.SZ,,34.56,-172.1973094170403,-1.2007,41.98,27.98
20260611,301587.SZ,,23.28,-21.93329564725834,-2.0614,28.52,19.02
20260611,301588.SZ,,34.64,-1211.188811188813,-1.0286,42.0,28.0
20260611,301589.SZ,,141.26,257.304189435337,-0.451,170.28,113.52
20260611,301590.SZ,,158.63,-88.40773560720059,-2.7943,195.83,130.55
20260611,301591.SZ,,45.69,55.368395540475035,-0.1748,54.92,36.62
20260611,301592.SZ,,123.1,8.381733132698292,13.6867,129.94,86.62
20260611,301595.SZ,,42.44,13.943097443984492,2.0438,49.91,33.27
20260611,301596.SZ,,57.66,16.791892364144676,2.4338,67.55,45.03
20260611,301598.SZ,,51.1,-80.3206538824269,-1.6362,62.34,41.56
20260611,301599.SZ,,45.95,-159.05157493942545,-1.2889,55.86,37.24
20260611,301600.SZ,,89.2,-43.87820355157656,-3.0329,110.39,73.59
20260611,301601.SZ,,17.74,-3.26426967946123,-6.4346,22.75,15.17
20260611,301602.SZ,,14.68,-35.778698513282954,-1.4103,17.87,11.91
20260611,301603.SZ,,122.39,-69.65850882185543,-2.757,151.03,100.69
20260611,301606.SZ,,60.38,-59.6463498962758,-2.0123,73.94,49.3
20260611,301607.SZ,,40.1,-23.353328286063714,-2.7171,49.46,32.98
20260611,301608.SZ,,48.6,-54.15041782729806,-1.8975,59.45,39.63
20260611,301609.SZ,,37.3,-10.28114663726571,-4.628,46.93,31.29
20260611,301611.SZ,,110.1,26.919973593486393,3.0899,128.16,85.44
20260611,301613.SZ,,38.04,-8.698634835700075,-5.3731,48.24,32.16
20260611,301616.SZ,,36.32,38.43386243386244,-0.055,43.61,29.07
20260611,301617.SZ,,53.49,-32.281231140615574,-2.657,65.94,43.96
20260611,301618.SZ,,37.81,-42.288334638183656,-1.8941,46.25,30.83
20260611,301622.SZ,,54.65,-33.7470668148697,-2.6194,67.34,44.9
20260611,301626.SZ,,296.85,95.06500992762443,2.1226,348.82,232.54
20260611,301628.SZ,,107.63,92.92868243826628,0.1582,128.95,85.97
20260611,301629.SZ,,388.8,66.79953267816644,4.8204,445.1,296.74
20260611,301630.SZ,,304.22,118.09782608695653,1.576,359.4,239.6
20260611,301631.SZ,,75.23,60.67914179706405,0.2398,90.06,60.04
20260611,301632.SZ,,16.92,41.01818181818182,-0.5875,20.42,13.62
20260611,301633.SZ,,47.12,-45.42124542124542,-2.0374,57.72,38.48
20260611,301636.SZ,,45.35,-87.19477023649299,-1.5201,55.26,36.84
20260611,301638.SZ,,23.55,83.12742675608895,-0.7167,28.46,18.98
20260611,301656.SZ,,16.1,-70.92511013215857,-1.227,19.56,13.04
20260611,301658.SZ,,29.33,-19.22270284440949,-2.5258,36.11,24.07
20260611,301662.SZ,,86.7,1673.7451737451752,-0.9482,105.04,70.02
20260611,301665.SZ,,21.82,-61.257720381807964,-1.3562,26.54,17.7
20260611,301666.SZ,,658.0,230.26315789473688,1.8576,775.2,516.8
20260611,301667.SZ,,74.22,59.70557477274555,0.2431,88.85,59.23
20260611,301668.SZ,,33.92,-19.35741596758546,-2.7523,41.86,27.9
20260611,301669.SZ,,39.72,-1.9718519621714201,-21.1435,999999.999,0.01
20260611,301678.SZ,,59.99,13.167251975417033,3.556,69.52,46.34
20260611,301680.SZ,,114.18,24.459630256421242,3.6681,132.17,88.11
20260611,301682.SZ,,153.51,-49.35695453668574,-4.1102,192.11,128.07
20260611,301683.SZ,,122.72,-214.54545454545453,-1.572,149.62,99.74
20260611,301687.SZ,,52.71,28.031269942565416,0.8804,62.7,41.8
20260611,301696.SZ,,111.43,-39.11883447428471,-3.8485,139.07,92.71
20260611,302132.SZ,,57.6,21.958751096031413,1.6231,68.02,45.34
20260611,600000.SH,,9.55,16.383599245153544,-0.4171,10.55,8.63
20260611,600004.SH,,8.02,-73.10847766636286,-1.1097,8.92,7.3
20260611,600006.SH,,5.64,-4.50119712689545,-2.253,6.35,5.19
20260611,600007.SH,,21.25,-3.7714752236262954,-6.6344,25.04,20.48
20260611,600008.SH,,3.12,4.58486407053637,-0.3195,3.44,2.82
20260611,600009.SH,,23.46,-45.883043223156655,-1.5113,26.2,21.44
20260611,600010.SH,,2.31,4.0597539543058,-0.431,2.55,2.09
20260611,600011.SH,,8.17,7.278396436525612,0.1225,8.98,7.34
20260611,600012.SH,,16.78,-13.816385343762866,-2.2145,18.88,15.44
20260611,600015.SH,,6.91,12.171921789677647,-0.4323,7.63,6.25
20260611,600016.SH,,3.57,21.415716856628677,-0.8333,3.96,3.24
20260611,600017.SH,,2.65,-5.44147843942505,-1.487,2.96,2.42
20260611,600018.SH,,4.97,12.424999999999999,-0.6,5.5,4.5
20260611,600019.SH,,5.85,2.005897682073789,1.9164,6.31,5.17
20260611,600020.SH,,3.92,-3.92,-2.0,4.4,3.6
20260611,600021.SH,,17.14,69.33656957928804,-0.7528,19.0,15.54
20260611,600022.SH,,1.28,1.28,0.0,1.41,1.15
20260611,600023.SH,,6.3,0.9651326674428581,5.5276,6.57,5.37
20260611,600025.SH,,9.7,4.306135132735505,1.2526,10.54,8.62
20260611,600026.SH,,16.65,11.707214175221486,0.4222,18.24,14.92
20260611,600027.SH,,5.07,5.07,0.0,5.58,4.56
20260611,600028.SH,,4.79,3.961296725107509,0.2092,5.26,4.3
20260611,600029.SH,,5.02,-6.59398397477998,-1.7613,5.62,4.6
20260611,600030.SH,,25.51,61.41068849301878,-0.5846,28.23,23.09
20260611,600031.SH,,18.22,-7.779011186064383,-3.3422,20.74,16.97
20260611,600032.SH,,8.56,-3.28775541557843,-3.6036,9.77,7.99
20260611,600033.SH,,3.49,4.885902281954362,-0.2857,3.85,3.15
20260611,600035.SH,,3.78,17.77986829727187,-0.7874,4.19,3.43
20260611,600036.SH,,38.73,68.79218472468916,-0.437,42.79,35.01
20260611,600037.SH,,6.51,-3.546137923521081,-2.8358,7.37,6.03
20260611,600038.SH,,27.25,-43.63490792634107,-1.6245,30.47,24.93
20260611,600039.SH,,8.34,6.127847171197649,0.361,9.14,7.48
20260611,600048.SH,,5.15,22.459659834278245,-0.7707,5.71,4.67
20260611,600050.SH,,4.36,8.023555391976446,-0.4566,4.82,3.94
20260611,600051.SH,,6.28,-11.06802960874163,-1.5674,7.02,5.74
20260611,600052.SH,,3.69,-4.282232795636533,-1.8617,4.14,3.38
20260611,600053.SH,,7.88,-5.8180744240992315,-2.3544,8.47,7.67
20260611,600054.SH,,10.76,-3.2900168170004584,-4.2705,12.36,10.12
20260611,600055.SH,,11.36,-7.222328183609891,-2.5729,12.83,10.49
20260611,600056.SH,,8.94,-7.523985860966166,-2.1882,10.05,8.23
20260611,600057.SH,,5.98,5.122055674518202,0.1675,6.57,5.37
20260611,600058.SH,,9.81,-2.377778316406913,-5.1257,11.37,9.31
20260611,600059.SH,,7.8,-12.200844673862036,-1.6393,8.72,7.14
20260611,600060.SH,,27.98,2.987528828905783,8.3656,28.4,23.24
20260611,600061.SH,,6.19,-6.864810912720418,-1.9017,6.94,5.68
20260611,600062.SH,,17.05,20.681707908782144,-0.1756,18.79,15.37
20260611,600063.SH,,7.75,-1.1317503431759104,-7.8478,9.25,7.57
20260611,600064.SH,,7.27,8.428008346858334,-0.1374,8.01,6.55
20260611,600066.SH,,29.5,-35.5293267493677,-1.8303,33.06,27.05
20260611,600067.SH,,3.16,0.2845693187446531,10.1045,3.16,2.58
20260611,600071.SH,,16.46,-43.53345675747156,-1.3781,18.36,15.02
20260611,600072.SH,,9.58,-2.6747075411117627,-4.5817,11.04,9.04
20260611,600073.SH,,4.96,8.288770053475934,-0.4016,5.48,4.48
20260611,600075.SH,,4.67,-17.39292364990689,-1.2685,5.2,4.26
20260611,600076.SH,,3.46,-4.911284599006388,-1.7045,3.87,3.17
20260611,600078.SH,,12.56,10.133935775375182,0.2394,13.78,11.28
20260611,600079.SH,,17.03,-61.83732752360202,-1.2754,18.11,16.39
20260611,600080.SH,,4.78,-2.901013534017115,-2.6477,5.16,4.66
20260611,600081.SH,,10.03,-8.749890953502572,-2.1463,11.28,9.23
20260611,600082.SH,,3.01,228.0303030303032,-0.9868,3.19,2.89
20260611,600084.SH,,4.49,-1.1021109474717723,-5.074,4.97,4.49
20260611,600085.SH,,24.3,-245.7027300303337,-1.0989,27.03,22.11
20260611,600088.SH,,14.16,-2.2807808775207783,-7.2084,16.79,13.73
20260611,600089.SH,,22.75,16.282565130260522,0.3972,24.93,20.39
20260611,600094.SH,,3.86,-4.941116231438812,-1.7812,4.32,3.54
20260611,600095.SH,,7.49,-6.862116353641778,-2.0915,8.42,6.89
20260611,600096.SH,,29.99,5.457887457232292,4.4948,31.57,25.83
20260611,600097.SH,,8.53,15.994749671854489,-0.4667,9.43,7.71
20260611,600098.SH,,6.96,1618.6046511628017,-0.9957,7.73,6.33
20260611,600099.SH,,9.07,72.15592680986474,-0.8743,10.07,8.24
20260611,600100.SH,,6.9,-2.494847597353292,-3.7657,7.89,6.45
20260611,600101.SH,,9.09,463.77551020408276,-0.9804,10.1,8.26
20260611,600103.SH,,3.51,8.098754037840331,-0.5666,3.88,3.18
20260611,600104.SH,,10.87,-11.048993697906077,-1.9838,12.2,9.98
20260611,600105.SH,,52.33,49.48931341025156,0.0574,57.53,47.07
20260611,600106.SH,,4.98,2.4724456359845104,1.0142,5.42,4.44
20260611,600107.SH,,6.38,-3.128217700416769,-3.0395,6.91,6.25
20260611,600108.SH,,3.62,0.32818392805337976,10.0304,3.62,2.96
20260611,600109.SH,,7.96,10.62183079797171,-0.2506,8.78,7.18
20260611,600110.SH,,12.22,10.499183778675144,0.1639,13.42,10.98
20260611,600111.SH,,47.52,22.10849539406346,1.1494,51.68,42.28
20260611,600113.SH,,34.2,124.68100619759389,-0.7257,37.9,31.01
20260611,600114.SH,,39.72,-181.70173833485825,-1.2186,44.23,36.19
20260611,600115.SH,,3.7,-1.5453368416656226,-3.3943,4.21,3.45
20260611,600116.SH,,6.19,-4.073172336645391,-2.5197,6.99,5.72
20260611,600117.SH,,2.22,4.024655547498187,-0.4484,2.45,2.01
20260611,600118.SH,,78.03,51.06007067137809,0.5282,85.38,69.86
20260611,600119.SH,,4.77,-2.8854878712721557,-2.6531,5.15,4.66
20260611,600120.SH,,4.38,-2.0883993706193675,-3.0973,4.97,4.07
20260611,600121.SH,,4.46,-3.169864960909737,-2.407,5.03,4.11
20260611,600123.SH,,6.71,2.254931612729778,1.9757,7.24,5.92
20260611,600125.SH,,5.49,-6.9590569146913435,-1.7889,6.15,5.03
20260611,600126.SH,,6.64,-1.5520546024028796,-5.2782,7.71,6.31
20260611,600127.SH,,5.79,2.8283913829319527,1.0471,6.3,5.16
20260611,600128.SH,,8.64,-33.6056009334889,-1.2571,9.63,7.88
20260611,600129.SH,,13.02,-10.396869759642259,-2.2523,14.65,11.99
20260611,600130.SH,,4.51,-2.0325386452746854,-3.2189,5.13,4.19
20260611,600131.SH,,14.6,-67.00321248279027,-1.2179,16.26,13.3
20260611,600132.SH,,49.21,-23.313435664203148,-3.1108,55.87,45.71
20260611,600133.SH,,7.78,-4.777989314008476,-2.6283,8.79,7.19
20260611,600135.SH,,8.95,3.30929931595489,1.7045,9.68,7.92
20260611,600136.SH,,1.45,-0.6214374491064159,-3.3333,1.58,1.43
20260611,600137.SH,,18.46,-19.131516219297335,-1.9649,20.71,16.95
20260611,600138.SH,,7.27,-4.69972202469455,-2.5469,8.21,6.71
20260611,600141.SH,,32.73,2.9709171447244205,10.0168,32.73,26.78
20260611,600143.SH,,15.43,-9.01706404862085,-2.7112,17.45,14.27
20260611,600148.SH,,16.38,-111.65644171779137,-1.1467,18.23,14.91
20260611,600149.SH,,5.04,-13.625304136253046,-1.3699,5.62,4.6
20260611,600150.SH,,34.45,-46.56034599270172,-1.7399,38.57,31.55
20260611,600151.SH,,11.22,-27.635467980295573,-1.406,12.52,10.24
20260611,600152.SH,,10.33,-8.769100169779287,-2.178,11.62,9.5
20260611,600153.SH,,9.37,10.488023281844638,-0.1066,10.32,8.44
20260611,600155.SH,,5.2,-2.8829627986915782,-2.8037,5.89,4.82
20260611,600156.SH,,9.08,-29.83897469602366,-1.3043,10.12,8.28
20260611,600157.SH,,1.66,1.0335595541996139,0.6061,1.82,1.49
20260611,600158.SH,,8.55,-0.9500000000000001,-10.0,10.45,8.55
20260611,600159.SH,,2.61,10.897703549060541,-0.7605,2.89,2.37
20260611,600160.SH,,41.0,11.800598664517613,2.4744,44.01,36.01
20260611,600161.SH,,12.36,-4.6408590845943,-3.6633,14.11,11.55
20260611,600162.SH,,3.15,-0.9676527508985346,-4.2553,3.62,2.96
20260611,600163.SH,,5.68,2.5269152059791797,1.2478,6.17,5.05
20260611,600165.SH,,2.79,-3.6681567183802266,-1.7606,2.98,2.7
20260611,600166.SH,,3.01,1.803583198513991,0.6689,3.29,2.69
20260611,600167.SH,,5.78,-10.84021005251313,-1.5332,6.46,5.28
20260611,600168.SH,,4.39,5.68137698977611,-0.2273,4.84,3.96
20260611,600169.SH,,2.21,21.435499515033953,-0.8969,2.34,2.12
20260611,600170.SH,,2.37,-2.223055998499203,-2.0661,2.66,2.18
20260611,600171.SH,,26.23,127.51579970831308,-0.7943,29.08,23.8
20260611,600172.SH,,11.82,-8.012472885032539,-2.4752,13.33,10.91
20260611,600173.SH,,6.49,-2.8481151533769253,-3.2787,7.38,6.04
20260611,600176.SH,,41.07,7.72282813087627,4.318,43.31,35.43
20260611,600177.SH,,7.44,-16.280087527352297,-1.457,8.31,6.8
20260611,600178.SH,,10.57,0.961818446531266,9.9896,10.57,8.65
20260611,600179.SH,,4.35,48.98648648648649,-0.9112,4.83,3.95
20260611,600180.SH,,1.31,-0.6673458991339786,-2.963,1.42,1.28
20260611,600182.SH,,13.43,325.181598062954,-0.9587,14.24,12.88
20260611,600183.SH,,149.73,51.16350589441312,1.9265,161.59,132.21
20260611,600184.SH,,25.72,8.508104531921932,2.023,27.73,22.69
20260611,600185.SH,,4.91,-6.1375,-1.8,5.5,4.5
20260611,600186.SH,,12.63,1.3031500531371558,8.6919,12.78,10.46
20260611,600187.SH,,1.6,-0.42531699407214446,-4.7619,1.76,1.6
20260611,600188.SH,,23.1,-34.98409813721035,-1.6603,25.84,21.14
20260611,600189.SH,,7.74,-8.589501720119854,-1.9011,8.68,7.1
20260611,600191.SH,,10.68,-3.83648250592715,-3.7838,12.21,9.99
20260611,600192.SH,,6.72,-38.07365439093482,-1.1765,7.48,6.12
20260611,600193.SH,,0.16,0.020869474480545738,6.6667,0.17,0.14
20260611,600195.SH,,6.62,-6.181139122315592,-2.071,7.44,6.08
20260611,600196.SH,,21.78,-44.22335025380711,-1.4925,24.32,19.9
20260611,600197.SH,,10.44,-6.863905325443787,-2.521,11.78,9.64
20260611,600198.SH,,9.41,4.310976727139454,1.1828,10.23,8.37
20260611,600199.SH,,6.67,-3.250012181454953,-3.0523,7.57,6.19
20260611,600201.SH,,11.93,-153.145057766367,-1.0779,13.27,10.85
20260611,600202.SH,,5.02,363.76811594202803,-0.9862,5.58,4.56
20260611,600203.SH,,11.45,-93.39314845024467,-1.1226,12.74,10.42
20260611,600206.SH,,34.24,4.753244950371347,6.2035,35.46,29.02
20260611,600207.SH,,6.42,-2.6112421703408444,-3.4586,7.32,5.99
20260611,600208.SH,,2.76,9.836065573770492,-0.7194,3.06,2.5
20260611,600210.SH,,6.36,-26.259289843104877,-1.2422,7.08,5.8
20260611,600211.SH,,35.31,-34.431984397854706,-2.0255,39.64,32.44
20260611,600212.SH,,5.8,-3.8132807363576595,-2.521,6.55,5.36
20260611,600215.SH,,6.25,-10.873347251217815,-1.5748,6.99,5.72
20260611,600216.SH,,11.74,-34.07837445573294,-1.3445,13.09,10.71
20260611,600217.SH,,3.16,-12.64,-1.25,3.52,2.88
20260611,600218.SH,,7.92,inf,-1.0,8.8,7.2
20260611,600219.SH,,4.58,3.183650771583484,0.4386,5.02,4.1
20260611,600221.SH,,1.48,0.6244989240052323,1.3699,1.61,1.31
20260611,600222.SH,,7.61,-6.421399038055862,-2.1851,8.56,7.0
20260611,600223.SH,,5.54,-77.59103641456592,-1.0714,6.16,5.04
20260611,600226.SH,,7.5,-2.754618577147684,-3.7227,8.57,7.01
20260611,600227.SH,,3.0,0.4063388866314506,6.383,3.1,2.54
20260611,600228.SH,,7.45,0.7511519343422631,8.9181,7.52,6.16
20260611,600229.SH,,5.63,-0.7866864153368919,-8.1566,6.74,5.52
20260611,600230.SH,,14.21,16.532867946480515,-0.1405,15.65,12.81
20260611,600231.SH,,1.83,-2.9858051884483605,-1.6129,2.05,1.67
20260611,600232.SH,,6.88,16.303317535545023,-0.578,7.61,6.23
20260611,600233.SH,,16.95,47.7195945945946,-0.6448,18.77,15.35
20260611,600234.SH,,25.54,19.433876122355805,0.3142,28.01,22.91
20260611,600235.SH,,5.57,-23.102447117378674,-1.2411,6.2,5.08
20260611,600236.SH,,9.79,19.902419190892456,-0.5081,10.82,8.86
20260611,600237.SH,,10.28,-3.5142896212224803,-3.9252,11.77,9.63
20260611,600238.SH,,4.9,-2.0823594407377506,-3.3531,5.32,4.82
20260611,600239.SH,,1.4,0.8142375247179248,0.7194,1.46,1.32
20260611,600241.SH,,7.24,-77.93326157158236,-1.0929,8.05,6.59
20260611,600243.SH,,4.12,-6.143751864002385,-1.6706,4.4,3.98
20260611,600246.SH,,17.14,4.214719551479086,3.0667,18.29,14.97
20260611,600248.SH,,2.96,-2.259197069149748,-2.3102,3.33,2.73
20260611,600249.SH,,5.02,-27.71949199337382,-1.1811,5.59,4.57
20260611,600250.SH,,8.7,-5.164430725394752,-2.6846,9.83,8.05
20260611,600251.SH,,9.71,3.942506800925738,1.4629,10.53,8.61
20260611,600252.SH,,2.11,-0.9543193125282677,-3.211,2.4,1.96
20260611,600255.SH,,4.27,0.5705657553649215,6.4838,4.41,3.61
20260611,600256.SH,,6.33,1.029351979835759,5.1495,6.62,5.42
20260611,600257.SH,,5.05,8.340214698596203,-0.3945,5.58,4.56
20260611,600258.SH,,12.49,-17.08852100150499,-1.7309,13.98,11.44
20260611,600259.SH,,92.09,27.252818797904766,2.3791,98.95,80.96
20260611,600261.SH,,3.12,-2.08,-2.5,3.52,2.88
20260611,600262.SH,,20.72,-48.50187265917602,-1.4272,23.12,18.92
20260611,600265.SH,,23.59,19.45727482678984,0.2124,24.72,22.36
20260611,600266.SH,,4.37,4.37,0.0,4.81,3.93
20260611,600267.SH,,9.6,25.336500395882815,-0.6211,10.63,8.69
20260611,600268.SH,,11.91,20.467434267056195,-0.4181,13.16,10.76
20260611,600269.SH,,4.13,-3.646155204378918,-2.1327,4.64,3.8
20260611,600271.SH,,6.87,-4.062204351939452,-2.6912,7.77,6.35
20260611,600272.SH,,11.01,13.448149505313301,-0.1813,12.13,9.93
20260611,600273.SH,,6.94,12.183988764044944,-0.4304,7.67,6.27
20260611,600276.SH,,46.98,50.18158513138218,-0.0638,51.71,42.31
20260611,600278.SH,,6.12,-10.070758597992432,-1.6077,6.84,5.6
20260611,600279.SH,,4.4,-3.0576789437109104,-2.439,4.96,4.06
20260611,600280.SH,,2.89,-0.5591239746169324,-6.1688,3.39,2.77
20260611,600281.SH,,4.85,1.1571036621734463,3.1915,5.17,4.23
20260611,600282.SH,,4.7,-5.347593582887701,-1.8789,5.27,4.31
20260611,600283.SH,,8.17,15.932137285491422,-0.4872,9.03,7.39
20260611,600284.SH,,5.2,-4.141446320484231,-2.2556,5.85,4.79
20260611,600285.SH,,20.65,-105.24974515800207,-1.1962,22.99,18.81
20260611,600287.SH,,4.82,-7.618144460249724,-1.6327,5.39,4.41
20260611,600288.SH,,12.15,-8.619466515323495,-2.4096,13.7,11.21
20260611,600289.SH,,5.63,-4.479274405282839,-2.2569,6.05,5.47
20260611,600292.SH,,13.19,5.720605456043718,1.3057,14.32,11.72
20260611,600293.SH,,3.63,-0.9134833157179526,-4.9738,4.2,3.44
20260611,600295.SH,,13.6,2.6485939082340106,4.1348,14.37,11.75
20260611,600298.SH,,35.87,16.41797876235811,1.1848,39.0,31.91
20260611,600299.SH,,10.04,47.923627684964195,-0.7905,11.13,9.11
20260611,600300.SH,,2.99,-4.637816038467504,-1.6447,3.34,2.74
20260611,600301.SH,,58.54,7.9758028257285725,6.3397,60.56,49.55
20260611,600302.SH,,10.6,-6.374022850270596,-2.663,11.43,10.35
20260611,600303.SH,,3.04,-0.9803605404882453,-4.1009,3.49,2.85
20260611,600305.SH,,6.75,-7.588532883642496,-1.8895,7.57,6.19
20260611,600307.SH,,1.54,0.6649969772864668,1.3158,1.67,1.37
20260611,600308.SH,,3.27,-4.078323771514093,-1.8018,3.66,3.0
20260611,600309.SH,,67.15,-641.9694072657743,-1.1046,74.69,61.11
20260611,600310.SH,,4.76,3.932259396943412,0.2105,5.23,4.28
20260611,600312.SH,,18.15,32.34141126158232,-0.4388,20.05,16.41
20260611,600313.SH,,5.8,2.8357698137192586,1.0453,6.31,5.17
20260611,600315.SH,,17.69,-282.5878594249202,-1.0626,19.67,16.09
20260611,600316.SH,,26.7,31.3969896519285,-0.1496,29.41,24.07
20260611,600318.SH,,6.23,-4.142562670390319,-2.5039,7.03,5.75
20260611,600319.SH,,7.02,9.805838804302276,-0.2841,7.74,6.34
20260611,600320.SH,,4.32,-7.266610597140454,-1.5945,4.83,3.95
20260611,600322.SH,,2.86,0.26,10.0,2.86,2.34
20260611,600323.SH,,30.18,41.027732463295266,-0.2644,33.29,27.23
20260611,600325.SH,,2.59,-17.86206896551724,-1.145,2.88,2.36
20260611,600326.SH,,7.08,-8.81583862532686,-1.8031,7.93,6.49
20260611,600327.SH,,3.42,-1.6161807097963234,-3.1161,3.88,3.18
20260611,600328.SH,,6.56,7.737673979712196,-0.1522,7.23,5.91
20260611,600329.SH,,37.51,-43.73324006062726,-1.8577,42.04,34.4
20260611,600330.SH,,29.31,16.36607292422804,0.7909,31.99,26.17
20260611,600331.SH,,12.66,4.199701443025377,2.0145,13.65,11.17
20260611,600332.SH,,21.39,43.7960687960688,-0.5116,23.65,19.35
20260611,600333.SH,,5.44,6.662584200857318,-0.1835,6.0,4.91
20260611,600335.SH,,5.19,-10.019305019305019,-1.518,5.8,4.74
20260611,600336.SH,,6.98,-5.624949633330648,-2.2409,7.85,6.43
20260611,600337.SH,,2.99,-4.637816038467504,-1.6447,3.19,2.89
20260611,600338.SH,,17.2,3.88481084133258,3.4275,18.29,14.97
20260611,600339.SH,,3.26,1.6901700539195355,0.9288,3.55,2.91
20260611,600340.SH,,1.29,-0.31106074124086713,-5.1471,1.43,1.29
20260611,600343.SH,,23.6,-10.927949620300055,-3.1596,26.81,21.93
20260611,600345.SH,,57.01,-613.0107526881723,-1.093,63.4,51.88
20260611,600346.SH,,16.29,36.159822419533846,-0.5495,18.02,14.74
20260611,600348.SH,,9.01,4.752360356558889,0.8959,9.82,8.04
20260611,600350.SH,,11.04,-2.029150660760564,-6.4407,12.98,10.62
20260611,600351.SH,,6.2,4.684194620731339,0.3236,6.8,5.56
20260611,600352.SH,,10.73,24.172110835773825,-0.5561,11.87,9.71
20260611,600353.SH,,29.94,2.723625678859607,9.9927,29.94,24.5
20260611,600354.SH,,5.3,2.4708624708624707,1.145,5.76,4.72
20260611,600356.SH,,8.47,-50.74895146794486,-1.1669,9.43,7.71
20260611,600358.SH,,5.72,-6.450157870996842,-1.8868,6.41,5.25
20260611,600359.SH,,6.24,3.4517092598738803,0.8078,6.81,5.57
20260611,600360.SH,,11.19,-2.9713223579394583,-4.766,12.93,10.58
20260611,600361.SH,,3.99,1.3099146421536443,2.046,4.3,3.52
20260611,600362.SH,,40.14,296.01769911504414,-0.8644,44.54,36.44
20260611,600363.SH,,32.74,51.5752993068683,-0.3652,36.15,29.57
20260611,600365.SH,,2.52,-2.66525647805394,-1.9455,2.7,2.44
20260611,600366.SH,,13.0,-3.163401873707264,-5.1095,15.07,12.33
20260611,600367.SH,,54.03,-7.465697586049661,-8.2371,64.77,52.99
20260611,600368.SH,,3.74,-3.4180222993968203,-2.0942,4.2,3.44
20260611,600369.SH,,3.83,-3.661567877629064,-2.046,4.3,3.52
20260611,600370.SH,,1.4,-3.427172582619338,-1.4085,1.49,1.35
20260611,600371.SH,,7.05,23.833671399594323,-0.7042,7.81,6.39
20260611,600372.SH,,10.73,10.73,0.0,11.8,9.66
20260611,600373.SH,,7.84,-58.11712379540399,-1.1349,8.72,7.14
20260611,600375.SH,,3.86,-2.5306497082541135,-2.5253,4.36,3.56
20260611,600376.SH,,3.36,-4.453870625662779,-1.7544,3.76,3.08
20260611,600377.SH,,12.37,-6.246212886285599,-2.9804,14.03,11.48
20260611,600378.SH,,63.89,5.806387116709381,10.0034,63.89,52.27
20260611,600379.SH,,12.04,9.03022575564389,0.3333,13.2,10.8
20260611,600380.SH,,9.82,12.325844106941133,-0.2033,10.82,8.86
20260611,600381.SH,,5.36,-3.1121175172734135,-2.7223,5.79,5.23
20260611,600382.SH,,8.22,52.82776349614397,-0.8444,9.12,7.46
20260611,600383.SH,,2.48,12.400000000000002,-0.8,2.75,2.25
20260611,600386.SH,,3.45,-3.489783532267854,-1.9886,3.87,3.17
20260611,600388.SH,,16.63,-128.31790123456796,-1.1296,18.5,15.14
20260611,600389.SH,,22.17,-7.641665517716808,-3.9012,25.38,20.76
20260611,600390.SH,,4.51,-3.8573383510092367,-2.1692,5.07,4.15
20260611,600391.SH,,31.83,6.800119637668775,3.6808,33.77,27.63
20260611,600392.SH,,25.27,3.5880615664224456,6.0428,26.21,21.45
20260611,600395.SH,,5.53,-75.44338335607102,-1.0733,6.15,5.03
20260611,600396.SH,,17.73,-2.8498408718294916,-7.2214,21.02,17.2
20260611,600397.SH,,14.26,3.408384722023041,3.1838,15.2,12.44
20260611,600398.SH,,5.84,7.043782414666506,-0.1709,6.44,5.27
20260611,600399.SH,,4.16,-6.353084911423335,-1.6548,4.65,3.81
20260611,600400.SH,,2.58,-1.5717331708802922,-2.6415,2.92,2.39
20260611,600403.SH,,8.05,1.2923837657333677,5.2288,8.42,6.89
20260611,600405.SH,,4.23,-1.4771616147506637,-3.8636,4.84,3.96
20260611,600406.SH,,22.85,13.060128029263833,0.7496,24.95,20.41
20260611,600408.SH,,2.92,9.133562715045356,-0.6803,3.23,2.65
20260611,600409.SH,,5.97,8.962618225491667,-0.3339,6.59,5.39
20260611,600410.SH,,17.23,-3.4809487252010185,-5.9498,20.15,16.49
20260611,600415.SH,,11.02,20.098486230165967,-0.4517,12.18,9.96
20260611,600416.SH,,9.55,-5.786476005816772,-2.6504,10.79,8.83
20260611,600418.SH,,31.28,-14.104067093516097,-3.2178,35.55,29.09
20260611,600419.SH,,7.91,15.91869591467096,-0.5031,8.75,7.16
20260611,600420.SH,,8.54,-10.177571207245858,-1.8391,9.57,7.83
20260611,600421.SH,,0.27,0.27,0.0,0.3,0.24
20260611,600422.SH,,8.39,15.965746907706944,-0.4745,9.27,7.59
20260611,600423.SH,,2.48,2.48,0.0,2.6,2.36
20260611,600425.SH,,3.53,8.085203847915713,-0.5634,3.91,3.2
20260611,600426.SH,,26.7,34.41608662026295,-0.2242,29.44,24.08
20260611,600428.SH,,7.83,2.432205759015935,2.2193,8.43,6.89
20260611,600429.SH,,4.37,-33.3079268292683,-1.1312,4.86,3.98
20260611,600433.SH,,3.43,-2.2032374100719427,-2.5568,3.87,3.17
20260611,600435.SH,,11.83,-5.819559228650138,-3.0328,13.42,10.98
20260611,600436.SH,,118.35,68.67239178368341,0.7234,129.25,105.75
20260611,600438.SH,,14.2,5.365779927448609,1.6464,15.37,12.57
20260611,600439.SH,,2.27,-0.9441417460383479,-3.4043,2.59,2.12
20260611,600444.SH,,14.12,27.86658772449181,-0.4933,15.61,12.77
20260611,600446.SH,,11.21,-2.3362440864472833,-5.7983,13.09,10.71
20260611,600448.SH,,2.92,4.432974039775314,-0.3413,3.22,2.64
20260611,600449.SH,,12.48,-2.757340756943064,-5.5261,14.53,11.89
20260611,600452.SH,,10.25,-19.087523277467415,-1.537,11.45,9.37
20260611,600455.SH,,24.26,-31.04683900691067,-1.7814,27.17,22.23
20260611,600456.SH,,28.6,31.948168007149242,-0.1048,31.49,25.77
20260611,600458.SH,,15.23,-13.588508208422555,-2.1208,17.12,14.0
20260611,600459.SH,,25.11,2.2854490347595773,9.9869,25.11,20.55
20260611,600460.SH,,33.18,-757.5342465753414,-1.0438,36.88,30.18
20260611,600461.SH,,9.36,-35.21444695259593,-1.2658,10.43,8.53
20260611,600463.SH,,8.98,39.64679911699779,-0.7735,9.96,8.15
20260611,600467.SH,,2.13,-5.476986371817947,-1.3889,2.38,1.94
20260611,600468.SH,,5.63,-3.9472761691088833,-2.4263,6.35,5.19
20260611,600469.SH,,5.54,-77.59103641456592,-1.0714,6.16,5.04
20260611,600470.SH,,5.67,0.5109443007632625,10.0971,5.67,4.64
20260611,600475.SH,,14.17,8.283158940784473,0.7107,15.48,12.66
20260611,600476.SH,,10.24,-6.936729440455223,-2.4762,11.03,9.98
20260611,600477.SH,,2.53,-2.697228144989339,-1.938,2.84,2.32
20260611,600478.SH,,5.4,-54.60060667340749,-1.0989,6.01,4.91
20260611,600479.SH,,9.79,-8.173317749206879,-2.1978,11.01,9.01
20260611,600480.SH,,9.58,-6.634349030470914,-2.444,10.8,8.84
20260611,600481.SH,,5.16,1.0253760705840271,4.0323,5.46,4.46
20260611,600482.SH,,31.37,-7.629076582601717,-5.1119,36.37,29.75
20260611,600483.SH,,11.71,-64.55347298787211,-1.1814,13.04,10.67
20260611,600486.SH,,53.81,551.3319672131147,-0.9024,59.73,48.87
20260611,600487.SH,,102.4,-32.08422108033588,-4.1916,117.57,96.19
20260611,600488.SH,,5.08,-2.7193405063968736,-2.8681,5.75,4.71
20260611,600489.SH,,20.64,11.587043170718015,0.7813,22.53,18.43
20260611,600490.SH,,6.64,2.9916647893669746,1.2195,7.22,5.9
20260611,600491.SH,,1.28,5.693950177935943,-0.7752,1.35,1.23
20260611,600493.SH,,5.99,-12.471372059129711,-1.4803,6.69,5.47
20260611,600495.SH,,3.72,-1.7505882352941178,-3.125,4.22,3.46
20260611,600496.SH,,3.76,-3.4708760269546755,-2.0833,4.22,3.46
20260611,600497.SH,,8.44,2.220176246218598,2.8015,9.03,7.39
20260611,600498.SH,,60.99,5.810065445400246,9.4973,61.27,50.13
20260611,600499.SH,,14.9,22.38581730769231,-0.3344,16.45,13.46
20260611,600500.SH,,7.21,0.6509393931186407,10.0763,7.21,5.9
20260611,600501.SH,,17.25,-19.667084710979363,-1.8771,19.34,15.82
20260611,600502.SH,,4.62,-2.3799711518648263,-2.9412,5.24,4.28
20260611,600503.SH,,2.45,-0.9633153776589471,-3.5433,2.79,2.29
20260611,600505.SH,,14.86,3.425541724296911,3.338,15.82,12.94
20260611,600506.SH,,16.34,10.112637702685975,0.6158,17.86,14.62
20260611,600507.SH,,4.23,-4.941011564069618,-1.8561,4.74,3.88
20260611,600508.SH,,12.79,4.6505708675732675,1.7502,13.83,11.31
20260611,600509.SH,,8.03,-34.91304347826087,-1.23,8.94,7.32
20260611,600510.SH,,7.45,-2.9831024265235846,-3.4974,8.49,6.95
20260611,600511.SH,,27.54,21.947720752311128,0.2548,30.22,24.72
20260611,600512.SH,,2.04,70.10309278350512,-0.9709,2.27,1.85
20260611,600513.SH,,15.77,-16.99536587994396,-1.9279,17.69,14.47
20260611,600515.SH,,2.92,-8.309618668184406,-1.3514,3.26,2.66
20260611,600516.SH,,5.74,2.5686923834243265,1.2346,6.24,5.1
20260611,600517.SH,,4.79,-5.673338860594575,-1.8443,5.37,4.39
20260611,600518.SH,,1.38,-1.223729715349827,-2.1277,1.55,1.27
20260611,600519.SH,,1279.0,1027.721976697469,0.2445,1403.47,1148.29
20260611,600520.SH,,28.77,46.47068324987886,-0.3809,31.77,25.99
20260611,600521.SH,,14.09,-11.542557548947325,-2.2207,15.85,12.97
20260611,600522.SH,,49.27,-57.78794276331222,-1.8526,55.22,45.18
20260611,600523.SH,,10.92,-61.869688385269086,-1.1765,12.16,9.95
20260611,600525.SH,,4.86,-4.005604549575539,-2.2133,5.22,4.72
20260611,600526.SH,,4.42,-5.682694780149138,-1.7778,4.95,4.05
20260611,600527.SH,,2.28,-3.1487363623808866,-1.7241,2.55,2.09
20260611,600528.SH,,6.93,-12.32,-1.5625,7.74,6.34
20260611,600529.SH,,18.05,-7.955046275892464,-3.269,20.53,16.79
20260611,600530.SH,,5.92,-5.153203342618384,-2.1488,6.66,5.45
20260611,600531.SH,,11.9,2.7683431815009536,3.2986,12.67,10.37
20260611,600533.SH,,2.18,1.1319383145542345,0.9259,2.38,1.94
20260611,600535.SH,,14.2,153.01724137931035,-0.9072,15.76,12.9
20260611,600536.SH,,33.13,-10.84664745940283,-4.0544,37.98,31.08
20260611,600537.SH,,2.46,0.40142293006102936,5.1282,2.46,2.22
20260611,600538.SH,,5.91,2.688074229054853,1.1986,6.42,5.26
20260611,600539.SH,,14.85,17.157712305025996,-0.1345,16.36,13.38
20260611,600540.SH,,4.45,1.8802552076731316,1.3667,4.83,3.95
20260611,600543.SH,,4.18,-22.967032967032974,-1.182,4.44,4.02
20260611,600545.SH,,5.76,-3.382862512480178,-2.7027,6.51,5.33
20260611,600546.SH,,13.03,41.49681528662421,-0.686,14.43,11.81
20260611,600547.SH,,26.95,11.83211134038723,1.2777,29.27,23.95
20260611,600548.SH,,8.53,-7.235558571549749,-2.1789,9.59,7.85
20260611,600549.SH,,67.44,9.044821759072986,6.4562,69.69,57.02
20260611,600550.SH,,11.86,14.261664261664261,-0.1684,13.07,10.69
20260611,600551.SH,,7.31,141.94174757281556,-0.9485,8.12,6.64
20260611,600552.SH,,20.59,36.45538243626063,-0.4352,22.75,18.61
20260611,600556.SH,,4.91,-0.7136731638541258,-7.8799,5.86,4.8
20260611,600557.SH,,11.7,-9.966777408637872,-2.1739,13.16,10.76
20260611,600558.SH,,5.27,-41.9252187748608,-1.1257,5.86,4.8
20260611,600559.SH,,12.14,4.024131530098117,2.0168,13.09,10.71
20260611,600560.SH,,11.92,-4.656431891870777,-3.5599,13.6,11.12
20260611,600561.SH,,5.56,-5.914893617021277,-1.94,6.24,5.1
20260611,600562.SH,,21.0,24.495509156654613,-0.1427,23.13,18.93
20260611,600563.SH,,150.25,-72.77791232744006,-3.0645,170.5,139.5
20260611,600566.SH,,26.37,-15.569463305189819,-2.6937,29.81,24.39
20260611,600567.SH,,1.31,-0.38761983666706123,-4.3796,1.51,1.23
20260611,600568.SH,,2.54,-2.7297152068780224,-1.9305,2.72,2.46
20260611,600569.SH,,1.81,4.017758046614873,-0.5495,2.0,1.64
20260611,600570.SH,,21.02,-8.296167659943954,-3.5337,23.97,19.61
20260611,600571.SH,,10.23,-4.107443989400145,-3.4906,11.66,9.54
20260611,600572.SH,,4.07,-8.988515901060069,-1.4528,4.54,3.72
20260611,600573.SH,,13.31,4.0261350918055605,2.3059,14.31,11.71
20260611,600575.SH,,3.75,1.2921232168699608,1.9022,4.05,3.31
20260611,600576.SH,,5.62,-24.41355343179844,-1.2302,6.26,5.12
20260611,600577.SH,,10.85,6.972559604138551,0.5561,11.87,9.71
20260611,600578.SH,,7.78,-1.7873552655761809,-5.3528,9.04,7.4
20260611,600579.SH,,6.74,-1.712180871332402,-4.9365,7.8,6.38
20260611,600580.SH,,34.83,-15.297114497782072,-3.2769,39.61,32.41
20260611,600581.SH,,2.53,1.8112829324169528,0.3968,2.65,2.39
20260611,600582.SH,,5.53,-22.12,-1.25,6.16,5.04
20260611,600583.SH,,5.43,3.490614553869889,0.5556,5.94,4.86
20260611,600584.SH,,71.95,-39.190587722642846,-2.8359,81.46,66.65
20260611,600585.SH,,18.57,-157.10659898477147,-1.1182,20.66,16.9
20260611,600586.SH,,4.7,-6.977434679334918,-1.6736,5.26,4.3
20260611,600587.SH,,12.58,34.17549578918772,-0.6319,13.93,11.39
20260611,600588.SH,,9.9,-2.957165899994026,-4.3478,11.39,9.32
20260611,600589.SH,,9.43,-2.2313717138733113,-5.2261,10.95,8.96
20260611,600590.SH,,11.45,-4.371063179996182,-3.6195,13.07,10.69
20260611,600592.SH,,16.41,-1.8266822507931209,-9.9835,20.05,16.41
20260611,600593.SH,,39.6,24.21574023115025,0.6353,43.29,35.42
20260611,600594.SH,,3.25,-3.9990156269226036,-1.8127,3.64,2.98
20260611,600595.SH,,6.6,9.456942255337442,-0.3021,7.28,5.96
20260611,600596.SH,,14.3,-5.555987256197064,-3.5738,16.31,13.35
20260611,600597.SH,,6.61,-3.4126697299808972,-2.9369,7.49,6.13
20260611,600598.SH,,14.0,11.52547954227381,0.2147,15.37,12.57
20260611,600599.SH,,0.41,0.11714285714285713,2.5,0.44,0.36
20260611,600600.SH,,60.69,137.02867464438927,-0.5571,67.13,54.93
20260611,600601.SH,,11.72,-27.26849697533737,-1.4298,13.08,10.7
20260611,600602.SH,,16.67,-4.097534596760318,-5.0683,19.32,15.8
20260611,600603.SH,,4.46,-4.560327198364008,-1.978,5.01,4.1
20260611,600604.SH,,4.1,-3.5714285714285707,-2.148,4.61,3.77
20260611,600605.SH,,29.89,18.22894431908276,0.6397,32.67,26.73
20260611,600606.SH,,1.36,5.03517215845983,-0.7299,1.51,1.23
20260611,600608.SH,,0.17,0.17,0.0,0.19,0.15
20260611,600609.SH,,3.33,-3.1450698904420094,-2.0588,3.74,3.06
20260611,600610.SH,,8.35,1.766560179406351,3.7267,8.86,7.25
20260611,600611.SH,,4.22,-0.5372169108754599,-8.8553,5.09,4.17
20260611,600612.SH,,34.6,-37.30860470131551,-1.9274,38.81,31.75
20260611,600613.SH,,4.85,26.64835164835164,-0.818,5.38,4.4
20260611,600615.SH,,9.24,-130.6930693069307,-1.0707,10.27,8.41
20260611,600616.SH,,4.19,77.02205882352942,-0.9456,4.65,3.81
20260611,600617.SH,,3.09,-2.0279582594999015,-2.5237,3.49,2.85
20260611,600618.SH,,10.7,1.6670042220387304,5.4187,11.17,9.14
20260611,600619.SH,,14.42,32.16596029444568,-0.5517,15.95,13.05
20260611,600620.SH,,4.47,-5.895542073331574,-1.7582,5.01,4.1
20260611,600621.SH,,11.99,-7.886601328685127,-2.5203,13.53,11.07
20260611,600622.SH,,2.25,-3.0132583366813983,-1.7467,2.52,2.06
20260611,600623.SH,,8.37,2.4274941995359627,2.448,8.99,7.35
20260611,600624.SH,,3.86,1.1395506745785728,2.3873,3.96,3.58
20260611,600626.SH,,3.39,-7.475192943770673,-1.4535,3.78,3.1
20260611,600628.SH,,6.04,-12.900469884664675,-1.4682,6.74,5.52
20260611,600629.SH,,15.9,125.00000000000003,-0.8728,17.64,14.44
20260611,600630.SH,,8.95,5.730567294147778,0.5618,9.79,8.01
20260611,600633.SH,,10.91,-3.394312737228548,-4.2142,12.53,10.25
20260611,600635.SH,,4.77,-2.576567817209528,-2.8513,5.4,4.42
20260611,600636.SH,,1.6,0.32679071097404055,3.8961,1.69,1.39
20260611,600637.SH,,8.44,-3.469681397738951,-3.4325,9.61,7.87
20260611,600638.SH,,5.18,12.21122112211221,-0.5758,5.73,4.69
20260611,600639.SH,,9.64,4.962932454695222,0.9424,10.51,8.6
20260611,600640.SH,,10.51,-2.2995295919483643,-5.5705,12.24,10.02
20260611,600641.SH,,28.91,4.808156069652569,5.0127,30.28,24.78
20260611,600642.SH,,9.56,4.209228601620288,1.2712,10.38,8.5
20260611,600643.SH,,3.9,-2.237393150134817,-2.7431,4.41,3.61
20260611,600644.SH,,9.8,-3.586065573770492,-3.7328,11.2,9.16
20260611,600645.SH,,18.19,-23.263844481391484,-1.7819,20.37,16.67
20260611,600648.SH,,8.73,-9.592352488737502,-1.9101,9.79,8.01
20260611,600649.SH,,3.64,8.024691358024691,-0.5464,4.03,3.29
20260611,600650.SH,,10.11,-4.888545041342295,-3.0681,11.47,9.39
20260611,600651.SH,,6.01,34.36249285305888,-0.8251,6.67,5.45
20260611,600653.SH,,1.63,-0.6391404932753009,-3.5503,1.86,1.52
20260611,600654.SH,,2.85,-0.5428571428571429,-6.25,3.34,2.74
20260611,600655.SH,,4.37,-12.330699774266364,-1.3544,4.87,3.99
20260611,600657.SH,,2.72,1.9868517165814465,0.369,2.98,2.44
20260611,600658.SH,,4.33,51.121605667060216,-0.9153,4.81,3.93
20260611,600660.SH,,52.41,-253.92441860465124,-1.2064,58.36,47.75
20260611,600661.SH,,7.82,-12.311083123425693,-1.6352,8.75,7.16
20260611,600662.SH,,4.17,-1.4295019025744746,-3.9171,4.77,3.91
20260611,600663.SH,,6.5,-9.787682577925013,-1.6641,7.27,5.95
20260611,600664.SH,,3.09,8.657887363407117,-0.6431,3.42,2.8
20260611,600665.SH,,4.07,0.37000000000000005,10.0,4.07,3.33
20260611,600666.SH,,4.38,-2.0883993706193675,-3.0973,4.97,4.07
20260611,600667.SH,,17.51,1.593643628155888,9.9874,17.51,14.33
20260611,600668.SH,,7.33,-8.384808968199495,-1.8742,8.22,6.72
20260611,600671.SH,,15.94,-16.46694214876033,-1.968,17.89,14.63
20260611,600673.SH,,33.14,63.79210779595764,-0.4805,36.63,29.97
20260611,600674.SH,,15.51,4.503615087546096,2.4439,16.65,13.63
20260611,600675.SH,,2.36,14.777708202880405,-0.8403,2.62,2.14
20260611,600676.SH,,6.32,1.4243858462925403,3.437,6.72,5.5
20260611,600678.SH,,6.02,1.7805383022774326,2.381,6.17,5.59
20260611,600679.SH,,9.31,-2.510584364803279,-4.7083,10.75,8.79
20260611,600681.SH,,3.53,1.9008130956868234,0.8571,3.85,3.15
20260611,600682.SH,,5.84,-16.619237336368812,-1.3514,6.51,5.33
20260611,600683.SH,,12.63,-2.874832130744543,-5.3933,14.69,12.02
20260611,600684.SH,,3.34,4.761225944404846,-0.2985,3.69,3.02
20260611,600685.SH,,25.12,-60.837975296682,-1.4129,28.03,22.93
20260611,600686.SH,,12.3,-8.433900164563905,-2.4584,13.87,11.35
20260611,600688.SH,,2.89,-1.232672211558968,-3.3445,3.29,2.69
20260611,600689.SH,,11.39,2.4549001012996534,3.6397,12.09,9.89
20260611,600690.SH,,21.11,4.820735327700389,3.379,22.46,18.38
20260611,600691.SH,,2.62,4.227170054856406,-0.3802,2.89,2.37
20260611,600692.SH,,6.29,-7.212475633528264,-1.8721,7.05,5.77
20260611,600693.SH,,8.63,-3.092746559633028,-3.7904,9.87,8.07
20260611,600694.SH,,14.42,12.661339889366932,0.1389,15.84,12.96
20260611,600696.SH,,0.59,0.59,0.0,0.65,0.53
20260611,600697.SH,,10.81,62.01950659781985,-0.8257,11.99,9.81
20260611,600698.SH,,7.14,1.4050692695214106,4.0816,7.55,6.17
20260611,600699.SH,,23.53,-13.30430849259301,-2.7686,26.62,21.78
20260611,600702.SH,,37.88,-19.712739383846795,-2.9216,42.92,35.12
20260611,600703.SH,,15.26,-15.39858728557013,-1.991,17.13,14.01
20260611,600704.SH,,4.67,-78.75210792580113,-1.0593,5.19,4.25
20260611,600706.SH,,7.65,-11.400894187779434,-1.671,8.56,7.0
20260611,600707.SH,,10.61,-1.9813998655411966,-6.3548,12.46,10.2
20260611,600708.SH,,2.85,-1.0492599955820632,-3.7162,3.26,2.66
20260611,600710.SH,,10.85,-8.664058133035216,-2.2523,12.21,9.99
20260611,600711.SH,,11.83,2.045651046169808,4.783,12.42,10.16
20260611,600712.SH,,5.33,75.4957507082153,-0.9294,5.92,4.84
20260611,600713.SH,,4.87,-4.811777492342653,-2.0121,5.47,4.47
20260611,600714.SH,,29.22,12.236693328866366,1.3879,31.7,25.94
20260611,600715.SH,,1.68,-0.6861904178409508,-3.4483,1.91,1.57
20260611,600716.SH,,3.73,2.4234942498862972,0.5391,4.08,3.34
20260611,600718.SH,,7.73,-5.525375268048607,-2.399,8.71,7.13
20260611,600719.SH,,8.74,-2.028406981062013,-5.3088,10.15,8.31
20260611,600720.SH,,5.53,-9.195211173927504,-1.6014,6.18,5.06
20260611,600721.SH,,7.87,-9.042858784327242,-1.8703,8.82,7.22
20260611,600722.SH,,10.82,0.987289334172803,9.9593,10.82,8.86
20260611,600724.SH,,6.64,1.7536446228607647,2.7864,7.11,5.81
20260611,600725.SH,,3.8,2.4851219671702305,0.5291,4.16,3.4
20260611,600726.SH,,8.12,-3.032906286183842,-3.6773,9.27,7.59
20260611,600727.SH,,7.6,-2.157497303128371,-4.5226,8.76,7.16
20260611,600728.SH,,4.55,-1.5124318574657625,-4.0084,5.21,4.27
20260611,600729.SH,,20.05,4.149248789371301,3.8322,21.24,17.38
20260611,600730.SH,,12.98,2.157508061567102,5.0162,12.98,11.74
20260611,600731.SH,,5.4,-6.5998533365925205,-1.8182,6.05,4.95
20260611,600732.SH,,12.54,2.5623212096444625,3.894,13.28,10.86
20260611,600733.SH,,5.7,-7.871840905952217,-1.7241,6.38,5.22
20260611,600734.SH,,1.94,-0.565021115479831,-4.4335,2.13,1.93
20260611,600735.SH,,6.13,2.639624510183869,1.3223,6.35,5.75
20260611,600736.SH,,7.78,1.211819130543138,5.4201,8.12,6.64
20260611,600737.SH,,12.72,-13.714285714285715,-1.9275,14.27,11.67
20260611,600738.SH,,4.05,-8.806262230919765,-1.4599,4.52,3.7
20260611,600739.SH,,9.91,99.10000000000002,-0.9,11.0,9.0
20260611,600740.SH,,3.66,1.7387173396674585,1.105,3.98,3.26
20260611,600741.SH,,16.65,12.795880725484166,0.3012,18.26,14.94
20260611,600742.SH,,7.92,3.68474923234391,1.1494,8.61,7.05
20260611,600743.SH,,2.24,-1.1032852287839237,-3.0303,2.54,2.08
20260611,600744.SH,,7.18,-9.224049331963,-1.7784,8.04,6.58
20260611,600745.SH,,17.94,-4.508897154921082,-4.9788,19.82,17.94
20260611,600746.SH,,6.08,4.571428571428571,0.33,6.67,5.45
20260611,600748.SH,,4.02,-3.3787191124558746,-2.1898,4.52,3.7
20260611,600749.SH,,16.12,-3.5742793791574283,-5.51,18.77,15.35
20260611,600750.SH,,25.0,-20.338431500162706,-2.2292,28.13,23.01
20260611,600751.SH,,2.97,8.970099667774088,-0.6689,3.29,2.69
20260611,600753.SH,,10.97,-2.727770041774418,-5.0216,12.13,10.97
20260611,600754.SH,,19.29,-33.16712517193948,-1.5816,21.56,17.64
20260611,600755.SH,,5.52,-12.879141390573958,-1.4286,6.16,5.04
20260611,600756.SH,,12.91,-3.3413567305950256,-4.8637,14.93,12.21
20260611,600757.SH,,7.99,-11.066481994459835,-1.722,8.94,7.32
20260611,600758.SH,,4.08,-4.419889502762431,-1.9231,4.58,3.74
20260611,600759.SH,,2.58,0.7630878438331855,2.381,2.65,2.39
20260611,600760.SH,,41.62,17.424432722096622,1.3886,45.16,36.95
20260611,600761.SH,,16.02,-13.37451995324762,-2.1978,18.02,14.74
20260611,600763.SH,,33.53,115.90044936052541,-0.7107,37.15,30.39
20260611,600764.SH,,18.78,-36.06683310927598,-1.5207,20.98,17.16
20260611,600765.SH,,13.27,9.125292256911017,0.4542,14.53,11.89
20260611,600768.SH,,15.1,-26.74933569530558,-1.5645,16.87,13.81
20260611,600769.SH,,16.38,3.150908916033471,4.1985,17.29,14.15
20260611,600770.SH,,5.72,-3.0325522213975185,-2.8862,6.48,5.3
20260611,600771.SH,,13.76,-27.3449920508744,-1.5032,15.37,12.57
20260611,600773.SH,,14.7,-1455.4455445544556,-1.0101,16.34,13.37
20260611,600774.SH,,7.02,23.975409836065577,-0.7072,7.78,6.36
20260611,600775.SH,,10.03,-7.004679097702352,-2.4319,11.31,9.25
20260611,600776.SH,,15.35,-2.6208851249829257,-6.8568,18.13,14.83
20260611,600777.SH,,5.34,-18.16944538958829,-1.2939,5.68,5.14
20260611,600778.SH,,5.64,19.06693711967546,-0.7042,6.25,5.11
20260611,600779.SH,,28.5,-11.162025613911409,-3.5533,32.51,26.6
20260611,600780.SH,,6.51,2.900810979413599,1.2442,7.07,5.79
20260611,600782.SH,,2.59,2.59,0.0,2.85,2.33
20260611,600783.SH,,21.95,-27.795365328605797,-1.7897,24.59,20.12
20260611,600784.SH,,6.88,-3.770069592854403,-2.8249,7.79,6.37
20260611,600785.SH,,14.95,37.226095617529886,-0.5984,16.54,13.54
20260611,600787.SH,,4.5,-8.463419221365431,-1.5317,5.03,4.11
20260611,600789.SH,,7.0,-7.285595337218983,-1.9608,7.85,6.43
20260611,600790.SH,,3.79,17.652538425710294,-0.7853,4.2,3.44
20260611,600791.SH,,13.49,1.805406852248394,6.472,13.94,11.4
20260611,600792.SH,,3.9,-5.110062893081761,-1.7632,4.37,3.57
20260611,600793.SH,,13.39,347.792207792208,-0.9615,14.87,12.17
20260611,600794.SH,,3.06,-2.4749272080232934,-2.2364,3.44,2.82
20260611,600795.SH,,4.99,2.059600462275054,1.4228,5.41,4.43
20260611,600796.SH,,5.05,-13.752723311546841,-1.3672,5.63,4.61
20260611,600797.SH,,7.22,-1.5218903480112138,-5.7441,8.43,6.89
20260611,600798.SH,,3.31,32.514734774066795,-0.8982,3.67,3.01
20260611,600800.SH,,3.64,-2.5762615896383325,-2.4129,4.1,3.36
20260611,600801.SH,,18.77,5.707248844563366,2.2888,20.19,16.52
20260611,600802.SH,,4.75,-19.199676637025057,-1.2474,5.29,4.33
20260611,600803.SH,,18.23,7.450243164820793,1.4469,19.77,16.17
20260611,600805.SH,,4.37,-12.330699774266364,-1.3544,4.87,3.99
20260611,600807.SH,,2.58,2.58,0.0,2.84,2.32
20260611,600808.SH,,2.81,-49.91119005328596,-1.0563,3.12,2.56
20260611,600809.SH,,119.6,71.11005410547595,0.6819,130.67,106.91
20260611,600810.SH,,6.26,2.937725843540288,1.1309,6.81,5.57
20260611,600812.SH,,4.35,5.6449519854658705,-0.2294,4.8,3.92
20260611,600814.SH,,6.77,-11.305945223780894,-1.5988,7.57,6.19
20260611,600815.SH,,2.96,-1.8141701397401322,-2.6316,3.34,2.74
20260611,600816.SH,,2.61,-1.6192071468453377,-2.6119,2.95,2.41
20260611,600817.SH,,9.65,-13.197483588621443,-1.7312,10.8,8.84
20260611,600818.SH,,5.6,-2.014316031797417,-3.7801,6.11,5.53
20260611,600819.SH,,6.4,-9.279396839205452,-1.6897,7.16,5.86
20260611,600820.SH,,5.37,-8.281924737816162,-1.6484,6.01,4.91
20260611,600821.SH,,6.4,-3.687485595759392,-2.7356,7.24,5.92
20260611,600822.SH,,8.31,-12.65225334957369,-1.6568,9.3,7.61
20260611,600824.SH,,3.58,-34.0952380952381,-1.105,3.98,3.26
20260611,600825.SH,,4.8,-0.828143061713911,-6.7961,5.67,4.64
20260611,600826.SH,,9.27,-53.676896352055564,-1.1727,10.32,8.44
20260611,600827.SH,,7.89,-7.989064398541919,-1.9876,8.86,7.25
20260611,600828.SH,,3.98,-0.8105576147611095,-5.9102,4.65,3.81
20260611,600829.SH,,8.28,-109.9601593625499,-1.0753,9.21,7.53
20260611,600830.SH,,8.13,55.570745044429266,-0.8537,9.02,7.38
20260611,600831.SH,,3.27,-2.3557380592176353,-2.3881,3.69,3.02
20260611,600833.SH,,9.95,-51.90401669274909,-1.1917,11.08,9.06
20260611,600834.SH,,7.17,-11.09735335087448,-1.6461,8.02,6.56
20260611,600835.SH,,19.8,-20.199959192001632,-1.9802,22.22,18.18
20260611,600838.SH,,7.56,-17.411331183786277,-1.4342,8.44,6.9
20260611,600839.SH,,6.67,-1.9382210211257374,-4.4413,7.68,6.28
20260611,600841.SH,,6.71,-20.741885625966002,-1.3235,7.48,6.12
20260611,600843.SH,,8.16,-3.355263157894737,-3.432,9.3,7.61
20260611,600844.SH,,2.88,1.0409136909064622,1.7668,3.11,2.55
20260611,600845.SH,,17.91,-3.7418519137556405,-5.7864,20.91,17.11
20260611,600846.SH,,10.05,-1.8234269540605272,-6.5116,11.83,9.68
20260611,600847.SH,,14.45,-5.054391549197243,-3.8589,16.53,13.53
20260611,600848.SH,,8.0,-5.1351177867642335,-2.5579,9.03,7.39
20260611,600850.SH,,18.26,-6.420308709257762,-3.8441,20.89,17.09
20260611,600851.SH,,7.11,7.11,0.0,7.82,6.4
20260611,600853.SH,,3.31,-1.3247948769261557,-3.4985,3.77,3.09
20260611,600854.SH,,4.39,-7.708516242317824,-1.5695,4.91,4.01
20260611,600855.SH,,14.25,-341.7266187050354,-1.0417,15.84,12.96
20260611,600857.SH,,14.16,-14.062965537789255,-2.0069,15.9,13.01
20260611,600858.SH,,4.82,12.637650760356584,-0.6186,5.34,4.37
20260611,600859.SH,,10.18,-9.126770665232202,-2.1154,11.44,9.36
20260611,600860.SH,,8.69,-18.337201941337835,-1.4739,9.7,7.94
20260611,600861.SH,,14.53,45.90837282780411,-0.6835,16.09,13.17
20260611,600862.SH,,17.15,15.356375358166188,0.1168,18.84,15.42
20260611,600863.SH,,5.49,-4.180627474870545,-2.3132,6.18,5.06
20260611,600864.SH,,5.04,-5.33051295610788,-1.9455,5.65,4.63
20260611,600865.SH,,9.19,-12.921822272215971,-1.7112,10.29,8.42
20260611,600866.SH,,4.64,-6.677219743848035,-1.6949,5.19,4.25
20260611,600867.SH,,7.38,-4.504119621605127,-2.6385,8.34,6.82
20260611,600868.SH,,3.02,3.02,0.0,3.32,2.72
20260611,600869.SH,,29.5,-5.365977881257276,-6.4976,34.71,28.4
20260611,600871.SH,,2.22,1.1628516054685454,0.9091,2.42,1.98
20260611,600872.SH,,17.52,-17.28833629366489,-2.0134,19.67,16.09
20260611,600873.SH,,8.73,-2.5044466119685582,-4.4858,10.05,8.23
20260611,600874.SH,,5.82,2.8505657050497133,1.0417,6.34,5.18
20260611,600875.SH,,29.49,-27.015390252839865,-2.0916,33.13,27.11
20260611,600876.SH,,8.41,-11.179050910541008,-1.7523,9.42,7.7
20260611,600877.SH,,13.13,-10.049751243781094,-2.3065,14.78,12.1
20260611,600879.SH,,20.12,-7.490692479523456,-3.686,22.98,18.8
20260611,600880.SH,,4.03,-1.1506395614435816,-4.5024,4.64,3.8
20260611,600881.SH,,1.68,-0.4112909148774696,-5.0847,1.95,1.59
20260611,600882.SH,,18.92,22.4783176903885,-0.1583,20.85,17.06
20260611,600883.SH,,7.82,-56.74891146589263,-1.1378,8.7,7.12
20260611,600884.SH,,13.1,11.362650706913001,0.1529,14.39,11.77
20260611,600885.SH,,31.69,53.57565511411665,-0.4085,35.0,28.64
20260611,600886.SH,,13.77,6.79295545360367,1.0271,14.99,12.27
20260611,600887.SH,,25.61,22.921328201915333,0.1173,28.14,23.02
20260611,600888.SH,,11.14,3.3801620293109202,2.2957,11.98,9.8
20260611,600889.SH,,15.85,-7.929757854712827,-2.9988,17.16,15.52
20260611,600892.SH,,3.5,-2.8349262919164104,-2.2346,3.76,3.4
20260611,600893.SH,,38.19,24.592697533646724,0.5529,41.78,34.18
20260611,600894.SH,,8.36,-4.9836065573770485,-2.6775,9.45,7.73
20260611,600895.SH,,32.47,7.258136623748213,3.4736,34.52,28.24
20260611,600897.SH,,15.76,6.033921666219992,1.6119,17.06,13.96
20260611,600900.SH,,27.89,16.193462230737964,0.7223,30.46,24.92
20260611,600901.SH,,6.58,-3.6424024356490445,-2.8065,7.45,6.09
20260611,600903.SH,,9.18,-23.164269492808472,-1.3963,10.24,8.38
20260611,600905.SH,,4.16,1.8768328445747802,1.2165,4.52,3.7
20260611,600906.SH,,6.35,-1.6116342224816627,-4.9401,7.35,6.01
20260611,600908.SH,,5.5,12.021857923497267,-0.5425,6.08,4.98
20260611,600909.SH,,7.27,-5.133818233175623,-2.4161,8.2,6.71
20260611,600916.SH,,7.47,4.855694227769111,0.5384,8.17,6.69
20260611,600917.SH,,5.0,2.4874384358987114,1.0101,5.45,4.46
20260611,600918.SH,,5.19,6.4256530890182,-0.1923,5.72,4.68
20260611,600919.SH,,11.78,8.25913201991166,0.4263,12.9,10.56
20260611,600925.SH,,4.37,-7.578910856746445,-1.5766,4.88,4.0
20260611,600926.SH,,16.61,16.61,0.0,18.27,14.95
20260611,600927.SH,,12.12,-15.48288196218702,-1.7828,13.57,11.11
20260611,600928.SH,,3.49,-3.611714788368002,-1.9663,3.92,3.2
20260611,600929.SH,,5.0,12.388503468780973,-0.5964,5.53,4.53
20260611,600930.SH,,5.69,11.966351209253418,-0.5245,6.29,5.15
20260611,600933.SH,,14.4,-47.63479986768111,-1.3023,16.05,13.13
20260611,600935.SH,,2.31,1.6099804850850292,0.4348,2.53,2.07
20260611,600936.SH,,4.94,-1.5136658904277485,-4.2636,5.68,4.64
20260611,600938.SH,,33.82,104.22187981510015,-0.6755,37.46,30.65
20260611,600939.SH,,2.68,10.335518704203627,-0.7407,2.97,2.43
20260611,600941.SH,,95.97,-285.2005943536404,-1.3365,107.0,87.54
20260611,600955.SH,,15.2,-22.293927838075682,-1.6818,17.01,13.91
20260611,600956.SH,,7.86,6.971793507184673,0.1274,8.64,7.07
20260611,600958.SH,,8.82,20.215448086179233,-0.5637,9.76,7.98
20260611,600959.SH,,3.17,-1.3468156519522454,-3.3537,3.61,2.95
20260611,600960.SH,,4.03,-4.257791864764924,-1.9465,4.52,3.7
20260611,600961.SH,,23.1,6.460634876241086,2.5755,24.77,20.27
20260611,600962.SH,,23.83,-9.028909180464517,-3.6393,27.2,22.26
20260611,600963.SH,,3.49,-1.5016565552256789,-3.3241,3.97,3.25
20260611,600965.SH,,2.68,-0.6759994955227645,-4.9645,2.96,2.68
20260611,600966.SH,,5.23,-1.0974023248982334,-5.7658,6.11,5.0
20260611,600967.SH,,11.59,-5.535918991211311,-3.0936,13.16,10.76
20260611,600968.SH,,3.82,3.0257425742574258,0.2625,4.19,3.43
20260611,600969.SH,,9.55,2.8439547349612866,2.358,10.26,8.4
20260611,600970.SH,,8.33,-5.70938999314599,-2.459,9.39,7.69
20260611,600971.SH,,7.76,5.111652723799486,0.5181,8.49,6.95
20260611,600973.SH,,6.35,99.21875000000009,-0.936,7.05,5.77
20260611,600975.SH,,4.79,4.79,0.0,5.27,4.31
20260611,600976.SH,,26.27,-16.100759990193673,-2.6316,29.68,24.28
20260611,600977.SH,,13.26,-3.9022954679223076,-4.398,15.26,12.48
20260611,600979.SH,,4.99,0.45729891219677604,9.9119,4.99,4.09
20260611,600980.SH,,20.53,114.88528259653053,-0.8213,22.77,18.63
20260611,600981.SH,,2.78,0.7758861289422271,2.583,2.98,2.44
20260611,600982.SH,,5.56,3.6045380875202593,0.5425,6.08,4.98
20260611,600983.SH,,8.63,2.4698777939955927,2.4941,9.26,7.58
20260611,600984.SH,,4.13,-1.6489000678723997,-3.5047,4.71,3.85
20260611,600985.SH,,16.42,7.5643801538674165,1.1707,17.85,14.61
20260611,600986.SH,,7.69,-2.2933317428128355,-4.3532,8.84,7.24
20260611,600987.SH,,6.38,4.853556485355648,0.3145,7.0,5.72
20260611,600988.SH,,28.26,21.417203486169004,0.3195,30.99,25.35
20260611,600989.SH,,22.96,7.116731758725436,2.2262,24.71,20.21
20260611,600990.SH,,18.15,62.84626038781164,-0.7112,20.11,16.45
20260611,600992.SH,,10.01,-17.460317460317462,-1.5733,11.19,9.15
20260611,600993.SH,,23.32,-74.76755370310995,-1.3119,25.99,21.27
20260611,600995.SH,,13.15,12.220053898336586,0.0761,14.45,11.83
20260611,600996.SH,,8.8,27.261462205700127,-0.6772,9.75,7.97
20260611,600997.SH,,5.25,21.52521525215252,-0.7561,5.82,4.76
20260611,600998.SH,,4.73,3.902962290618038,0.2119,5.19,4.25
20260611,600999.SH,,17.24,13.986694791497646,0.2326,18.92,15.48
20260611,601000.SH,,4.2,-10.281517747858015,-1.4085,4.69,3.83
20260611,601001.SH,,20.54,10.622123390391478,0.9337,22.39,18.32
20260611,601002.SH,,4.81,-20.732758620689655,-1.232,5.36,4.38
20260611,601003.SH,,3.55,1.3055310385407473,1.7192,3.84,3.14
20260611,601005.SH,,1.23,6.3565891472868215,-0.8065,1.36,1.12
20260611,601006.SH,,5.03,-28.13199105145413,-1.1788,5.6,4.58
20260611,601007.SH,,6.55,-4.730949801372336,-2.3845,7.38,6.04
20260611,601008.SH,,4.37,2.583964049195837,0.6912,4.77,3.91
20260611,601009.SH,,11.68,9.288270377733598,0.2575,12.82,10.49
20260611,601010.SH,,1.6,4.2227500659804695,-0.6211,1.69,1.53
20260611,601011.SH,,2.85,-2.683868537527074,-2.0619,3.2,2.62
20260611,601012.SH,,13.64,-6.418823529411765,-3.125,15.49,12.67
20260611,601015.SH,,3.42,1.8143236074270557,0.885,3.73,3.05
20260611,601016.SH,,3.99,2.65327836148424,0.5038,4.37,3.57
20260611,601018.SH,,3.32,8.275174476570289,-0.5988,3.67,3.01
20260611,601019.SH,,6.9,-16.09892673821745,-1.4286,7.7,6.3
20260611,601020.SH,,20.54,-191.24767225325894,-1.1074,22.85,18.69
20260611,601021.SH,,44.0,-28.440307672419365,-2.5471,49.67,40.64
20260611,601022.SH,,7.61,-25.62289562289563,-1.297,8.48,6.94
20260611,601026.SH,,14.6,-5.175836642087351,-3.8208,16.7,13.66
20260611,601033.SH,,13.59,-11.046984230206471,-2.2302,15.29,12.51
20260611,601038.SH,,11.48,225.54027504911616,-0.9491,12.75,10.43
20260611,601058.SH,,12.18,-4.034582132564841,-4.0189,13.96,11.42
20260611,601059.SH,,14.77,-4.8768407845209,-4.0286,16.93,13.85
20260611,601061.SH,,11.14,6.139432350509782,0.8145,12.16,9.95
20260611,601065.SH,,7.25,-7.0593962999026285,-2.027,8.14,6.66
20260611,601066.SH,,24.59,-55.52043350643485,-1.4429,27.45,22.46
20260611,601068.SH,,4.95,-25.050607287449395,-1.1976,5.51,4.51
20260611,601069.SH,,24.95,8.795431311030422,1.8367,26.95,22.05
20260611,601077.SH,,6.96,-51.0263929618768,-1.1364,7.74,6.34
20260611,601083.SH,,10.7,20.003739016638626,-0.4651,11.83,9.68
20260611,601086.SH,,7.0,-2.7118118777360243,-3.5813,7.99,6.53
20260611,601088.SH,,47.29,88.07971689327623,-0.4631,52.26,42.76
20260611,601089.SH,,16.4,-191.58878504672919,-1.0856,18.24,14.92
20260611,601096.SH,,4.62,-1.68,-3.75,5.28,4.32
20260611,601098.SH,,10.72,-3.7528443899877475,-3.8565,12.27,10.04
20260611,601099.SH,,3.15,-2.683363148479427,-2.1739,3.54,2.9
20260611,601100.SH,,122.51,33.19424499417455,2.6907,131.23,107.37
20260611,601101.SH,,12.31,34.74456675134068,-0.6457,13.63,11.15
20260611,601106.SH,,3.42,-21.90903267136452,-1.1561,3.81,3.11
20260611,601107.SH,,5.81,-8.395953757225433,-1.692,6.5,5.32
20260611,601108.SH,,7.33,-5.786689823952001,-2.2667,8.25,6.75
20260611,601111.SH,,5.96,-2.6526615631119816,-3.2468,6.78,5.54
20260611,601112.SH,,16.88,15.93505144907014,0.0593,18.56,15.18
20260611,601113.SH,,3.93,5.266684534977219,-0.2538,4.33,3.55
20260611,601116.SH,,10.95,-6.929941142965635,-2.5801,12.36,10.12
20260611,601117.SH,,7.34,5.2041973908111165,0.4104,8.04,6.58
20260611,601118.SH,,5.57,4.094384004704499,0.3604,6.11,5.0
20260611,601121.SH,,6.12,5.2590873936581595,0.1637,6.72,5.5
20260611,601126.SH,,67.07,-78.13373718546131,-1.8584,75.17,61.51
20260611,601127.SH,,67.71,-96.92241626109359,-1.6986,75.77,61.99
20260611,601128.SH,,6.43,16.84127815610267,-0.6182,7.12,5.82
20260611,601133.SH,,30.89,4.599943412803598,5.7153,32.14,26.3
20260611,601136.SH,,13.57,-29.995579133510173,-1.4524,15.15,12.39
20260611,601137.SH,,24.71,2.2427344841982975,10.0178,24.71,20.21
20260611,601138.SH,,69.52,-55.02176493866244,-2.2635,78.24,64.02
20260611,601139.SH,,6.2,3.1357475217479265,0.9772,6.75,5.53
20260611,601155.SH,,11.68,20.35907268607286,-0.4263,12.9,10.56
20260611,601156.SH,,16.46,8.859941866724082,0.8578,17.95,14.69
20260611,601158.SH,,4.16,7.976989453499519,-0.4785,4.6,3.76
20260611,601162.SH,,3.06,-3.314917127071823,-1.9231,3.43,2.81
20260611,601163.SH,,13.03,-25.4641391440297,-1.5117,14.55,11.91
20260611,601166.SH,,18.79,39.92775180620484,-0.5294,20.78,17.0
20260611,601168.SH,,29.54,64.03641881638846,-0.5387,32.67,26.73
20260611,601169.SH,,5.19,6.4256530890182,-0.1923,5.72,4.68
20260611,601177.SH,,13.22,-11.529740101168676,-2.1466,14.86,12.16
20260611,601179.SH,,13.46,-42.11514392991238,-1.3196,15.0,12.28
20260611,601186.SH,,6.31,7.495842242813019,-0.1582,6.95,5.69
20260611,601187.SH,,7.81,2.9004345081145315,1.6927,8.45,6.91
20260611,601188.SH,,2.99,453.0303030302996,-0.9934,3.32,2.72
20260611,601198.SH,,12.31,-5.94427543580086,-3.0709,13.97,11.43
20260611,601199.SH,,5.58,49.865951742627345,-0.8881,6.19,5.07
20260611,601200.SH,,7.21,-7.968611847922192,-1.9048,8.09,6.62
20260611,601208.SH,,61.72,-5934.615384615405,-1.0104,68.59,56.12
20260611,601211.SH,,17.22,8.622502628811777,0.9971,18.76,15.35
20260611,601212.SH,,5.56,4.085231447465099,0.361,6.09,4.99
20260611,601216.SH,,5.04,-28.55524079320112,-1.1765,5.61,4.59
20260611,601218.SH,,4.75,12.755102040816329,-0.6276,5.26,4.3
20260611,601222.SH,,6.06,5.2003775851712,0.1653,6.66,5.45
20260611,601225.SH,,26.93,12.664001881025158,1.1265,29.29,23.97
20260611,601226.SH,,6.85,52.01214882308275,-0.8683,7.6,6.22
20260611,601228.SH,,2.98,-9.183359013867488,-1.3245,3.32,2.72
20260611,601229.SH,,9.14,26.279470960322026,-0.6522,10.12,8.28
20260611,601231.SH,,35.17,-10.918630281580828,-4.2211,40.39,33.05
20260611,601233.SH,,20.27,-3.6543592702098504,-6.5468,23.86,19.52
20260611,601236.SH,,6.46,-3.4785418125033654,-2.8571,7.32,5.99
20260611,601238.SH,,5.75,41.69688179840463,-0.8621,6.38,5.22
20260611,601279.SH,,3.37,28.656462585034006,-0.8824,3.74,3.06
20260611,601288.SH,,6.68,12.081750768674263,-0.4471,7.38,6.04
20260611,601298.SH,,9.24,11.785714285714285,-0.216,10.19,8.33
20260611,601311.SH,,7.88,-4.937962150645444,-2.5958,8.9,7.28
20260611,601318.SH,,52.64,-586.191536748329,-1.0898,58.54,47.9
20260611,601319.SH,,6.73,25.638095238095243,-0.7375,7.46,6.1
20260611,601326.SH,,3.4,1.7987514548725,0.8902,3.71,3.03
20260611,601328.SH,,6.97,4.8662989597151425,0.4323,7.63,6.25
20260611,601330.SH,,8.15,-18.070953436807095,-1.451,9.1,7.44
20260611,601333.SH,,3.03,8.800464711007841,-0.6557,3.36,2.75
20260611,601336.SH,,59.22,19.411938243681778,2.0507,63.83,52.23
20260611,601339.SH,,7.2,7.2,0.0,7.92,6.48
20260611,601360.SH,,9.0,-3.408703556414044,-3.6403,10.27,8.41
20260611,601366.SH,,3.55,-5.362537764350454,-1.662,3.97,3.25
20260611,601368.SH,,4.34,8.017735082209496,-0.4587,4.8,3.92
20260611,601369.SH,,9.0,1.7419242456500281,4.1667,9.5,7.78
20260611,601375.SH,,3.74,-1.5852831468294337,-3.3592,4.26,3.48
20260611,601377.SH,,5.84,8.865948079550629,-0.3413,6.45,5.27
20260611,601388.SH,,3.15,3.15,0.0,3.47,2.84
20260611,601390.SH,,4.46,13.441832429174202,-0.6682,4.94,4.04
20260611,601398.SH,,7.66,12.559435973110347,-0.3901,8.46,6.92
20260611,601399.SH,,3.56,21.6676810712112,-0.8357,3.95,3.23
20260611,601456.SH,,9.3,1.6926324985439722,4.4944,9.79,8.01
20260611,601500.SH,,3.95,-4.009745203532636,-1.9851,4.43,3.63
20260611,601512.SH,,8.19,8.19,0.0,9.01,7.37
20260611,601515.SH,,3.67,-4.210164047263968,-1.8717,4.11,3.37
20260611,601518.SH,,2.96,-2.9995946493717067,-1.9868,3.32,2.72
20260611,601519.SH,,8.3,-2.9391975636531043,-3.8239,9.49,7.77
20260611,601528.SH,,4.72,-10.229735587342867,-1.4614,5.27,4.31
20260611,601555.SH,,7.39,-22.053118472097882,-1.3351,8.24,6.74
20260611,601566.SH,,9.89,-4.090157154673284,-3.418,11.26,9.22
20260611,601567.SH,,13.96,-6.791204514496984,-3.0556,15.84,12.96
20260611,601568.SH,,3.8,2.1160485577458514,0.7958,4.15,3.39
20260611,601577.SH,,9.6,-40.920716112531984,-1.2346,10.69,8.75
20260611,601579.SH,,15.41,-6.299824209966887,-3.4461,17.56,14.36
20260611,601588.SH,,1.92,-0.945673053243363,-3.0303,2.18,1.78
20260611,601595.SH,,17.76,-8.016972870491582,-3.2153,20.19,16.52
20260611,601598.SH,,5.72,-5.422828972317026,-2.0548,6.42,5.26
20260611,601599.SH,,3.04,-4.918298010030739,-1.6181,3.4,2.78
20260611,601600.SH,,10.33,3.1520810447943366,2.2772,11.11,9.09
20260611,601601.SH,,32.06,-83.44612181155647,-1.3842,35.76,29.26
20260611,601606.SH,,31.51,-6.975560081466396,-5.5172,36.69,30.02
20260611,601607.SH,,16.24,17.30420884389984,-0.0615,17.88,14.63
20260611,601608.SH,,5.15,-4.032889584964761,-2.277,5.8,4.74
20260611,601609.SH,,11.41,-6.3007344414379585,-2.8109,12.91,10.57
20260611,601611.SH,,10.46,-32.60598503740649,-1.3208,11.66,9.54
20260611,601615.SH,,12.11,11.186033622760021,0.0826,13.31,10.89
20260611,601616.SH,,3.63,-5.798722044728436,-1.626,4.06,3.32
20260611,601618.SH,,2.61,-2.966920541093555,-1.8797,2.93,2.39
20260611,601619.SH,,4.78,2.9296396175533217,0.6316,5.23,4.28
20260611,601628.SH,,34.33,256.768885564697,-0.8663,38.09,31.17
20260611,601633.SH,,17.52,5.346842860194708,2.2767,18.84,15.42
20260611,601636.SH,,6.63,4.558267445857683,0.4545,7.26,5.94
20260611,601658.SH,,5.1,3.6593241013130515,0.3937,5.59,4.57
20260611,601665.SH,,6.44,16.827802456232035,-0.6173,7.13,5.83
20260611,601666.SH,,9.1,5.8615136876006435,0.5525,9.96,8.15
20260611,601668.SH,,4.74,4.74,0.0,5.21,4.27
20260611,601669.SH,,4.75,-3.7596960582555012,-2.2634,5.35,4.37
20260611,601677.SH,,16.7,-11.96018047697486,-2.3963,18.82,15.4
20260611,601678.SH,,5.95,0.9429925353027877,5.3097,6.22,5.09
20260611,601686.SH,,4.98,4.1458541458541465,0.2012,5.47,4.47
20260611,601688.SH,,19.29,32.86201022146508,-0.413,21.31,17.43
20260611,601689.SH,,61.38,-32.3887921481716,-2.8951,69.53,56.89
20260611,601696.SH,,10.49,-20.88393390404141,-1.5023,11.72,9.59
20260611,601698.SH,,31.95,6.135499481507086,4.2074,33.73,27.59
20260611,601699.SH,,17.83,53.78582202111613,-0.6685,19.75,16.16
20260611,601700.SH,,4.74,-7.183995150045469,-1.6598,5.3,4.34
20260611,601702.SH,,16.82,-4.5428764348413235,-4.7025,19.42,15.89
20260611,601717.SH,,17.5,8.581375962340019,1.0393,19.05,15.59
20260611,601718.SH,,1.72,-0.4993612820810591,-4.4444,1.89,1.71
20260611,601727.SH,,7.09,-10.67128236002408,-1.6644,7.93,6.49
20260611,601728.SH,,6.24,17.18534838887359,-0.6369,6.91,5.65
20260611,601766.SH,,5.71,2.7692904602551045,1.0619,6.22,5.09
20260611,601777.SH,,9.06,-3.924796395771964,-3.3084,10.31,8.43
20260611,601778.SH,,4.86,-4.005604549575539,-2.2133,5.47,4.47
20260611,601788.SH,,13.94,6.677204579201993,1.0877,15.17,12.41
20260611,601789.SH,,4.39,-2.3399605564735353,-2.8761,4.97,4.07
20260611,601798.SH,,7.31,39.32221624529318,-0.8141,8.11,6.63
20260611,601799.SH,,119.58,1658.529819694867,-0.9279,132.77,108.63
20260611,601800.SH,,6.28,2.74199886477754,1.2903,6.82,5.58
20260611,601801.SH,,5.33,-1.9099835160897298,-3.7906,6.09,4.99
20260611,601808.SH,,12.24,5.265648526564853,1.3245,13.29,10.87
20260611,601811.SH,,12.61,-9.525608097899985,-2.3238,14.2,11.62
20260611,601816.SH,,4.99,12.400596421471175,-0.5976,5.52,4.52
20260611,601818.SH,,3.17,4.62436177972283,-0.3145,3.5,2.86
20260611,601825.SH,,8.8,-19.306713470820537,-1.4558,9.82,8.04
20260611,601827.SH,,7.45,-6.0519902518277835,-2.231,8.38,6.86
20260611,601828.SH,,2.28,-1.9897024173139013,-2.1459,2.56,2.1
20260611,601838.SH,,19.76,24.761904761904763,-0.202,21.78,17.82
20260611,601857.SH,,10.37,4.569288389513108,1.2695,11.26,9.22
20260611,601858.SH,,20.89,-5.714832850030092,-4.6554,24.1,19.72
20260611,601860.SH,,2.65,10.561976883220405,-0.7491,2.94,2.4
20260611,601865.SH,,10.85,125.00000000000001,-0.9132,12.05,9.86
20260611,601866.SH,,2.36,2.36,0.0,2.6,2.12
20260611,601868.SH,,2.63,10.72156543008561,-0.7547,2.92,2.39
20260611,601869.SH,,442.51,-354.3481742472773,-2.2488,497.96,407.42
20260611,601872.SH,,14.42,-39.18478260869564,-1.368,16.08,13.16
20260611,601877.SH,,26.7,12.962423536265655,1.0598,29.06,23.78
20260611,601878.SH,,9.04,39.0328151986183,-0.7684,10.02,8.2
20260611,601880.SH,,1.5,-4.749841671944267,-1.3158,1.67,1.37
20260611,601881.SH,,11.96,134.98871331828443,-0.9114,13.28,10.86
20260611,601882.SH,,19.97,-34.60405475654133,-1.5771,22.32,18.26
20260611,601886.SH,,8.61,-32.92543021032504,-1.2615,9.59,7.85
20260611,601888.SH,,57.01,-72.01869631126831,-1.7916,63.86,52.25
20260611,601890.SH,,8.39,-6.316344199352556,-2.3283,9.45,7.73
20260611,601898.SH,,16.31,4.111211937890704,2.9672,17.42,14.26
20260611,601899.SH,,27.33,-81.41197497765859,-1.3357,30.47,24.93
20260611,601900.SH,,11.63,-6.05256310174343,-2.9215,13.18,10.78
20260611,601901.SH,,6.49,16.752710376871452,-0.6126,7.18,5.88
20260611,601908.SH,,3.34,-2.0567768951290106,-2.6239,3.77,3.09
20260611,601916.SH,,3.08,87.00564971751416,-0.9646,3.42,2.8
20260611,601918.SH,,9.83,3.85550674615626,1.5496,10.65,8.71
20260611,601919.SH,,14.23,-57.125652348454416,-1.2491,15.85,12.97
20260611,601921.SH,,7.58,5.993990194527914,0.2646,8.32,6.8
20260611,601928.SH,,9.11,-7.934157812227833,-2.1482,10.24,8.38
20260611,601929.SH,,2.39,-0.632124626411701,-4.7809,2.76,2.26
20260611,601933.SH,,3.16,-2.707333790267307,-2.1672,3.55,2.91
20260611,601939.SH,,10.6,5.174265351947671,1.0486,11.54,9.44
20260611,601949.SH,,5.03,-3.781670551086385,-2.3301,5.67,4.64
20260611,601952.SH,,8.59,4.4276068243904945,0.9401,9.36,7.66
20260611,601956.SH,,4.96,6.209313970956435,-0.2012,5.47,4.47
20260611,601958.SH,,23.2,2.108190136941489,10.0047,23.2,18.98
20260611,601963.SH,,11.78,-4.396342601231573,-3.6795,13.45,11.01
20260611,601965.SH,,13.85,-2.9759346798452944,-5.654,16.15,13.21
20260611,601966.SH,,11.78,-27.875059157595828,-1.4226,13.15,10.76
20260611,601968.SH,,4.24,7.992459943449576,-0.4695,4.69,3.83
20260611,601969.SH,,9.09,2.1755780000957348,3.1782,9.69,7.93
20260611,601975.SH,,3.94,-7.88,-1.5,4.4,3.6
20260611,601985.SH,,9.12,5.8789402436666025,0.5513,9.98,8.16
20260611,601988.SH,,6.2,9.13780397936625,-0.3215,6.84,5.6
20260611,601990.SH,,6.35,-15.974842767295598,-1.3975,7.08,5.8
20260611,601991.SH,,7.99,2.015691616841999,2.9639,8.54,6.98
20260611,601992.SH,,1.5,4.441812259401836,-0.6623,1.66,1.36
20260611,601995.SH,,31.73,-24.238026124818578,-2.3091,35.73,29.23
20260611,601996.SH,,2.46,12.713178294573643,-0.8065,2.73,2.23
20260611,601997.SH,,5.72,11.959021534601716,-0.5217,6.33,5.18
20260611,601998.SH,,7.64,21.841052029731273,-0.6502,8.46,6.92
20260611,601999.SH,,5.71,-3.0192470389170896,-2.8912,6.47,5.29
20260611,603000.SH,,16.03,-4.473529986325454,-4.5833,18.48,15.12
20260611,603001.SH,,9.58,-1.068910113362492,-9.9624,11.7,9.58
20260611,603002.SH,,17.9,-19.503159729788624,-1.9178,20.08,16.43
20260611,603004.SH,,19.78,-6.636247735355298,-3.9806,22.66,18.54
20260611,603005.SH,,44.11,-61.631968701970095,-1.7157,49.37,40.39
20260611,603006.SH,,12.99,-8.000246350926895,-2.6237,14.67,12.01
20260611,603007.SH,,5.34,-11.218487394957984,-1.476,5.96,4.88
20260611,603008.SH,,9.02,11.581920903954803,-0.2212,9.49,8.59
20260611,603009.SH,,43.36,-15.638186605114148,-3.7727,49.57,40.55
20260611,603010.SH,,14.01,2.6731029745664077,4.2411,14.78,12.1
20260611,603011.SH,,33.6,5.308727801301902,5.3292,35.09,28.71
20260611,603012.SH,,7.65,2.2436649460347255,2.4096,8.22,6.72
20260611,603013.SH,,16.89,-12.32936710708811,-2.3699,19.03,15.57
20260611,603014.SH,,33.21,3.0181854534548727,10.0033,33.21,27.17
20260611,603015.SH,,12.72,9.669327251995439,0.3155,13.95,11.41
20260611,603016.SH,,37.24,-86.74586536221757,-1.4293,41.56,34.0
20260611,603017.SH,,10.87,-30.094130675526024,-1.3612,12.12,9.92
20260611,603018.SH,,6.72,-5.069402534701267,-2.3256,7.57,6.19
20260611,603019.SH,,81.37,-133.78822755672476,-1.6082,90.97,74.43
20260611,603020.SH,,11.85,-4740.000000000101,-1.0025,13.17,10.77
20260611,603021.SH,,6.69,9.531272261005842,-0.2981,7.05,6.37
20260611,603022.SH,,9.24,-18.761421319796955,-1.4925,10.32,8.44
20260611,603023.SH,,3.91,-5.152872957301002,-1.7588,4.38,3.58
20260611,603025.SH,,13.81,-7.0766077376377154,-2.9515,15.65,12.81
20260611,603026.SH,,81.88,56.31749088658092,0.4539,89.66,73.36
20260611,603027.SH,,7.85,3.6345957959070287,1.1598,8.54,6.98
20260611,603028.SH,,7.38,-12.299999999999997,-1.6,8.25,6.75
20260611,603029.SH,,15.6,-39.938556067588316,-1.3906,17.4,14.24
20260611,603030.SH,,2.29,-0.6390757123322077,-4.5833,2.64,2.16
20260611,603031.SH,,51.6,-15.793339862879531,-4.2672,59.29,48.51
20260611,603032.SH,,21.97,-21.8151126998312,-2.0071,24.66,20.18
20260611,603033.SH,,9.48,-1.2082281868930185,-8.8462,11.44,9.36
20260611,603035.SH,,11.5,-10.197747627915227,-2.1277,12.93,10.58
20260611,603036.SH,,13.24,-1.4722234577236135,-9.9932,16.18,13.24
20260611,603037.SH,,11.76,-27.670588235294115,-1.425,13.12,10.74
20260611,603038.SH,,15.79,42.595090369571075,-0.6293,17.48,14.3
20260611,603039.SH,,45.56,65.6768055355341,-0.3063,50.27,41.13
20260611,603040.SH,,85.71,-1010.7311320754718,-1.0848,95.32,77.99
20260611,603041.SH,,11.68,-13.762224578767526,-1.8487,13.09,10.71
20260611,603042.SH,,18.56,-19.442698512465956,-1.9546,20.82,17.04
20260611,603043.SH,,14.0,-8.523073176671131,-2.6426,15.82,12.94
20260611,603045.SH,,76.01,-18.352810508016226,-5.1416,88.14,72.12
20260611,603048.SH,,19.09,-19.049995010477996,-2.0021,21.43,17.53
20260611,603049.SH,,45.24,-59.60474308300396,-1.759,50.66,41.45
20260611,603050.SH,,19.26,-695.3068592057748,-1.0277,21.41,17.51
20260611,603051.SH,,20.85,31.334535617673584,-0.3346,23.01,18.83
20260611,603052.SH,,85.8,57.969056144855074,0.4801,93.93,76.85
20260611,603053.SH,,8.89,13.39460599668525,-0.3363,9.81,8.03
20260611,603055.SH,,8.09,-13.912295786758385,-1.5815,9.04,7.4
20260611,603057.SH,,23.82,-23.454115793619533,-2.0156,26.74,21.88
20260611,603058.SH,,9.48,3.7936692144543604,1.4989,10.27,8.41
20260611,603059.SH,,25.78,-56.95978789217854,-1.4526,28.78,23.54
20260611,603060.SH,,7.49,7.49,0.0,8.24,6.74
20260611,603061.SH,,322.06,164.38342180481828,0.9592,350.9,287.1
20260611,603062.SH,,43.1,13.865208299823067,2.1085,46.43,37.99
20260611,603063.SH,,49.92,-38.69467483140843,-2.2901,56.2,45.98
20260611,603065.SH,,12.36,1.1272846667396301,9.9644,12.36,10.12
20260611,603066.SH,,10.22,45.768025078369895,-0.7767,11.33,9.27
20260611,603067.SH,,31.89,-6.029951215822713,-6.2886,37.43,30.63
20260611,603068.SH,,31.91,-118.80119136262103,-1.2686,35.55,29.09
20260611,603069.SH,,13.92,-14.323934966042396,-1.9718,15.62,12.78
20260611,603070.SH,,14.31,-1.59,-10.0,17.49,14.31
20260611,603071.SH,,11.9,-18.226374636238322,-1.6529,13.31,10.89
20260611,603072.SH,,35.9,-47.771124417831,-1.7515,40.19,32.89
20260611,603073.SH,,16.91,57.244414353419096,-0.7046,18.73,15.33
20260611,603075.SH,,22.51,21.553044810417465,0.0444,24.75,20.25
20260611,603076.SH,,22.9,-11.896103896103897,-2.925,25.95,21.23
20260611,603077.SH,,2.36,1.2724429826926187,0.8547,2.57,2.11
20260611,603078.SH,,46.36,18.967351280582605,1.4442,50.27,41.13
20260611,603079.SH,,12.77,42.53830779480346,-0.6998,14.15,11.57
20260611,603080.SH,,20.3,10.714662725641297,0.8946,22.13,18.11
20260611,603081.SH,,9.61,-5.880553175865868,-2.6342,10.86,8.88
20260611,603082.SH,,32.4,-11.688733359789314,-3.7719,37.04,30.3
20260611,603083.SH,,171.08,-95.58075870160346,-2.7899,193.59,158.39
20260611,603085.SH,,11.43,10.50937844795881,0.0876,12.56,10.28
20260611,603086.SH,,5.77,-29.05337361530713,-1.1986,6.42,5.26
20260611,603087.SH,,55.81,135.3954391072295,-0.5878,61.75,50.53
20260611,603088.SH,,9.92,49.60000000000001,-0.8,11.0,9.0
20260611,603089.SH,,9.5,-11.052937754508436,-1.8595,10.65,8.71
20260611,603090.SH,,57.64,-22.204245155822644,-3.5959,65.77,53.81
20260611,603091.SH,,66.1,29.70653004359354,1.2251,71.83,58.77
20260611,603092.SH,,56.29,297.2016895459345,-0.8106,62.43,51.08
20260611,603093.SH,,18.07,53.100205700852186,-0.6597,20.01,16.37
20260611,603095.SH,,17.63,-266.31419939577023,-1.0662,19.6,16.04
20260611,603096.SH,,14.8,-13.256897169473307,-2.1164,16.63,13.61
20260611,603097.SH,,24.77,8.207150193830556,2.0181,26.71,21.85
20260611,603098.SH,,11.76,-15.588547189819725,-1.7544,13.17,10.77
20260611,603099.SH,,36.86,-10.658415984732382,-4.4583,42.44,34.72
20260611,603100.SH,,18.05,269.4029850746271,-0.933,20.04,16.4
20260611,603101.SH,,6.79,-15.042091271599467,-1.4514,7.58,6.2
20260611,603102.SH,,34.66,152.68722466960352,-0.773,38.42,31.44
20260611,603103.SH,,20.91,-2.3266682244550525,-9.9871,25.55,20.91
20260611,603105.SH,,7.62,-5.82702454691443,-2.3077,8.58,7.02
20260611,603106.SH,,7.0,-5.669852583832821,-2.2346,7.88,6.44
20260611,603107.SH,,12.41,-13.831921533660276,-1.8972,13.92,11.39
20260611,603108.SH,,10.21,-10.055150679535158,-2.0154,11.46,9.38
20260611,603109.SH,,18.37,-4.078506249861237,-5.5041,21.38,17.5
20260611,603110.SH,,21.03,-19.205479452054792,-2.095,23.63,19.33
20260611,603111.SH,,6.03,-7.618445988629184,-1.7915,6.75,5.53
20260611,603112.SH,,18.25,-14.604673495518565,-2.2496,20.54,16.8
20260611,603113.SH,,4.79,4.79,0.0,5.27,4.31
20260611,603115.SH,,91.99,-32.08916175393309,-3.8667,105.26,86.12
20260611,603116.SH,,6.94,1.6238476297440219,3.2738,7.39,6.05
20260611,603117.SH,,3.93,5.266684534977219,-0.2538,4.33,3.55
20260611,603118.SH,,11.91,-18.280890253261706,-1.6515,13.32,10.9
20260611,603119.SH,,71.0,32.9619312906221,1.154,77.21,63.17
20260611,603120.SH,,52.58,8.253410143312351,5.3707,54.89,44.91
20260611,603121.SH,,14.72,-36.20265617314313,-1.4066,16.42,13.44
20260611,603122.SH,,11.9,-73.09582309582308,-1.1628,13.24,10.84
20260611,603123.SH,,9.0,-16.926838442730862,-1.5317,10.05,8.23
20260611,603124.SH,,178.8,23.825387095914508,6.5046,184.67,151.09
20260611,603125.SH,,24.45,-46.0972850678733,-1.5304,27.31,22.35
20260611,603126.SH,,7.45,7.45,0.0,8.2,6.71
20260611,603127.SH,,31.39,-49.857052096569255,-1.6296,35.1,28.72
20260611,603128.SH,,5.27,-4.297480225067274,-2.2263,5.93,4.85
20260611,603129.SH,,220.49,-96.12014473167969,-3.2939,250.8,205.2
20260611,603130.SH,,44.0,-17.83976646123905,-3.4664,50.14,41.02
20260611,603131.SH,,18.09,-28.65515602724537,-1.6313,20.23,16.55
20260611,603132.SH,,15.86,10.988706436638259,0.4433,17.37,14.21
20260611,603135.SH,,12.8,-1.4244538666132496,-9.9859,15.64,12.8
20260611,603136.SH,,8.85,-4.5141545524100986,-2.9605,10.03,8.21
20260611,603137.SH,,11.54,12.634114298226406,-0.0866,12.71,10.4
20260611,603138.SH,,16.35,-5.264683153013911,-4.1056,18.76,15.35
20260611,603139.SH,,39.72,6.781165704920271,4.8574,41.67,34.09
20260611,603150.SH,,76.57,-141.01289134438306,-1.543,85.55,69.99
20260611,603151.SH,,12.18,28.418105459636024,-0.5714,13.48,11.03
20260611,603153.SH,,13.67,-9.13525795241914,-2.4964,15.42,12.62
20260611,603155.SH,,25.12,2.2872752105622585,9.9825,25.12,20.56
20260611,603156.SH,,40.8,11.125351075723284,2.6673,43.71,35.77
20260611,603158.SH,,13.03,-2.9789666209419297,-5.374,15.15,12.39
20260611,603159.SH,,26.5,-21.82866556836903,-2.214,29.81,24.39
20260611,603160.SH,,57.11,-15.088905915612036,-4.7849,65.98,53.98
20260611,603161.SH,,14.44,-33.317951084448545,-1.4334,16.12,13.19
20260611,603162.SH,,9.81,-7.599938022931516,-2.2908,11.04,9.04
20260611,603163.SH,,115.03,12.24218301015304,8.3962,116.73,95.51
20260611,603165.SH,,14.8,-212.9496402877701,-1.0695,16.46,13.46
20260611,603166.SH,,12.95,-6.997352353163668,-2.8507,14.66,12.0
20260611,603167.SH,,9.04,10.163012928611579,-0.1105,9.96,8.15
20260611,603168.SH,,5.31,-5.157843613404564,-2.0295,5.96,4.88
20260611,603169.SH,,7.26,-4.00839222614841,-2.8112,8.22,6.72
20260611,603170.SH,,11.64,-32.70581624051699,-1.3559,12.98,10.62
20260611,603171.SH,,43.8,-44.175491679273826,-1.9915,49.16,40.22
20260611,603172.SH,,18.5,-37.68588307190875,-1.4909,20.66,16.9
20260611,603173.SH,,34.44,111.8181818181818,-0.692,38.15,31.21
20260611,603175.SH,,78.58,-56.732365894159265,-2.3851,88.55,72.45
20260611,603176.SH,,4.82,-5.786314525810325,-1.833,5.4,4.42
20260611,603177.SH,,9.33,-13.60058309037901,-1.686,10.44,8.54
20260611,603178.SH,,16.02,-14.076091731833756,-2.1381,18.01,14.73
20260611,603179.SH,,50.5,38.90900685723091,0.2979,55.39,45.32
20260611,603180.SH,,15.89,-20.05553451975262,-1.7923,17.8,14.56
20260611,603181.SH,,14.42,6.175059952038369,1.3352,15.65,12.81
20260611,603182.SH,,12.71,10.278182112243249,0.2366,13.95,11.41
20260611,603183.SH,,3.76,-2.8107946475293413,-2.3377,4.24,3.47
20260611,603185.SH,,17.83,3.233880475197243,4.5135,18.77,15.35
20260611,603186.SH,,170.38,32.00946870068385,4.3228,179.65,146.99
20260611,603187.SH,,12.13,5.386084099285112,1.2521,13.18,10.78
20260611,603188.SH,,4.26,14.166943797805121,-0.6993,4.72,3.86
20260611,603189.SH,,11.83,5.383145249362942,1.1976,12.27,11.11
20260611,603190.SH,,25.08,-385.2534562211985,-1.0651,27.89,22.82
20260611,603191.SH,,15.7,-12.644974226804123,-2.2416,17.67,14.45
20260611,603192.SH,,18.77,-71.50476190476192,-1.2625,20.91,17.11
20260611,603193.SH,,21.06,-14.04,-2.5,23.76,19.44
20260611,603194.SH,,38.54,9.027875380651206,3.269,41.05,33.59
20260611,603195.SH,,40.49,111.85082872928177,-0.638,44.83,36.68
20260611,603196.SH,,21.34,-10.67,-3.0,24.2,19.8
20260611,603197.SH,,28.19,-39.78828510938603,-1.7085,31.55,25.81
20260611,603198.SH,,34.36,-49.93460252870223,-1.6881,38.45,31.46
20260611,603199.SH,,32.3,-127.46645619573792,-1.2534,35.98,29.44
20260611,603200.SH,,44.68,15406.896551724065,-0.9971,49.64,40.62
20260611,603201.SH,,18.7,12.161810613943809,0.5376,20.46,16.74
20260611,603202.SH,,67.96,34.838775824063156,0.9507,74.05,60.59
20260611,603203.SH,,59.1,7.508003455460136,6.8716,60.83,49.77
20260611,603205.SH,,21.79,-15.851884184490032,-2.3746,24.55,20.09
20260611,603206.SH,,17.81,7.0137439451817425,1.5393,19.29,15.79
20260611,603207.SH,,22.07,48.06184668989547,-0.5408,24.41,19.97
20260611,603208.SH,,11.6,-26.102610261026108,-1.4444,12.95,10.59
20260611,603209.SH,,12.84,-21.07682206172029,-1.6092,14.36,11.75
20260611,603210.SH,,14.71,6.184830137907837,1.3784,15.96,13.06
20260611,603211.SH,,33.09,4.27414458982937,6.7419,34.1,27.9
20260611,603212.SH,,15.67,5.430413085666759,1.8856,16.92,13.84
20260611,603213.SH,,14.93,10.637691485571786,0.4035,16.36,13.38
20260611,603214.SH,,13.47,-29.0865903692507,-1.4631,15.04,12.3
20260611,603215.SH,,14.6,37.696875806868064,-0.6127,16.16,13.22
20260611,603216.SH,,22.35,-15.474624385515474,-2.4443,25.2,20.62
20260611,603217.SH,,23.45,-8.104651966544548,-3.8934,26.84,21.96
20260611,603218.SH,,10.63,42.015810276679844,-0.747,11.78,9.64
20260611,603219.SH,,14.82,27.967541045480278,-0.4701,16.38,13.4
20260611,603220.SH,,22.87,-3.9655291996115967,-6.7672,26.98,22.08
20260611,603221.SH,,12.21,5.880936325980156,1.0762,13.29,10.87
20260611,603222.SH,,7.99,-4.443579333741172,-2.7981,9.04,7.4
20260611,603223.SH,,9.06,9.06,0.0,9.97,8.15
20260611,603225.SH,,18.33,-3.8521351714862133,-5.7584,21.4,17.51
20260611,603226.SH,,55.7,7.850377720148833,6.0952,57.75,47.25
20260611,603227.SH,,7.84,-10.392364793213149,-1.7544,8.78,7.18
20260611,603228.SH,,75.8,47.063206258537186,0.6106,82.87,67.81
20260611,603229.SH,,8.65,-3.8550672965504953,-3.2438,9.83,8.05
20260611,603230.SH,,9.52,-11.125394413930117,-1.8557,10.67,8.73
20260611,603231.SH,,15.32,25.118871946220693,-0.3901,16.92,13.84
20260611,603232.SH,,15.99,-9.877687175685695,-2.6188,18.06,14.78
20260611,603233.SH,,16.45,16.45,0.0,18.1,14.81
20260611,603235.SH,,23.05,40.58098591549295,-0.432,25.47,20.84
20260611,603236.SH,,56.15,35.28783308195073,0.5912,61.4,50.24
20260611,603237.SH,,14.48,22.076536057325814,-0.3441,15.98,13.08
20260611,603238.SH,,12.31,-16.287377613125166,-1.7558,13.78,11.28
20260611,603239.SH,,16.92,-9.046677003689249,-2.8703,19.16,15.68
20260611,603248.SH,,23.07,164.19928825622782,-0.8595,25.6,20.94
20260611,603255.SH,,30.0,-195.822454308094,-1.1532,33.39,27.32
20260611,603256.SH,,211.0,27.594685080560787,6.6464,217.64,178.07
20260611,603257.SH,,66.08,301.4598540145986,-0.7808,73.26,59.94
20260611,603258.SH,,13.08,-5.150011811953697,-3.5398,14.92,12.2
20260611,603259.SH,,97.07,94.16044233194296,0.0309,106.74,87.34
20260611,603260.SH,,41.4,8.466950261780104,3.8896,43.84,35.87
20260611,603261.SH,,33.79,11.904174740179673,1.8385,34.84,31.52
20260611,603262.SH,,26.1,-4.266518455553013,-7.1174,30.91,25.29
20260611,603266.SH,,17.19,-14.783281733746133,-2.1628,19.33,15.81
20260611,603267.SH,,66.7,-34.89953955629971,-2.9112,75.57,61.83
20260611,603268.SH,,144.9,-38.16874325000659,-4.7963,167.42,136.98
20260611,603269.SH,,21.22,-60.94198736358413,-1.3482,23.66,19.36
20260611,603270.SH,,30.1,28.22315986872949,0.0665,33.09,27.07
20260611,603271.SH,,45.01,8.141301595340591,4.5286,47.37,38.75
20260611,603272.SH,,36.28,-18.67407864937204,-2.9428,39.25,35.51
20260611,603273.SH,,14.45,5.23436933999855,1.7606,15.62,12.78
20260611,603275.SH,,39.08,-14.62191791072698,-3.6727,44.63,36.51
20260611,603276.SH,,17.46,7.874086768287183,1.2174,18.98,15.53
20260611,603277.SH,,10.97,4.987950711590051,1.1993,11.92,9.76
20260611,603278.SH,,12.06,-2.217278593885018,-6.4391,14.18,11.6
20260611,603279.SH,,13.44,4.2970873165584935,2.1277,14.48,11.84
20260611,603280.SH,,27.35,-41.81317841308669,-1.6541,30.59,25.03
20260611,603281.SH,,34.6,-1164.9831649831626,-1.0297,38.46,31.46
20260611,603282.SH,,14.89,-14.324194324194327,-2.0395,16.72,13.68
20260611,603283.SH,,50.93,13.529739925085673,2.7643,54.52,44.6
20260611,603284.SH,,38.58,45.67302000710311,-0.1553,42.5,34.78
20260611,603285.SH,,45.75,7.65139732075661,4.9793,47.94,39.22
20260611,603286.SH,,54.28,-17.515892736132173,-4.0989,62.26,50.94
20260611,603288.SH,,35.17,29.32299483074871,0.1994,38.61,31.59
20260611,603289.SH,,9.05,-8.567641768437,-2.0563,10.16,8.32
20260611,603290.SH,,111.45,46.41622589646412,1.4011,120.9,98.92
20260611,603291.SH,,9.17,-3.301530153015302,-3.7775,10.48,8.58
20260611,603293.SH,,39.63,-19.949660206393155,-2.9865,44.94,36.77
20260611,603296.SH,,104.78,40.92169498144893,1.5605,113.49,92.85
20260611,603297.SH,,117.96,94.63297232250301,0.2465,129.44,105.9
20260611,603298.SH,,23.13,-7.175207842164039,-4.2236,26.57,21.74
20260611,603299.SH,,9.81,10.92184368737475,-0.1018,10.8,8.84
20260611,603300.SH,,4.96,-2.3341176470588234,-3.125,5.63,4.61
20260611,603301.SH,,84.07,30.929693535925832,1.7181,90.92,74.39
20260611,603303.SH,,32.3,3.7580425601228638,7.5949,33.02,27.02
20260611,603305.SH,,13.39,-4.8898951904466275,-3.7383,15.3,12.52
20260611,603306.SH,,102.7,23.21428571428572,3.424,109.23,89.37
20260611,603307.SH,,25.97,39.67308279865566,-0.3454,28.67,23.45
20260611,603308.SH,,57.39,72.52622267155314,-0.2087,63.26,51.76
20260611,603309.SH,,11.4,12.494519947391495,-0.0876,12.55,10.27
20260611,603310.SH,,15.71,7.9989816700611005,0.964,17.12,14.0
20260611,603311.SH,,38.93,19.10018643901482,1.0382,42.38,34.68
20260611,603312.SH,,33.24,-329.43508424182363,-1.1009,36.97,30.25
20260611,603313.SH,,5.13,-4.667030567685589,-2.0992,5.76,4.72
20260611,603315.SH,,16.5,1.5,10.0,16.5,13.5
20260611,603316.SH,,19.53,21.75559763840927,-0.1023,21.51,17.6
20260611,603317.SH,,13.56,-619.1780821917799,-1.0219,15.07,12.33
20260611,603318.SH,,9.85,0.8909270163442145,10.0559,9.85,8.06
20260611,603319.SH,,34.01,14.718483576405418,1.3107,36.93,30.21
20260611,603320.SH,,19.38,-18.959107806691446,-2.0222,21.76,17.8
20260611,603321.SH,,6.31,17.049446095649824,-0.6299,6.99,5.72
20260611,603322.SH,,27.81,-6.80733361075074,-5.0853,32.23,26.37
20260611,603323.SH,,4.76,12.737489965212736,-0.6263,5.27,4.31
20260611,603324.SH,,33.83,3.070904024037109,10.0163,33.83,27.68
20260611,603325.SH,,58.99,21.792456315342275,1.7069,63.8,52.2
20260611,603326.SH,,6.91,-24.186209310465518,-1.2857,7.7,6.3
20260611,603327.SH,,9.8,9.8,0.0,10.78,8.82
20260611,603328.SH,,13.98,1.73785490527572,7.0444,14.37,11.75
20260611,603329.SH,,9.82,-32.03915171288744,-1.3065,10.95,8.96
20260611,603330.SH,,8.84,-11.365389560298276,-1.7778,9.9,8.1
20260611,603331.SH,,11.9,-10.455104551045512,-2.1382,13.38,10.94
20260611,603332.SH,,11.18,-27.208566561207103,-1.4109,12.47,10.21
20260611,603333.SH,,8.9,3.144098632846999,1.8307,9.61,7.87
20260611,603334.SH,,39.33,24.763883641858705,0.5882,43.01,35.19
20260611,603335.SH,,7.32,-7.261904761904762,-2.008,8.22,6.72
20260611,603336.SH,,8.85,-10.003390979993217,-1.8847,9.92,8.12
20260611,603337.SH,,38.35,-113.52871521610417,-1.3378,42.76,34.98
20260611,603338.SH,,48.5,-37.985588972431074,-2.2768,54.59,44.67
20260611,603339.SH,,12.71,-26.876718122224567,-1.4729,14.19,11.61
20260611,603341.SH,,35.39,16.07905497501136,1.201,38.47,31.47
20260611,603344.SH,,28.7,-10.414020828041656,-3.7559,32.8,26.84
20260611,603345.SH,,88.5,-155.75501583949313,-1.5682,98.9,80.92
20260611,603348.SH,,14.5,-13.263812660080498,-2.0932,16.29,13.33
20260611,603350.SH,,29.55,-35.722920696324955,-1.8272,33.11,27.09
20260611,603351.SH,,25.63,22.165527977168555,0.1563,28.15,23.03
20260611,603352.SH,,27.58,-35.331796054317195,-1.7806,30.89,25.27
20260611,603353.SH,,38.2,-27.747512166775625,-2.3767,43.04,35.22
20260611,603355.SH,,27.05,2.4581746803464166,10.0041,27.05,22.13
20260611,603356.SH,,17.46,-9.498939121919374,-2.8381,19.77,16.17
20260611,603357.SH,,6.62,-6.181139122315592,-2.071,7.44,6.08
20260611,603358.SH,,37.43,20.396708626232904,0.8351,40.83,33.41
20260611,603359.SH,,2.57,-4.825384904243335,-1.5326,2.74,2.48
20260611,603360.SH,,19.4,-9.470344154259212,-3.0485,22.01,18.01
20260611,603363.SH,,2.9,4.418037781840341,-0.3436,3.2,2.62
20260611,603365.SH,,18.1,9.029683212771264,1.0045,19.71,16.13
20260611,603366.SH,,6.85,-11.800172265288543,-1.5805,7.66,6.26
20260611,603367.SH,,13.03,-25.4641391440297,-1.5117,14.55,11.91
20260611,603368.SH,,16.51,11.103638442396935,0.4869,18.07,14.79
20260611,603369.SH,,24.37,32.303817603393426,-0.2456,26.87,21.99
20260611,603370.SH,,42.27,-38.16704288939052,-2.1075,47.5,38.86
20260611,603373.SH,,32.64,-13.113173436181752,-3.4891,37.2,30.44
20260611,603375.SH,,50.9,18.31198733630738,1.7796,55.01,45.01
20260611,603376.SH,,25.91,24.053100631266247,0.0772,28.48,23.3
20260611,603377.SH,,3.54,4.928302937491299,-0.2817,3.73,3.37
20260611,603378.SH,,5.37,-1.3575003791900502,-4.9558,5.93,5.37
20260611,603379.SH,,61.1,36.82941531042797,0.659,66.77,54.63
20260611,603380.SH,,35.07,34.09820126397667,0.0285,38.57,31.55
20260611,603381.SH,,16.95,-50.02951593860685,-1.3388,18.9,15.46
20260611,603382.SH,,19.81,-14.01188286886405,-2.4138,22.33,18.27
20260611,603383.SH,,27.63,-6.931413376147709,-4.9862,31.99,26.17
20260611,603385.SH,,5.37,-6.483941077034532,-1.8282,6.02,4.92
20260611,603386.SH,,18.1,-11.064922362146962,-2.6358,20.45,16.73
20260611,603387.SH,,7.98,1078.378378378384,-0.9926,8.87,7.25
20260611,603389.SH,,57.85,78.02805503102239,-0.2586,60.9,55.1
20260611,603390.SH,,11.22,-13.400214976710858,-1.8373,12.57,10.29
20260611,603391.SH,,52.9,-51.918735891647856,-2.0189,59.39,48.59
20260611,603392.SH,,28.93,-5.095642371508085,-6.6774,34.1,27.9
20260611,603393.SH,,28.06,4.146532488067266,5.7671,29.18,23.88
20260611,603395.SH,,23.21,4.147086676076974,4.5967,24.41,19.97
20260611,603396.SH,,29.12,21.656998363825675,0.3446,31.92,26.12
20260611,603398.SH,,13.12,-4.057397328055417,-4.2336,14.39,13.02
20260611,603399.SH,,19.18,1.7472738701478532,9.9771,19.18,15.7
20260611,603400.SH,,58.86,58.86,0.0,64.75,52.97
20260611,603402.SH,,94.49,-5868.94409937888,-1.0161,105.01,85.91
20260611,603406.SH,,27.35,-34.38953853891614,-1.7953,30.64,25.07
20260611,603407.SH,,50.13,11.384126263199727,3.4035,53.33,43.63
20260611,603408.SH,,10.03,5.559866962305986,0.804,10.95,8.96
20260611,603409.SH,,35.28,-3.92,-10.0,43.12,35.28
20260611,603416.SH,,54.01,-21.150532581453636,-3.5536,61.6,50.4
20260611,603418.SH,,48.47,14.495484179675818,2.3438,52.1,42.62
20260611,603421.SH,,6.46,-4.559249064859905,-2.4169,7.28,5.96
20260611,603429.SH,,9.24,-13.160518444666003,-1.7021,9.87,8.93
20260611,603435.SH,,64.2,-8.405231667561305,-8.6381,77.3,63.24
20260611,603439.SH,,15.47,2.695450664715209,4.7393,16.25,13.29
20260611,603444.SH,,327.42,212.12827988338196,0.5435,358.22,293.09
20260611,603456.SH,,12.18,-13.063063063063064,-1.9324,13.66,11.18
20260611,603458.SH,,13.39,3.1010444892192965,3.3179,14.26,11.66
20260611,603459.SH,,78.8,-15.55007400098668,-6.0675,92.28,75.5
20260611,603466.SH,,10.83,-1.2066717919577499,-9.9751,13.23,10.83
20260611,603477.SH,,13.9,-39.88522238163558,-1.3485,15.5,12.68
20260611,603486.SH,,55.68,-14.76257390566588,-4.7717,64.32,52.62
20260611,603488.SH,,12.1,67.11037160288407,-0.8197,13.42,10.98
20260611,603489.SH,,31.23,-34.10133216859577,-1.9158,35.02,28.66
20260611,603496.SH,,21.44,-4.844431389384731,-5.4257,24.94,20.4
20260611,603499.SH,,16.84,286.39455782312945,-0.9412,18.7,15.3
20260611,603500.SH,,13.12,2.7347576862949454,3.7975,13.9,11.38
20260611,603501.SH,,85.17,-18.695671261743787,-5.5556,99.2,81.16
20260611,603505.SH,,18.87,2.7858566472281687,5.7735,19.62,16.06
20260611,603506.SH,,10.51,-25.816752640628838,-1.4071,11.73,9.59
20260611,603507.SH,,35.85,67.89772727272727,-0.472,39.62,32.42
20260611,603508.SH,,21.71,-32.12964333284002,-1.6757,24.29,19.87
20260611,603511.SH,,12.36,-24.051371862230003,-1.5139,13.81,11.3
20260611,603515.SH,,18.36,35.84537290121047,-0.4878,20.3,16.61
20260611,603516.SH,,113.95,-199.17846530326864,-1.5721,127.35,104.19
20260611,603517.SH,,11.8,-4.413689919581073,-3.6735,12.86,11.64
20260611,603518.SH,,8.19,53.70491803278689,-0.8475,9.09,7.43
20260611,603519.SH,,12.4,5.374479889042997,1.3072,13.46,11.02
20260611,603520.SH,,9.19,26.1525327262379,-0.6486,10.18,8.33
20260611,603527.SH,,13.4,-12.80091708062667,-2.0468,15.05,12.31
20260611,603528.SH,,6.48,-3.2497492477432295,-2.994,7.35,6.01
20260611,603529.SH,,20.02,-8.417423477968383,-3.3784,22.79,18.65
20260611,603530.SH,,51.1,72.2465714689665,-0.2927,56.38,46.13
20260611,603533.SH,,19.95,-6.986761924774112,-3.8554,22.83,18.68
20260611,603535.SH,,6.57,-8.277686783419428,-1.7937,7.36,6.02
20260611,603536.SH,,8.76,-518.3431952662747,-1.0169,9.74,7.97
20260611,603538.SH,,36.99,-12.658704356455974,-3.9221,42.35,34.65
20260611,603551.SH,,10.04,7.171428571428572,0.4,11.0,9.0
20260611,603556.SH,,23.56,-7.670019858710161,-4.0717,27.02,22.1
20260611,603557.SH,,4.61,1.0565639897323067,3.3632,4.68,4.24
20260611,603558.SH,,11.65,14.05986000482742,-0.1714,12.84,10.5
20260611,603559.SH,,8.22,-14.76028012210451,-1.5569,8.77,7.93
20260611,603565.SH,,9.7,4.750942841749522,1.0417,10.56,8.64
20260611,603566.SH,,10.23,-7.916118548324692,-2.2923,11.52,9.42
20260611,603567.SH,,5.95,-0.7685054828668484,-8.7423,7.17,5.87
20260611,603568.SH,,16.18,4.121033059956192,2.9262,17.29,14.15
20260611,603569.SH,,6.1,2.1506134536736705,1.8364,6.59,5.39
20260611,603577.SH,,9.24,-11.455492189437145,-1.8066,10.35,8.47
20260611,603578.SH,,12.98,-6.2948593598448115,-3.062,14.73,12.05
20260611,603579.SH,,18.39,15.807117070654977,0.1634,20.2,16.52
20260611,603580.SH,,23.16,161.0570236439499,-0.8562,24.53,22.19
20260611,603583.SH,,23.84,-10.08289629504314,-3.3644,27.14,22.2
20260611,603585.SH,,14.93,-118.68044515103347,-1.1258,16.61,13.59
20260611,603586.SH,,18.28,9.707912904938928,0.883,19.93,16.31
20260611,603587.SH,,11.99,-13.591022443890273,-1.8822,13.44,11.0
20260611,603588.SH,,13.68,-3.067539689658265,-5.4596,15.92,13.02
20260611,603589.SH,,19.95,13.728323699421964,0.4532,21.85,17.87
20260611,603590.SH,,29.45,27.574906367041198,0.068,32.37,26.49
20260611,603595.SH,,24.28,-31.13219643544044,-1.7799,25.96,23.48
20260611,603596.SH,,26.3,-45.987060674943166,-1.5719,29.39,24.05
20260611,603598.SH,,19.04,-2.111122198937786,-10.0189,23.28,19.04
20260611,603599.SH,,10.43,-6.1165845648604265,-2.7052,11.79,9.65
20260611,603600.SH,,9.59,-14.960998439937597,-1.641,10.73,8.78
20260611,603601.SH,,13.86,7.398313227287285,0.8734,15.11,12.37
20260611,603602.SH,,12.74,-3.96822924778072,-4.2105,14.63,11.97
20260611,603605.SH,,63.4,-49.48872063070799,-2.2811,71.37,58.39
20260611,603606.SH,,40.42,4.739347606875689,7.5286,41.35,33.83
20260611,603607.SH,,21.47,8.079933764865272,1.6572,23.23,19.01
20260611,603608.SH,,24.45,2.9854208893990086,7.1898,25.09,20.53
20260611,603609.SH,,6.11,4.091335208249632,0.4934,6.69,5.47
20260611,603610.SH,,16.94,-15.672125080951057,-2.0809,19.03,15.57
20260611,603611.SH,,16.98,-9.408244680851062,-2.8048,19.22,15.72
20260611,603612.SH,,19.19,58.66707428920821,-0.6729,21.25,17.39
20260611,603613.SH,,19.96,-5.939945838169212,-4.3603,22.96,18.78
20260611,603615.SH,,17.39,-23.143465531008783,-1.7514,19.47,15.93
20260611,603616.SH,,6.56,-0.7277810444101755,-10.0137,8.02,6.56
20260611,603617.SH,,7.36,1.1981311758290059,5.1429,7.7,6.3
20260611,603618.SH,,41.4,8.698575450687063,3.7594,43.89,35.91
20260611,603619.SH,,24.27,8.790293371966678,1.761,26.24,21.47
20260611,603626.SH,,21.31,-14.936566902642463,-2.4267,24.02,19.66
20260611,603628.SH,,10.31,-9.464793904342237,-2.0893,11.58,9.48
20260611,603629.SH,,139.3,-51.747836100895285,-3.6919,159.1,130.18
20260611,603630.SH,,12.8,-18.558793678410904,-1.6897,14.32,11.72
20260611,603633.SH,,7.47,-3.1605669557859106,-3.3635,8.5,6.96
20260611,603636.SH,,8.84,-1.180460967337019,-8.4886,10.63,8.69
20260611,603637.SH,,17.29,-5.666808691947167,-4.0511,19.82,16.22
20260611,603638.SH,,23.53,-39.92872900050909,-1.5893,26.3,21.52
20260611,603639.SH,,10.8,10.8,0.0,11.88,9.72
20260611,603648.SH,,8.58,-11.94653299916458,-1.7182,9.6,7.86
20260611,603650.SH,,64.3,7.494958678649275,7.5791,65.75,53.79
20260611,603655.SH,,32.32,-20.683476257519516,-2.5626,36.49,29.85
20260611,603656.SH,,18.03,9.80477459350699,0.8389,19.67,16.09
20260611,603657.SH,,25.48,2.3127263485608998,10.0173,25.48,20.84
20260611,603658.SH,,31.06,9.692014853184386,2.2047,33.43,27.35
20260611,603659.SH,,27.23,-1529.7752808988732,-1.0178,30.26,24.76
20260611,603660.SH,,11.03,-15.907124314969714,-1.6934,12.34,10.1
20260611,603661.SH,,36.17,-62.55620892424766,-1.5782,40.43,33.08
20260611,603662.SH,,64.97,-13.892868598310702,-5.6765,75.77,61.99
20260611,603663.SH,,74.39,159.90971625107483,-0.5348,82.27,67.31
20260611,603665.SH,,26.36,-26.16636887035934,-2.0074,29.59,24.21
20260611,603666.SH,,26.6,-40.084388185654014,-1.6636,29.76,24.35
20260611,603667.SH,,65.01,-31.166402991514456,-3.0859,73.79,60.37
20260611,603668.SH,,11.19,2.0413003028202414,4.4818,11.78,9.64
20260611,603669.SH,,4.57,34.54270597127741,-0.8677,5.07,4.15
20260611,603676.SH,,8.9,-40.28972385694883,-1.2209,9.91,8.11
20260611,603677.SH,,14.6,-8.431995379728559,-2.7315,16.51,13.51
20260611,603678.SH,,61.91,5.626340470391508,10.0036,61.91,50.65
20260611,603679.SH,,18.59,6.493188962626616,1.863,20.08,16.43
20260611,603680.SH,,11.06,57.36514522821578,-0.8072,12.27,10.04
20260611,603681.SH,,23.4,3.7081055383884,5.3105,24.44,20.0
20260611,603682.SH,,8.29,29.459843638948115,-0.7186,9.19,7.52
20260611,603683.SH,,30.1,-6.878899376099824,-5.3757,34.99,28.63
20260611,603685.SH,,30.0,-10.540369615627855,-3.8462,34.32,28.08
20260611,603686.SH,,14.04,-12.100318883047489,-2.1603,15.79,12.92
20260611,603687.SH,,19.0,308.9430894308943,-0.9385,21.1,17.26
20260611,603688.SH,,76.15,15.623717685679113,3.874,80.64,65.98
20260611,603689.SH,,7.67,4.631083202511774,0.6562,8.38,6.86
20260611,603690.SH,,28.46,5.6261737669269545,4.0585,30.09,24.62
20260611,603693.SH,,14.18,11.053082859147246,0.2829,15.55,12.73
20260611,603696.SH,,12.48,-24.97998398718975,-1.4996,13.94,11.4
20260611,603697.SH,,11.17,1.4342946660160765,6.7878,11.51,9.41
20260611,603698.SH,,30.24,-64.85095432125242,-1.4663,33.76,27.62
20260611,603699.SH,,51.8,-38.71739292921743,-2.3379,58.34,47.74
20260611,603700.SH,,10.64,-8.211777417612101,-2.2957,11.98,9.8
20260611,603701.SH,,22.54,-5.787649248940814,-4.8945,26.07,21.33
20260611,603703.SH,,11.42,-6.038494077834179,-2.8912,12.94,10.58
20260611,603706.SH,,20.33,-16.76562757710704,-2.2126,22.87,18.71
20260611,603707.SH,,7.52,-7.868578005650308,-1.9557,8.44,6.9
20260611,603708.SH,,9.55,9.55,0.0,10.51,8.6
20260611,603709.SH,,15.09,-84.39597315436238,-1.1788,16.8,13.74
20260611,603711.SH,,12.91,-28.663410301953824,-1.4504,14.41,11.79
20260611,603712.SH,,13.26,-27.289565754270427,-1.4859,14.81,12.11
20260611,603713.SH,,54.69,-530.455868089234,-1.1031,60.83,49.77
20260611,603716.SH,,15.32,-14.646271510516256,-2.046,17.2,14.08
20260611,603717.SH,,6.47,5.60270176653966,0.1548,7.11,5.81
20260611,603718.SH,,3.14,-5.534014804370815,-1.5674,3.35,3.03
20260611,603719.SH,,9.18,315.463917525773,-0.9709,10.2,8.34
20260611,603721.SH,,18.52,-5.8965868568517585,-4.1408,21.25,17.39
20260611,603722.SH,,39.66,14.73089923114066,1.6923,42.9,35.1
20260611,603725.SH,,11.11,-5.895150164491139,-2.8846,12.58,10.3
20260611,603726.SH,,25.79,9.56744324083692,1.6956,27.9,22.82
20260611,603727.SH,,13.93,10.815217391304348,0.288,15.28,12.5
20260611,603728.SH,,61.22,-45.52011301955536,-2.3449,68.96,56.42
20260611,603729.SH,,11.85,-28.60246198406952,-1.4143,12.62,11.42
20260611,603730.SH,,12.91,28.02257434339049,-0.5393,14.28,11.68
20260611,603733.SH,,27.12,12.800906258850185,1.1186,29.5,24.14
20260611,603737.SH,,26.19,-9.911444141689374,-3.6424,29.9,24.46
20260611,603738.SH,,47.04,5.537114202980437,7.4954,48.14,39.38
20260611,603739.SH,,12.3,-18.12288198025637,-1.6787,13.76,11.26
20260611,603755.SH,,26.56,7.744343363657569,2.4296,28.52,23.34
20260611,603757.SH,,46.69,-22.97510087589804,-3.0322,52.97,43.34
20260611,603758.SH,,9.99,-6.501366653650918,-2.5366,11.28,9.23
20260611,603759.SH,,7.46,-10.46576879910213,-1.7128,8.35,6.83
20260611,603766.SH,,12.31,-6.685130878679265,-2.8414,13.94,11.4
20260611,603767.SH,,15.86,-9.332705660821468,-2.6994,17.93,14.67
20260611,603768.SH,,10.5,-285.32608695652215,-1.0368,11.67,9.55
20260611,603773.SH,,139.46,-15.49108035456424,-10.0026,170.46,139.46
20260611,603776.SH,,19.49,44.41659070191431,-0.5612,21.56,17.64
20260611,603777.SH,,15.98,6.021327103508044,1.6539,17.29,14.15
20260611,603778.SH,,19.8,-10.199876365134969,-2.9412,22.44,18.36
20260611,603779.SH,,7.98,-6.6174641346711995,-2.2059,8.98,7.34
20260611,603786.SH,,45.41,28.023944705011104,0.6204,49.64,40.62
20260611,603787.SH,,9.66,34.42622950819673,-0.7194,10.7,8.76
20260611,603788.SH,,14.75,20.21932830705963,-0.2705,16.27,13.31
20260611,603789.SH,,5.4,6.624141315014721,-0.1848,5.68,5.14
20260611,603790.SH,,26.14,13.298738298738298,0.9656,28.48,23.3
20260611,603797.SH,,4.12,-6.143751864002385,-1.6706,4.61,3.77
20260611,603798.SH,,16.09,1.7904435492844903,7.9866,16.39,13.41
20260611,603799.SH,,47.53,26.319286782213858,0.8059,51.87,42.44
20260611,603800.SH,,74.3,-15.01192063684487,-5.9494,86.9,71.1
20260611,603801.SH,,6.69,-36.818932305998906,-1.1817,7.45,6.09
20260611,603803.SH,,11.6,-7.626561472715319,-2.521,13.09,10.71
20260611,603806.SH,,15.23,-5.23062128653364,-3.9117,17.44,14.27
20260611,603808.SH,,9.07,5.101811227359658,0.7778,9.9,8.1
20260611,603809.SH,,10.42,-75.23465703971115,-1.1385,11.59,9.49
20260611,603810.SH,,12.44,44.16045438409656,-0.7183,13.78,11.28
20260611,603811.SH,,10.26,-12.539721339525787,-1.8182,11.5,9.41
20260611,603813.SH,,37.87,233.62122146822944,-0.8379,40.1,36.28
20260611,603815.SH,,5.52,-73.3067729083666,-1.0753,6.14,5.02
20260611,603816.SH,,27.02,24.31605471562275,0.1112,29.69,24.29
20260611,603817.SH,,5.81,39.5776566757493,-0.8532,6.45,5.27
20260611,603818.SH,,2.91,-142.6470588235296,-1.0204,3.23,2.65
20260611,603819.SH,,11.56,-5.501094508422956,-3.1014,13.12,10.74
20260611,603822.SH,,80.88,-44.930837175712455,-2.8001,87.37,79.05
20260611,603823.SH,,42.63,3.931641273471797,9.8428,42.69,34.93
20260611,603825.SH,,6.81,-1.693650675221965,-5.0209,7.53,6.81
20260611,603826.SH,,31.06,31.06,0.0,34.17,27.95
20260611,603828.SH,,4.84,-3.4098915034521626,-2.4194,5.21,4.71
20260611,603829.SH,,19.18,-103.67567567567565,-1.185,21.35,17.47
20260611,603833.SH,,34.66,1211.8881118881136,-0.9714,38.5,31.5
20260611,603836.SH,,11.78,-23.32673267326733,-1.505,13.16,10.76
20260611,603838.SH,,8.75,6.510416666666667,0.344,9.16,8.28
20260611,603839.SH,,6.45,-12.246060375925575,-1.5267,7.21,5.9
20260611,603843.SH,,8.28,1.3932357395254922,4.943,8.28,7.5
20260611,603848.SH,,13.57,-43.901649951472024,-1.3091,15.13,12.38
20260611,603855.SH,,17.45,118.14488828706834,-0.8523,19.36,15.84
20260611,603856.SH,,11.86,7.8621146834603906,0.5085,12.98,10.62
20260611,603858.SH,,14.48,-29.158276278695133,-1.4966,16.17,13.23
20260611,603859.SH,,51.89,-5.7711343187303275,-9.9913,63.42,51.89
20260611,603860.SH,,26.6,-42.41071428571429,-1.6272,29.74,24.34
20260611,603861.SH,,14.7,-1.6366794335085062,-9.9816,17.96,14.7
20260611,603863.SH,,15.08,-48.818387827775986,-1.3089,16.81,13.75
20260611,603866.SH,,4.1,-1.195718743620403,-4.4289,4.72,3.86
20260611,603867.SH,,39.8,19.501200450781518,1.0409,43.33,35.45
20260611,603868.SH,,34.09,26.955009093065552,0.2647,37.4,30.6
20260611,603869.SH,,8.65,-4.0505736361507845,-3.1355,9.38,8.48
20260611,603871.SH,,11.75,4.3015082735393175,1.7316,12.71,10.4
20260611,603876.SH,,25.23,7.916287534121929,2.1871,27.16,22.22
20260611,603877.SH,,13.13,-15.118019573978124,-1.8685,14.72,12.04
20260611,603878.SH,,5.9,2.6809651474530827,1.2007,6.41,5.25
20260611,603879.SH,,4.73,-3.716508210890234,-2.2727,5.32,4.36
20260611,603880.SH,,7.54,-13.307447935051183,-1.5666,8.43,6.89
20260611,603881.SH,,31.19,-3.640289449112979,-9.568,37.94,31.04
20260611,603882.SH,,23.55,-15.863927248231727,-2.4845,26.57,21.74
20260611,603883.SH,,11.68,-33.238474672737624,-1.3514,13.02,10.66
20260611,603885.SH,,10.68,5.233498309403635,1.0407,11.63,9.51
20260611,603886.SH,,13.08,1.6822069320300945,6.7755,13.48,11.03
20260611,603887.SH,,10.46,-3.0101585657141214,-4.4749,12.05,9.86
20260611,603888.SH,,17.99,-4.594677427593604,-4.9154,20.81,17.03
20260611,603889.SH,,6.1,9.061200237670825,-0.3268,6.73,5.51
20260611,603890.SH,,22.8,-9.540547326136078,-3.3898,25.96,21.24
20260611,603893.SH,,160.08,-139.7346368715084,-2.1456,179.95,147.23
20260611,603895.SH,,30.45,-66.73241288625906,-1.4563,33.99,27.81
20260611,603896.SH,,15.87,9.71176794565816,0.6341,17.35,14.19
20260611,603897.SH,,36.24,-19.95814517017293,-2.8158,41.02,33.56
20260611,603898.SH,,13.08,4.103529411764706,2.1875,14.08,11.52
20260611,603899.SH,,22.17,34.618988132417236,-0.3596,24.48,20.03
20260611,603900.SH,,6.24,131.09243697479,-0.9524,6.93,5.67
20260611,603901.SH,,10.69,9.775054864667155,0.0936,11.75,9.61
20260611,603903.SH,,11.63,20.335723028501484,-0.4281,12.85,10.51
20260611,603906.SH,,23.38,12.550998496886407,0.8628,25.5,20.86
20260611,603908.SH,,19.4,147.7532368621478,-0.8687,21.53,17.61
20260611,603909.SH,,9.48,-10.979847116052815,-1.8634,10.63,8.69
20260611,603912.SH,,8.2,-2.750477979404957,-3.9813,9.39,7.69
20260611,603915.SH,,15.31,-6.203906313315504,-3.4678,17.45,14.27
20260611,603916.SH,,13.39,-74.05973451327431,-1.1808,14.91,12.2
20260611,603917.SH,,11.87,-6.651350442676229,-2.7846,13.43,10.99
20260611,603918.SH,,10.46,-3.4445286001251363,-4.0367,11.99,9.81
20260611,603919.SH,,18.15,15.571379547014413,0.1656,19.93,16.31
20260611,603920.SH,,53.25,-14.635956353241898,-4.6383,61.42,50.26
20260611,603922.SH,,13.89,-3.928056333248494,-4.5361,15.28,13.82
20260611,603926.SH,,19.05,-13.531751669271204,-2.4078,21.47,17.57
20260611,603927.SH,,14.38,-4.090689272608312,-4.5153,16.57,13.55
20260611,603928.SH,,15.01,-13.03856845031272,-2.1512,16.87,13.81
20260611,603929.SH,,230.86,46.51715730721958,3.9629,244.27,199.85
20260611,603931.SH,,59.81,21.59517619872906,1.7696,64.65,52.89
20260611,603933.SH,,21.81,-28.818710359408037,-1.7568,24.42,19.98
20260611,603936.SH,,23.72,2.152723576497922,10.0186,23.72,19.4
20260611,603937.SH,,13.35,-353.1746031746026,-1.0378,14.84,12.14
20260611,603938.SH,,58.97,-86.22605644100015,-1.6839,65.98,53.98
20260611,603939.SH,,20.82,-44.572896596017976,-1.4671,23.24,19.02
20260611,603948.SH,,24.86,11.849380362249763,1.098,27.05,22.13
20260611,603949.SH,,14.62,-177.21212121212116,-1.0825,16.26,13.3
20260611,603950.SH,,59.13,-131.4,-1.45,66.0,54.0
20260611,603955.SH,,23.09,-56.44096797848936,-1.4091,25.76,21.08
20260611,603956.SH,,4.58,-4.93960310612597,-1.9272,5.14,4.2
20260611,603958.SH,,19.05,-27.10586226522481,-1.7028,21.32,17.44
20260611,603959.SH,,3.7,-1.5453368416656226,-3.3943,4.02,3.64
20260611,603960.SH,,19.72,-5.942802037187716,-4.3183,22.67,18.55
20260611,603966.SH,,8.92,26.883664858348403,-0.6682,9.88,8.08
20260611,603967.SH,,11.76,-10.110910497807582,-2.1631,13.22,10.82
20260611,603968.SH,,10.3,-67.94195250659634,-1.1516,11.46,9.38
20260611,603969.SH,,7.62,-4.892455858747994,-2.5575,8.6,7.04
20260611,603970.SH,,10.96,39.79665940450255,-0.7246,12.14,9.94
20260611,603976.SH,,25.0,3.6777145210880153,5.7977,25.99,21.27
20260611,603977.SH,,12.83,3.4468862500671644,2.7222,13.74,11.24
20260611,603978.SH,,24.64,13.865286140341006,0.7771,26.9,22.01
20260611,603979.SH,,68.11,17.39141536654495,2.9163,72.8,59.56
20260611,603980.SH,,5.39,20.463173880030375,-0.7366,5.97,4.89
20260611,603982.SH,,6.3,111.30742049469967,-0.9434,7.0,5.72
20260611,603983.SH,,21.37,-16.614834395894885,-2.2862,24.06,19.68
20260611,603985.SH,,23.26,3.6119695016848614,5.4397,24.27,19.85
20260611,603986.SH,,483.5,311.2928148338913,0.5532,528.92,432.76
20260611,603987.SH,,7.19,41.70533642691416,-0.8276,7.98,6.53
20260611,603988.SH,,19.14,5.276652055247705,2.6273,20.52,16.79
20260611,603989.SH,,30.59,-30.052067983102464,-2.0179,34.34,28.1
20260611,603990.SH,,20.04,-5.61124488995912,-4.5714,23.1,18.9
20260611,603991.SH,,120.21,10.926393862822447,10.0018,120.21,98.35
20260611,603992.SH,,31.91,2.9018060127675827,9.9966,31.91,26.11
20260611,603993.SH,,17.37,3.8995150862068972,3.4544,18.47,15.11
20260611,603995.SH,,19.03,-16.41366223908918,-2.1594,21.4,17.51
20260611,603997.SH,,13.83,4.742798353909465,1.916,14.93,12.21
20260611,603998.SH,,9.67,6.3626792999078825,0.5198,10.58,8.66
20260611,603999.SH,,5.43,-3.587710604558969,-2.5135,6.13,5.01
20260611,605001.SH,,5.99,-7.4567409436076195,-1.8033,6.71,5.49
20260611,605003.SH,,22.88,-14.710042432814708,-2.5554,25.83,21.13
20260611,605005.SH,,15.82,8.082975679542203,0.9572,17.24,14.1
20260611,605006.SH,,22.26,3.348476187610939,5.6478,23.18,18.96
20260611,605007.SH,,12.79,-9.360362997658079,-2.3664,14.41,11.79
20260611,605008.SH,,11.69,2.1748837209302323,4.375,12.32,10.08
20260611,605009.SH,,22.76,-15.770509977827052,-2.4432,25.66,21.0
20260611,605011.SH,,17.78,-10.246657445827571,-2.7352,20.11,16.45
20260611,605016.SH,,24.44,20.99836755735029,0.1639,26.84,21.96
20260611,605018.SH,,16.55,-2.7721014371377843,-6.9702,19.57,16.01
20260611,605020.SH,,33.26,15.881959698214116,1.0942,36.19,29.61
20260611,605028.SH,,22.68,5.186608122941823,3.3728,24.13,19.75
20260611,605033.SH,,18.7,39.948728904080326,-0.5319,20.68,16.92
20260611,605050.SH,,10.22,-18.876985592907275,-1.5414,11.42,9.34
20260611,605055.SH,,11.05,4.31219512195122,1.5625,11.97,9.79
20260611,605056.SH,,18.21,-21.863368951854966,-1.8329,20.41,16.7
20260611,605058.SH,,36.35,11.384634658147766,2.1929,39.13,32.01
20260611,605060.SH,,46.73,217.95708955223876,-0.7856,51.81,42.39
20260611,605066.SH,,6.24,-14.793741109530586,-1.4218,6.96,5.7
20260611,605068.SH,,19.28,-14.492971510185676,-2.3303,21.71,17.77
20260611,605069.SH,,11.55,1.05,10.0,11.55,9.45
20260611,605077.SH,,12.05,-7.593421135547294,-2.5869,13.61,11.13
20260611,605080.SH,,20.68,-6.25983775275457,-4.3036,23.77,19.45
20260611,605081.SH,,0.38,-0.095,-5.0,0.44,0.36
20260611,605086.SH,,27.79,16.45936981757877,0.6884,30.36,24.84
20260611,605088.SH,,33.5,9.29677526780263,2.6034,35.92,29.39
20260611,605089.SH,,20.6,-13.252702007205356,-2.5544,23.25,19.03
20260611,605090.SH,,36.33,14.646831156265119,1.4804,39.38,32.22
20260611,605098.SH,,56.23,-264.98586239396803,-1.2122,62.61,51.23
20260611,605099.SH,,36.2,-4.772011231363451,-8.5859,43.56,35.64
20260611,605100.SH,,35.71,-7.841285874267144,-5.5541,41.59,34.03
20260611,605108.SH,,12.56,-15.733433546285857,-1.7983,14.07,11.51
20260611,605111.SH,,58.39,347.97377830750906,-0.8322,64.77,52.99
20260611,605116.SH,,19.82,3.139304664607587,5.3135,20.7,16.94
20260611,605117.SH,,101.2,-71.73235043946697,-2.4108,114.07,93.33
20260611,605118.SH,,32.29,18.464089661482156,0.7488,35.26,28.85
20260611,605122.SH,,12.05,-52.505446623093675,-1.2295,13.42,10.98
20260611,605123.SH,,94.5,123.094958968347,-0.2323,104.19,85.25
20260611,605128.SH,,24.25,-29.504805937461974,-1.8219,27.17,22.23
20260611,605133.SH,,33.85,-201.60810005955935,-1.1679,37.68,30.83
20260611,605136.SH,,8.17,-4.149103651414351,-2.9691,9.26,7.58
20260611,605138.SH,,6.3,-63.70070778564207,-1.0989,7.01,5.73
20260611,605151.SH,,19.23,-11.776593790189235,-2.6329,21.73,17.78
20260611,605155.SH,,13.7,-46.159029649595695,-1.2968,15.27,12.49
20260611,605158.SH,,6.35,29.035208047553724,-0.7813,7.04,5.76
20260611,605162.SH,,9.52,-2.709548882880319,-4.5135,10.97,8.97
20260611,605166.SH,,9.6,4.045853000674309,1.3728,10.42,8.52
20260611,605167.SH,,14.13,747.6190476190466,-0.9811,15.7,12.84
20260611,605168.SH,,46.02,33.04372801033963,0.3927,50.42,41.26
20260611,605169.SH,,10.46,19.950410070570285,-0.4757,11.56,9.46
20260611,605177.SH,,20.7,-7.866833884391745,-3.6313,23.63,19.33
20260611,605178.SH,,62.83,-19.949198285442133,-4.1495,72.11,59.0
20260611,605179.SH,,13.77,-177.44845360824766,-1.0776,15.31,12.53
20260611,605180.SH,,13.54,6.621674491392801,1.0448,14.74,12.06
20260611,605183.SH,,14.36,13.4243245769842,0.0697,15.79,12.92
20260611,605186.SH,,34.33,4.128782412084476,7.3148,35.19,28.79
20260611,605188.SH,,12.86,-7.796301909669595,-2.6495,14.53,11.89
20260611,605189.SH,,13.09,18.82369859073914,-0.3046,14.44,11.82
20260611,605196.SH,,34.49,-46.74075077923838,-1.7379,38.61,31.59
20260611,605198.SH,,58.91,-19.380201993617792,-4.0397,67.53,55.25
20260611,605199.SH,,6.28,-4.230380599528461,-2.4845,6.76,6.12
20260611,605208.SH,,15.67,3.59066015902477,3.3641,16.68,13.64
20260611,605218.SH,,16.9,31.95311022877671,-0.4711,18.68,15.28
20260611,605222.SH,,24.05,-6.045295729331625,-4.9783,27.84,22.78
20260611,605228.SH,,13.48,14.558807646614106,-0.0741,14.84,12.14
20260611,605255.SH,,76.19,155.26798451192172,-0.5093,84.24,68.92
20260611,605258.SH,,33.4,-80.13435700575815,-1.4168,37.27,30.49
20260611,605259.SH,,17.7,-7.263028313500206,-3.437,20.16,16.5
20260611,605266.SH,,18.35,17.401612138454244,0.0545,20.17,16.51
20260611,605268.SH,,9.8,19.90251827782291,-0.5076,10.84,8.87
20260611,605277.SH,,20.58,-9.171122994652405,-3.244,23.4,19.14
20260611,605286.SH,,29.08,38.26819318331359,-0.2401,32.07,26.24
20260611,605287.SH,,39.38,9.63071655661531,3.089,42.02,34.38
20260611,605288.SH,,66.44,51.03310546124894,0.3019,72.86,59.62
20260611,605289.SH,,105.87,169.77228992944197,-0.3764,116.9,95.64
20260611,605296.SH,,25.62,16.966887417218544,0.51,28.04,22.94
20260611,605298.SH,,53.97,18.94082964834702,1.8494,58.29,47.69
20260611,605299.SH,,15.22,-4.82225460997402,-4.1562,17.47,14.29
20260611,605300.SH,,9.05,-21.749579428022116,-1.4161,10.1,8.26
20260611,605303.SH,,27.85,5.531940251072621,4.0344,29.45,24.09
20260611,605305.SH,,36.2,-31.147823094131823,-2.1622,40.7,33.3
20260611,605318.SH,,126.99,12.765123338895478,8.9482,128.22,104.9
20260611,605319.SH,,25.64,-6.959826275787187,-4.684,29.59,24.21
20260611,605333.SH,,18.54,-28.762022959975173,-1.6446,20.74,16.97
20260611,605336.SH,,16.05,-147.11274060494964,-1.1091,17.04,15.42
20260611,605337.SH,,9.03,-14.242902208201894,-1.634,10.1,8.26
20260611,605338.SH,,19.28,-68.83255980007141,-1.2801,21.48,17.58
20260611,605339.SH,,12.91,4164.516129032269,-0.9969,14.34,11.74
20260611,605358.SH,,71.17,-32.79572369936869,-3.1701,80.85,66.15
20260611,605365.SH,,15.65,88.81952326901248,-0.8238,17.36,14.2
20260611,605366.SH,,10.55,-21.36059931160154,-1.4939,11.78,9.64
20260611,605368.SH,,7.02,2.8710482188867528,1.4451,7.61,6.23
20260611,605369.SH,,16.28,14.496883348174533,0.123,17.89,14.63
20260611,605376.SH,,181.0,-31.74881599719348,-6.701,213.4,174.6
20260611,605377.SH,,8.12,12.850134514954897,-0.3681,8.97,7.34
20260611,605378.SH,,15.41,94.30844553243574,-0.8366,17.09,13.99
20260611,605388.SH,,5.28,-4.320078546882671,-2.2222,5.94,4.86
20260611,605389.SH,,82.25,-53.15367713584076,-2.5474,92.84,75.96
20260611,605398.SH,,22.63,-2.518894491379214,-9.9841,27.65,22.63
20260611,605399.SH,,13.09,11.352992194275801,0.153,14.38,11.76
20260611,605488.SH,,34.09,-11.266069599127533,-4.0259,39.07,31.97
20260611,605499.SH,,133.12,68.61148335223173,0.9402,145.07,118.69
20260611,605500.SH,,6.87,4.775476157375226,0.4386,7.52,6.16
20260611,605507.SH,,15.89,-26.053451385473025,-1.6099,17.77,14.54
20260611,605555.SH,,15.35,16.41886832816344,-0.0651,16.9,13.82
20260611,605566.SH,,47.34,5.984375395039568,6.9106,48.71,39.85
20260611,605567.SH,,8.91,-81.07370336669692,-1.1099,9.91,8.11
20260611,605577.SH,,9.66,-5.6195462478185,-2.719,10.92,8.94
20260611,605580.SH,,24.15,-13.58420519743503,-2.7778,27.32,22.36
20260611,605588.SH,,55.92,7.264979473055138,6.6972,57.65,47.17
20260611,605589.SH,,61.0,24.424424424424423,1.4975,66.11,54.09
20260611,605598.SH,,36.05,-25.10970258410531,-2.4357,40.65,33.26
20260611,605599.SH,,14.47,58.940936863543776,-0.7545,16.04,13.12
20260611,688001.SH,,60.0,-24.551927326295115,-3.4438,74.57,49.71
20260611,688002.SH,,130.81,24.538530802131014,4.3308,150.46,100.3
20260611,688003.SH,,95.57,-47.92157649300506,-2.9943,118.22,78.82
20260611,688004.SH,,20.12,19.16738115652091,0.0497,24.13,16.09
20260611,688005.SH,,31.29,-49.29888136127304,-1.6347,38.17,25.45
20260611,688006.SH,,32.63,-10.025501582327099,-4.2547,40.9,27.26
20260611,688007.SH,,12.71,-2.1103491789396784,-7.0227,16.4,10.94
20260611,688008.SH,,228.7,53186.04651162827,-0.9957,277.2,184.8
20260611,688009.SH,,4.87,-5.979128299570289,-1.8145,5.95,3.97
20260611,688010.SH,,39.87,1.9002092279536171,19.9819,39.88,26.58
20260611,688011.SH,,58.98,15.000381494951549,2.9319,68.76,45.84
20260611,688012.SH,,303.12,51.8517251406969,4.8459,346.93,231.29
20260611,688013.SH,,27.14,-48.49026264070037,-1.5597,33.08,22.06
20260611,688015.SH,,16.46,-13.733833959115561,-2.1985,20.2,13.46
20260611,688016.SH,,91.42,299.9343832020998,-0.6952,110.47,73.65
20260611,688017.SH,,367.0,-29.49354677981902,-13.4434,508.8,339.2
20260611,688018.SH,,112.44,-52.44158388134882,-3.1441,139.31,92.87
20260611,688019.SH,,230.45,30.757013586738914,6.4926,259.68,173.12
20260611,688020.SH,,178.0,14.53061224489796,11.25,192.0,128.0
20260611,688021.SH,,22.3,20.462470178014314,0.0898,26.74,17.82
20260611,688022.SH,,8.07,-4.556490316752301,-2.7711,9.96,6.64
20260611,688023.SH,,37.11,-14.933601609657948,-3.485,46.14,30.76
20260611,688025.SH,,365.3,395.60320554472605,-0.0766,438.7,292.46
20260611,688026.SH,,12.84,-28.022697512003496,-1.4582,15.64,10.42
20260611,688027.SH,,481.0,-195.6716296477097,-3.4582,597.88,398.58
20260611,688028.SH,,103.0,-201.6444792482381,-1.5108,125.5,83.66
20260611,688029.SH,,72.6,58.799708431197864,0.2347,86.92,57.94
20260611,688030.SH,,16.12,-6.369527422159001,-3.5308,20.05,13.37
20260611,688031.SH,,124.31,-16.541803616814594,-8.5149,163.06,108.7
20260611,688032.SH,,86.66,-22.073919356071215,-4.9259,109.38,72.92
20260611,688033.SH,,6.53,-2.308072953485084,-3.8292,8.15,5.43
20260611,688035.SH,,88.5,10.017204690541947,7.8348,98.48,65.66
20260611,688036.SH,,53.17,93.3953978570174,-0.4307,64.08,42.72
20260611,688037.SH,,260.3,34.124726333591155,6.6279,292.94,195.3
20260611,688038.SH,,21.53,14.680212736942588,0.4666,25.72,17.14
20260611,688039.SH,,40.85,-13.143500643500646,-4.108,51.12,34.08
20260611,688041.SH,,289.84,104.64671264035815,1.7697,341.76,227.84
20260611,688045.SH,,69.9,15.08969626319539,3.6323,80.94,53.96
20260611,688046.SH,,17.28,-9.25648167988001,-2.8668,21.35,14.23
20260611,688047.SH,,135.69,73.45314783738428,0.8473,161.46,107.64
20260611,688048.SH,,361.27,54.453236867887554,5.6345,410.4,273.6
20260611,688049.SH,,40.8,54.003970880211774,-0.2445,49.08,32.72
20260611,688050.SH,,39.97,36.32975822577713,0.1002,47.92,31.94
20260611,688051.SH,,26.7,-18.90533172838632,-2.4123,32.83,21.89
20260611,688052.SH,,237.32,-2033.5904027420731,-1.1167,288.0,192.0
20260611,688053.SH,,35.05,25.017844396859385,0.401,41.89,27.93
20260611,688055.SH,,4.44,-0.9381933438985738,-5.7325,5.65,3.77
20260611,688056.SH,,58.44,-17.42656925600119,-4.3535,73.32,48.88
20260611,688057.SH,,13.29,-7.467131138330149,-2.7798,16.4,10.94
20260611,688058.SH,,22.85,-10.297431275349258,-3.219,28.33,18.89
20260611,688059.SH,,173.0,-2004.6349942062561,-1.0863,209.88,139.92
20260611,688060.SH,,36.29,-574.2088607594943,-1.0632,44.02,29.34
20260611,688061.SH,,41.33,6.318219341425382,5.5414,46.99,31.33
20260611,688062.SH,,27.23,31.911402789171454,-0.1467,32.72,21.82
20260611,688063.SH,,53.5,-31.293869911090315,-2.7096,65.99,43.99
20260611,688065.SH,,45.0,10.62649066049543,3.2347,52.31,34.87
20260611,688066.SH,,11.42,-20.699655609932933,-1.5517,13.92,9.28
20260611,688067.SH,,22.13,-12.516968325791856,-2.768,27.31,18.21
20260611,688068.SH,,78.95,-181.2026623823732,-1.4357,96.12,64.08
20260611,688069.SH,,51.98,-117.86848072562356,-1.441,63.29,42.19
20260611,688070.SH,,38.0,-2389.9371069182353,-1.0159,46.07,30.71
20260611,688071.SH,,30.99,-10.770888363686916,-3.8772,38.69,25.79
20260611,688072.SH,,655.27,93.20124596412874,6.0307,741.6,494.4
20260611,688073.SH,,45.1,3727.2727272727275,-0.9879,54.66,36.44
20260611,688075.SH,,31.57,29.687793868722967,0.0634,37.86,25.24
20260611,688076.SH,,27.25,-37.27770177838577,-1.731,33.28,22.18
20260611,688077.SH,,27.08,-36.51071861938789,-1.7417,33.07,22.05
20260611,688078.SH,,22.15,-11.967151115673454,-2.8509,27.36,18.24
20260611,688079.SH,,24.25,-17.14386709084482,-2.4145,29.82,19.88
20260611,688080.SH,,40.41,-15.809240640037556,-3.5561,50.28,33.52
20260611,688081.SH,,48.5,31.94782952374679,0.5181,57.9,38.6
20260611,688082.SH,,284.0,34.74473629479196,7.1739,317.99,211.99
20260611,688083.SH,,61.83,-6.4329188992352915,-10.6115,83.0,55.34
20260611,688084.SH,,47.41,143.8410194174757,-0.6704,57.28,38.18
20260611,688085.SH,,12.15,-12.966915688367129,-1.937,14.87,9.91
20260611,688087.SH,,39.0,-79.54313685498676,-1.4903,47.51,31.67
20260611,688088.SH,,35.66,-7.048823878236805,-6.059,45.55,30.37
20260611,688089.SH,,12.12,-198.03921568627476,-1.0612,14.7,9.8
20260611,688090.SH,,103.5,69.67820115793725,0.4854,123.6,82.4
20260611,688091.SH,,40.11,-15.81998895637769,-3.5354,49.9,33.26
20260611,688092.SH,,23.2,-1.4371643261124085,-17.1429,33.6,22.4
20260611,688093.SH,,27.96,-212.62357414448678,-1.1315,33.94,22.62
20260611,688095.SH,,65.2,-20.00982077093052,-4.2584,81.72,54.48
20260611,688096.SH,,13.84,-2.036851710131277,-7.7948,18.01,12.01
20260611,688097.SH,,63.57,-25.07000039436842,-3.5357,79.08,52.72
20260611,688098.SH,,8.08,8.08,0.0,9.7,6.46
20260611,688099.SH,,89.68,-194.36497615951453,-1.4614,109.21,72.81
20260611,688100.SH,,30.7,-11.115938880440293,-3.7618,38.28,25.52
20260611,688101.SH,,17.45,17.45,0.0,20.94,13.96
20260611,688102.SH,,40.75,3.4729028354227567,10.7337,44.16,29.44
20260611,688103.SH,,60.43,16.79730931732266,2.5976,70.68,47.12
20260611,688105.SH,,14.04,3.375486849064769,3.1594,16.33,10.89
20260611,688106.SH,,33.1,2.619541303281154,11.6358,35.58,23.72
20260611,688107.SH,,39.38,46.44415615048945,-0.1521,47.33,31.55
20260611,688108.SH,,19.49,9.100247466965493,1.1417,23.12,15.42
20260611,688109.SH,,77.91,-35.13574456570758,-3.2174,96.6,64.4
20260611,688110.SH,,126.98,236.2418604651163,-0.4625,153.08,102.06
20260611,688111.SH,,209.56,-176.2489486963835,-2.189,257.1,171.4
20260611,688112.SH,,72.61,26.11682612761672,1.7802,85.61,57.07
20260611,688113.SH,,37.4,-117.13122455371126,-1.3193,45.48,30.32
20260611,688114.SH,,45.89,229.22077922077918,-0.7998,55.51,37.01
20260611,688115.SH,,55.14,7.591695120607996,6.2632,62.27,41.51
20260611,688116.SH,,37.16,23.289044873401853,0.5956,44.33,29.55
20260611,688117.SH,,21.6,12.369008761381208,0.7463,25.73,17.15
20260611,688118.SH,,21.13,-8.114439324116743,-3.604,26.3,17.54
20260611,688119.SH,,4.32,-29.958391123439647,-1.1442,5.24,3.5
20260611,688120.SH,,186.74,53.653210745582534,2.4805,218.66,145.78
20260611,688122.SH,,53.7,85.38718397201463,-0.3711,64.68,43.12
20260611,688123.SH,,121.0,-139.8197365380171,-1.8654,147.96,98.64
20260611,688125.SH,,176.5,315.1785714285714,-0.44,212.74,141.82
20260611,688126.SH,,32.5,60.118386977432486,-0.4594,39.18,26.12
20260611,688127.SH,,80.01,122.84661446338094,-0.3487,96.35,64.23
20260611,688128.SH,,24.22,-13.992720550002888,-2.7309,29.88,19.92
20260611,688129.SH,,24.83,88.58366036389582,-0.7197,30.01,20.01
20260611,688130.SH,,25.27,6.038231780167263,3.185,29.39,19.59
20260611,688131.SH,,75.77,30.470100936984757,1.4867,89.59,59.73
20260611,688132.SH,,14.32,-3.069470344886717,-5.6653,18.22,12.14
20260611,688133.SH,,18.67,-29.480498973630194,-1.6333,22.78,15.18
20260611,688135.SH,,33.91,223.09210526315783,-0.848,41.04,27.36
20260611,688136.SH,,18.48,-15.120274914089348,-2.2222,22.68,15.12
20260611,688137.SH,,36.65,-20.23855541443481,-2.8109,45.25,30.17
20260611,688138.SH,,36.75,4.345975094901905,7.4561,41.04,27.36
20260611,688139.SH,,26.4,-533.3333333333322,-1.0495,32.02,21.34
20260611,688141.SH,,124.66,8.269923510173212,14.0739,131.14,87.42
20260611,688143.SH,,192.66,110.56527977044475,0.7425,229.49,152.99
20260611,688146.SH,,349.8,16.821755752723078,19.7945,350.4,233.6
20260611,688147.SH,,89.79,126.23365668494306,-0.2887,108.06,72.04
20260611,688148.SH,,8.13,1.8890721936937984,3.3037,9.44,6.3
20260611,688150.SH,,46.99,40.14523707817172,0.1705,56.29,37.53
20260611,688151.SH,,16.3,-11.213538800220146,-2.4536,20.05,13.37
20260611,688152.SH,,29.24,-12.010186478271583,-3.4346,36.34,24.22
20260611,688153.SH,,30.05,4.980773055758139,5.0332,34.33,22.89
20260611,688155.SH,,75.03,198.75496688741725,-0.6225,90.6,60.4
20260611,688156.SH,,26.78,4.844691282088391,4.5277,30.74,20.5
20260611,688157.SH,,26.33,42.35842985842986,-0.3784,31.72,21.14
20260611,688158.SH,,34.58,-15.398316783185644,-3.2457,42.89,28.59
20260611,688159.SH,,42.31,-30.240869130155104,-2.3991,52.02,34.68
20260611,688160.SH,,107.0,-35.4457216682678,-4.0187,133.78,89.18
20260611,688161.SH,,21.83,-30.707553805035865,-1.7109,26.65,17.77
20260611,688162.SH,,25.22,-14.830059978830999,-2.7006,31.1,20.74
20260611,688163.SH,,37.53,-25.99930723934881,-2.4435,46.16,30.78
20260611,688165.SH,,19.1,-4.748408910103421,-5.0224,24.13,16.09
20260611,688166.SH,,44.8,8.558601585633776,4.2345,51.58,34.38
20260611,688167.SH,,338.86,16.13511480187035,20.0014,338.86,225.9
20260611,688168.SH,,54.96,-29.772481040086674,-2.846,67.88,45.26
20260611,688169.SH,,100.24,-26.468103084072663,-4.7872,126.34,84.22
20260611,688170.SH,,70.39,623.4720992028343,-0.8871,85.22,56.82
20260611,688171.SH,,43.78,21.724890829694324,1.0152,52.01,34.67
20260611,688172.SH,,63.23,19.977251903573347,2.1651,74.27,49.51
20260611,688173.SH,,15.58,6.772735176491046,1.3004,18.46,12.3
20260611,688175.SH,,25.46,-11.604904507953872,-3.1939,31.56,21.04
20260611,688176.SH,,9.9,-12.600229095074456,-1.7857,12.1,8.06
20260611,688177.SH,,16.88,14.32937181663837,0.178,20.22,13.48
20260611,688178.SH,,38.91,7.058503401360543,4.5125,44.68,29.78
20260611,688179.SH,,20.18,7.579342723004695,1.6625,23.82,15.88
20260611,688180.SH,,29.43,44.496522527970974,-0.3386,35.44,23.62
20260611,688181.SH,,44.07,35.905165390255824,0.2274,52.76,35.18
20260611,688182.SH,,34.8,10.666012811475158,2.2627,40.84,27.22
20260611,688183.SH,,116.16,146.33408919123204,-0.2062,139.68,93.12
20260611,688184.SH,,11.17,-4.126491558609479,-3.7069,13.92,9.28
20260611,688185.SH,,49.41,-46.55172413793104,-2.0614,60.54,40.36
20260611,688186.SH,,17.05,-16.856154226396445,-2.0115,20.88,13.92
20260611,688187.SH,,54.78,38.53404614518852,0.4216,65.46,43.64
20260611,688188.SH,,155.21,63.32258985761494,1.4511,183.59,122.39
20260611,688189.SH,,5.98,-0.313853097856037,-20.0535,8.98,5.98
20260611,688190.SH,,100.68,-354.0084388185654,-1.2844,122.39,81.59
20260611,688191.SH,,33.56,7.226217647818785,3.6442,38.86,25.9
20260611,688192.SH,,37.11,-112.6593806921676,-1.3294,45.13,30.09
20260611,688193.SH,,53.52,62.91289526272482,-0.1493,64.32,42.88
20260611,688195.SH,,191.3,83.2716667392156,1.2973,226.62,151.08
20260611,688196.SH,,38.97,-133.55037697052774,-1.2918,47.38,31.58
20260611,688197.SH,,34.42,3.6316444744560976,8.4778,38.08,25.38
20260611,688198.SH,,83.67,21.03053914792007,2.9785,97.5,65.0
20260611,688199.SH,,29.43,6.411345663682112,3.5903,34.09,22.73
20260611,688200.SH,,315.0,328.569938458329,-0.0413,378.16,252.1
20260611,688201.SH,,7.17,-11.09735335087448,-1.6461,8.75,5.83
20260611,688202.SH,,51.35,-141.1489829576691,-1.3638,62.47,41.65
20260611,688203.SH,,10.95,-7.3327529632357855,-2.4933,13.48,8.98
20260611,688205.SH,,236.37,30.265819867346156,6.8098,265.56,177.04
20260611,688206.SH,,40.08,10.136570561456752,2.954,46.72,31.14
20260611,688207.SH,,18.07,-3.9364761240850474,-5.5904,22.97,15.31
20260611,688208.SH,,26.75,-12.862432081550224,-3.0797,33.12,22.08
20260611,688209.SH,,21.8,-32.59082075048587,-1.6689,26.6,17.74
20260611,688210.SH,,42.15,-17.300114923657855,-3.4364,52.38,34.92
20260611,688211.SH,,32.37,9.692777578153072,2.3396,37.96,25.3
20260611,688212.SH,,28.22,30.37021093413689,-0.0708,33.89,22.59
20260611,688213.SH,,87.7,-107.77927983286223,-1.8137,107.18,71.46
20260611,688215.SH,,43.78,-58.342217484008536,-1.7504,53.47,35.65
20260611,688216.SH,,39.22,11.712357403093831,2.3486,45.98,30.66
20260611,688217.SH,,23.21,-5.926966292134831,-4.916,29.29,19.53
20260611,688218.SH,,52.63,6.131317132272421,7.5838,58.7,39.14
20260611,688219.SH,,11.5,-14.49640741207614,-1.7933,14.05,9.37
20260611,688220.SH,,91.88,-252.83434232250966,-1.3634,111.78,74.52
20260611,688221.SH,,17.64,-26.24218982445701,-1.6722,21.53,14.35
20260611,688222.SH,,24.95,-7.096333797889587,-4.5159,31.36,20.9
20260611,688223.SH,,5.09,-1.5316101465410887,-4.3233,6.38,4.26
20260611,688225.SH,,13.18,-3.1531854829062897,-5.1799,16.68,11.12
20260611,688226.SH,,42.14,-25.789473684210527,-2.634,51.94,34.62
20260611,688227.SH,,91.17,-43.55740289522717,-3.0931,112.9,75.26
20260611,688228.SH,,82.5,-81.893984514592,-2.0074,101.03,67.35
20260611,688229.SH,,82.06,-77.92972459639127,-2.053,100.54,67.02
20260611,688230.SH,,64.65,12.336373697668208,4.2406,74.42,49.62
20260611,688231.SH,,39.58,58.846268212905144,-0.3274,47.65,31.77
20260611,688232.SH,,18.42,-7.812367461192638,-3.3578,22.87,15.25
20260611,688233.SH,,99.55,8.960799315900806,10.1095,108.49,72.33
20260611,688234.SH,,125.93,75.70183348361888,0.6635,150.12,100.08
20260611,688235.SH,,208.0,-138.3898868928809,-2.503,256.01,170.67
20260611,688236.SH,,14.77,-20.235648719002604,-1.7299,18.04,12.02
20260611,688237.SH,,46.79,22.73235194092212,1.0583,55.56,37.04
20260611,688238.SH,,5.25,-4.9895457137426344,-2.0522,6.43,4.29
20260611,688239.SH,,54.91,19.107105574500657,1.8738,64.68,43.12
20260611,688244.SH,,15.16,-4.603844635427738,-4.2929,19.01,12.67
20260611,688246.SH,,23.99,-9.17083986390917,-3.6159,29.87,19.91
20260611,688247.SH,,7.82,-8.865208026300872,-1.8821,9.56,6.38
20260611,688248.SH,,47.53,-35.94766298593254,-2.3222,58.39,38.93
20260611,688249.SH,,37.91,-125.65462379847526,-1.3017,46.09,30.73
20260611,688251.SH,,23.58,13.660062565172053,0.7262,28.09,18.73
20260611,688252.SH,,20.19,-17.10726995424504,-2.1802,24.77,16.51
20260611,688253.SH,,56.64,22.28342119757652,1.5418,66.94,44.62
20260611,688255.SH,,29.91,-14.390877598152427,-3.0784,37.03,24.69
20260611,688256.SH,,1219.5,18533.434650455936,-0.9342,1477.2,984.8
20260611,688257.SH,,77.5,45.54269260151613,0.7017,92.35,61.57
20260611,688258.SH,,119.8,-118.36775022231002,-2.0121,146.71,97.81
20260611,688259.SH,,36.17,-18.535410474531105,-2.9514,44.72,29.82
20260611,688260.SH,,95.2,10.891077781972522,7.7411,106.03,70.69
20260611,688261.SH,,80.4,16.580396362211545,3.8491,92.9,61.94
20260611,688262.SH,,33.33,14.071603478848266,1.3686,39.46,26.3
20260611,688265.SH,,31.56,-246.94835680751189,-1.1278,38.3,25.54
20260611,688266.SH,,91.45,-139.3842402072855,-1.6561,111.59,74.39
20260611,688267.SH,,28.47,-39.220278275244524,-1.7259,34.76,23.18
20260611,688268.SH,,228.82,10.895100966093867,20.0021,228.82,152.54
20260611,688269.SH,,32.6,15.872243049807683,1.0539,38.71,25.81
20260611,688270.SH,,110.98,47.94780955672687,1.3146,131.45,87.63
20260611,688271.SH,,112.22,45.530896255122336,1.4647,132.72,88.48
20260611,688272.SH,,34.1,344.0968718466197,-0.9009,41.29,27.53
20260611,688273.SH,,40.6,-9.859154929577464,-5.118,51.35,34.23
20260611,688275.SH,,121.64,-1150.8041627246935,-1.1057,147.6,98.4
20260611,688276.SH,,14.49,27.908320493066256,-0.4808,17.47,11.65
20260611,688277.SH,,16.95,8.41984998261388,1.0131,20.14,13.42
20260611,688278.SH,,58.48,16.260253023773114,2.5965,68.4,45.6
20260611,688279.SH,,207.1,78.91928968828594,1.6242,244.55,163.03
20260611,688280.SH,,6.03,-1.6803210165524163,-4.5886,7.58,5.06
20260611,688281.SH,,48.72,9.848193891370702,3.9471,56.24,37.5
20260611,688282.SH,,69.68,301.6450216450217,-0.769,84.26,56.18
20260611,688283.SH,,35.26,-236.01070950468542,-1.1494,42.8,28.54
20260611,688285.SH,,7.53,-24.243399871217,-1.3106,9.16,6.1
20260611,688286.SH,,62.8,25.254353158804843,1.4867,74.26,49.5
20260611,688288.SH,,19.35,-19.83191554781183,-1.9757,23.69,15.79
20260611,688289.SH,,14.34,-12.123774095366928,-2.1828,17.59,11.73
20260611,688290.SH,,61.63,-28.75606569615528,-3.1432,76.36,50.9
20260611,688291.SH,,46.56,-36.74822415153907,-2.267,57.17,38.11
20260611,688292.SH,,19.8,-16.200294550810018,-2.2222,24.3,16.2
20260611,688293.SH,,34.51,-29.18393234672304,-2.1825,42.34,28.22
20260611,688295.SH,,50.02,6.947608200455581,6.1996,56.52,37.68
20260611,688296.SH,,13.21,-3.949532095554161,-4.3447,16.57,11.05
20260611,688297.SH,,46.03,11.92394373494288,2.8603,53.7,35.8
20260611,688298.SH,,19.28,-44.681344148319816,-1.4315,23.47,15.65
20260611,688299.SH,,15.15,-30.581348405329024,-1.4954,18.46,12.3
20260611,688300.SH,,177.66,-439.64365256124734,-1.4041,216.23,144.15
20260611,688301.SH,,166.09,64.1199861019959,1.5903,196.19,130.79
20260611,688302.SH,,33.41,-20.94933533985452,-2.5948,41.16,27.44
20260611,688303.SH,,21.91,2.226060452120904,8.8425,24.16,16.1
20260611,688305.SH,,66.2,80.82041264802834,-0.1809,79.58,53.06
20260611,688306.SH,,8.38,-3.4117742854816386,-3.4562,10.42,6.94
20260611,688307.SH,,63.22,16.949516072816966,2.7299,73.85,49.23
20260611,688308.SH,,142.0,45.17114136658608,2.1436,166.82,111.22
20260611,688309.SH,,65.35,-12.598318938926587,-6.1872,83.59,55.73
20260611,688310.SH,,17.25,-12.045248236854967,-2.4321,21.22,14.14
20260611,688311.SH,,26.12,205.50747442958303,-0.8729,31.62,21.08
20260611,688312.SH,,77.73,208.05674518201283,-0.6264,93.86,62.58
20260611,688313.SH,,151.5,136.2042614402589,0.1123,181.6,121.06
20260611,688314.SH,,38.88,24.77853546619081,0.5691,46.39,30.93
20260611,688315.SH,,12.24,-3.8852209243270694,-4.1504,15.32,10.22
20260611,688316.SH,,55.72,-9.569443728854312,-6.8227,71.76,47.84
20260611,688317.SH,,16.89,-17.353334018288297,-1.9733,20.68,13.78
20260611,688318.SH,,64.4,-10.034122248017328,-7.4181,83.47,55.65
20260611,688319.SH,,35.19,8.207963053670142,3.2873,40.88,27.26
20260611,688320.SH,,35.93,-13.442328556998017,-3.6729,44.76,29.84
20260611,688321.SH,,24.6,-149.00060569351908,-1.1651,29.87,19.91
20260611,688322.SH,,124.5,-19.326896209134095,-7.4418,161.41,107.61
20260611,688323.SH,,40.15,24.683388663469813,0.6266,47.88,31.92
20260611,688325.SH,,135.04,-25.291704905137376,-6.3393,173.02,115.34
20260611,688326.SH,,71.88,-46.80906486064079,-2.5356,88.5,59.0
20260611,688327.SH,,13.03,-1.7232258576454094,-8.5614,17.1,11.4
20260611,688328.SH,,67.28,67.28,0.0,80.74,53.82
20260611,688329.SH,,22.39,-6.751703757312586,-4.3162,28.08,18.72
20260611,688330.SH,,36.0,10.5318588730911,2.4182,42.18,28.12
20260611,688331.SH,,105.19,49.057923701147274,1.1442,124.8,83.2
20260611,688332.SH,,97.4,14.298087227139943,5.8121,110.46,73.64
20260611,688333.SH,,74.12,-19.613654405927495,-4.779,93.41,62.27
20260611,688334.SH,,17.83,46.09617373319544,-0.6132,21.53,14.35
20260611,688335.SH,,29.03,-16.61610669108809,-2.7471,35.82,23.88
20260611,688336.SH,,54.94,323.74779021803187,-0.8303,66.48,44.32
20260611,688337.SH,,69.07,-28.79596431251563,-3.3986,85.8,57.2
20260611,688338.SH,,23.97,483.2661290322583,-0.9504,29.04,19.36
20260611,688339.SH,,19.26,-11.150350257627512,-2.7273,23.76,15.84
20260611,688343.SH,,62.1,-33.89552971999345,-2.8321,76.69,51.13
20260611,688345.SH,,47.48,63.48442305121005,-0.2521,57.12,38.08
20260611,688347.SH,,221.35,279.2707544789301,-0.2074,266.17,177.45
20260611,688348.SH,,36.12,-20.37799717912553,-2.7725,44.58,29.72
20260611,688349.SH,,18.01,7.48016779499107,1.4077,21.31,14.21
20260611,688350.SH,,31.83,-23.896396396396398,-2.332,39.11,26.07
20260611,688351.SH,,24.47,4.462641110280305,4.4833,28.1,18.74
20260611,688352.SH,,17.0,-4.112339437335204,-5.1339,21.5,14.34
20260611,688353.SH,,81.24,35.56761963136465,1.2841,96.25,64.17
20260611,688355.SH,,17.8,20.049560711872044,-0.1122,21.38,14.26
20260611,688356.SH,,68.13,238.3001049317943,-0.7141,82.34,54.9
20260611,688357.SH,,27.93,10.589171974522293,1.6376,32.98,21.98
20260611,688358.SH,,30.16,-34.00992331980153,-1.8868,36.89,24.59
20260611,688359.SH,,145.36,86.58565642125329,0.6788,173.26,115.5
20260611,688360.SH,,20.88,-14.60241974963284,-2.4299,25.68,17.12
20260611,688361.SH,,212.76,37.22834645669291,4.715,243.82,162.54
20260611,688362.SH,,63.99,5.895468071972803,9.8541,69.9,46.6
20260611,688363.SH,,34.7,9.096151829715845,2.8148,40.5,27.0
20260611,688365.SH,,17.75,-3.8712350875662476,-5.5851,22.56,15.04
20260611,688366.SH,,30.88,-24.153304653891276,-2.2785,37.92,25.28
20260611,688367.SH,,34.82,-43.26003230214934,-1.8049,42.55,28.37
20260611,688368.SH,,187.68,24.26875630382497,6.7334,211.01,140.67
20260611,688369.SH,,21.38,-14.177718832891246,-2.508,26.32,17.54
20260611,688370.SH,,20.49,15.259159964253797,0.3428,24.5,16.34
20260611,688371.SH,,38.07,331.6202090592334,-0.8852,46.09,30.73
20260611,688372.SH,,151.94,124.10356938658826,0.2243,181.92,121.28
20260611,688373.SH,,4.49,38.37606837606838,-0.883,5.44,3.62
20260611,688375.SH,,93.97,76.77287581699346,0.224,112.51,75.01
20260611,688376.SH,,77.54,9.935421044538979,6.8044,87.12,58.08
20260611,688377.SH,,25.09,-16.44922310365174,-2.5253,30.89,20.59
20260611,688378.SH,,45.65,-5.305671780567178,-9.604,60.6,40.4
20260611,688379.SH,,81.3,13.772191353841983,4.9032,93.0,62.0
20260611,688380.SH,,48.03,4.786152742346939,9.0352,52.86,35.24
20260611,688381.SH,,41.0,20.65283094902277,0.9852,48.72,32.48
20260611,688382.SH,,16.51,20.168580503298315,-0.1814,19.85,13.23
20260611,688383.SH,,156.0,41.94224874979836,2.7194,182.24,121.5
20260611,688385.SH,,53.31,-169.61501749920458,-1.3143,64.82,43.22
20260611,688386.SH,,80.79,62.24191063174114,0.298,96.66,64.44
20260611,688387.SH,,15.75,11.945392491467576,0.3185,18.84,12.56
20260611,688388.SH,,52.15,14.258373205741625,2.6575,60.96,40.64
20260611,688389.SH,,10.74,-28.457869634340227,-1.3774,13.07,8.71
20260611,688390.SH,,113.47,215.5585106382979,-0.4736,136.81,91.21
20260611,688391.SH,,29.53,1073.8181818181831,-0.9725,35.78,23.86
20260611,688392.SH,,162.9,65.11572130950954,1.5017,192.59,128.39
20260611,688393.SH,,19.28,-15.659519168291101,-2.2312,23.66,15.78
20260611,688395.SH,,24.37,-438.3093525179849,-1.0556,29.56,19.7
20260611,688396.SH,,63.03,-248.8353730754046,-1.2533,76.6,51.06
20260611,688398.SH,,29.27,-70.59816690786299,-1.4146,35.63,23.75
20260611,688399.SH,,50.05,5.843549328663163,7.565,55.84,37.22
20260611,688400.SH,,56.5,-49.973465416592965,-2.1306,69.28,46.18
20260611,688401.SH,,78.77,8.479192232340846,8.2898,87.29,58.19
20260611,688403.SH,,25.2,6.90846286701209,2.6477,29.46,19.64
20260611,688408.SH,,29.12,-22.716280521101496,-2.2819,35.76,23.84
20260611,688409.SH,,175.68,23.50957485246297,6.4727,198.0,132.0
20260611,688410.SH,,14.05,4.631766334805829,2.0334,16.52,11.02
20260611,688411.SH,,241.3,320.8776595744681,-0.248,290.28,193.52
20260611,688416.SH,,111.25,-1657.9731743666184,-1.0671,134.94,89.96
20260611,688418.SH,,41.27,-22.607504793207344,-2.8255,50.96,33.98
20260611,688419.SH,,55.08,2.6228571428571428,20.0,55.08,36.72
20260611,688420.SH,,22.48,-399.28952042628765,-1.0563,27.26,18.18
20260611,688425.SH,,4.17,-6.406514057458903,-1.6509,5.09,3.39
20260611,688426.SH,,16.65,-21.62618521885959,-1.7699,20.34,13.56
20260611,688428.SH,,21.15,12.001361856664586,0.7623,25.19,16.79
20260611,688429.SH,,10.77,30.406549971767365,-0.6458,13.01,8.67
20260611,688432.SH,,23.18,-12.260009520283495,-2.8907,28.64,19.1
20260611,688433.SH,,92.75,28.74721051326556,2.2264,108.88,72.58
20260611,688435.SH,,36.41,43.578695391980844,-0.1645,43.76,29.18
20260611,688439.SH,,43.48,53.264731103760866,-0.1837,52.27,34.85
20260611,688443.SH,,22.42,4.674436544836645,3.7963,25.92,17.28
20260611,688448.SH,,51.73,-28.743679502139244,-2.7997,63.86,42.58
20260611,688449.SH,,68.75,30.940594059405942,1.222,81.5,54.34
20260611,688450.SH,,40.61,5.730452820071401,6.0867,45.94,30.62
20260611,688455.SH,,18.56,20.797848498431197,-0.1076,22.3,14.86
20260611,688456.SH,,137.0,7.1638481891674255,18.1238,139.18,92.78
20260611,688458.SH,,37.74,59.86675126903553,-0.3696,45.46,30.3
20260611,688459.SH,,7.93,-6.502665026650266,-2.2195,9.73,6.49
20260611,688466.SH,,14.69,-5.497548744433217,-3.6721,18.3,12.2
20260611,688468.SH,,5.97,-7.377656945130994,-1.8092,7.3,4.86
20260611,688469.SH,,7.08,-18.024439918533602,-1.3928,8.62,5.74
20260611,688472.SH,,11.19,55.368629391390414,-0.7979,13.54,9.02
20260611,688475.SH,,25.82,-12.004835410079972,-3.1508,31.99,21.33
20260611,688478.SH,,60.61,25.742195795285625,1.3545,71.76,47.84
20260611,688479.SH,,30.64,-9.78851191617149,-4.1302,38.35,25.57
20260611,688480.SH,,91.01,23.025932953826693,2.9525,106.08,70.72
20260611,688484.SH,,41.25,-90.22309711286088,-1.4572,50.23,33.49
20260611,688485.SH,,52.41,-7.732825779036827,-7.7776,68.2,45.46
20260611,688486.SH,,72.0,17.528910529519173,3.1075,83.8,55.86
20260611,688488.SH,,12.66,-14.712376525276001,-1.8605,15.48,10.32
20260611,688489.SH,,22.66,-22.898140662894097,-1.9896,27.74,18.5
20260611,688496.SH,,1.05,-0.12377988400056587,-9.4828,1.39,0.93
20260611,688498.SH,,1452.0,1276.034800949117,0.1379,1740.0,1160.0
20260611,688499.SH,,41.61,-13.606487688433997,-4.0581,52.04,34.7
20260611,688500.SH,,51.9,-12.816713587198102,-5.0494,65.59,43.73
20260611,688501.SH,,22.49,-8.51313498372322,-3.6418,28.01,18.67
20260611,688502.SH,,438.0,458.9270746018441,-0.0456,525.84,350.56
20260611,688503.SH,,93.21,11.116544222879496,7.3848,104.16,69.44
20260611,688505.SH,,6.68,-4.508030773383723,-2.4818,8.22,5.48
20260611,688506.SH,,218.38,800.8067473414006,-0.7273,263.98,175.98
20260611,688507.SH,,206.5,-14.371315827933941,-15.3689,292.8,195.2
20260611,688508.SH,,88.15,37.96623309501249,1.3218,104.4,69.6
20260611,688509.SH,,4.78,-2.901013534017115,-2.6477,5.89,3.93
20260611,688510.SH,,25.49,10.307735856686481,1.4729,30.14,20.1
20260611,688511.SH,,24.87,22.18950749464668,0.1208,29.81,19.87
20260611,688512.SH,,13.71,3.120376903293352,3.3937,15.91,10.61
20260611,688513.SH,,45.78,-182.31780167264031,-1.2511,55.63,37.09
20260611,688515.SH,,184.77,-84.14317591875769,-3.1959,229.04,152.7
20260611,688516.SH,,52.91,-30.74196734646447,-2.7211,65.27,43.51
20260611,688517.SH,,17.53,-7.419477716172177,-3.3627,21.77,14.51
20260611,688518.SH,,25.82,61.12689393939394,-0.5776,31.16,20.78
20260611,688519.SH,,305.5,47.87500783551683,5.3812,347.88,231.92
20260611,688520.SH,,33.12,-19.78376441072815,-2.6741,40.84,27.22
20260611,688521.SH,,229.76,148.94334240892,0.5426,274.22,182.82
20260611,688522.SH,,19.22,-13.857245854361931,-2.387,23.63,15.75
20260611,688523.SH,,53.27,34.85344150745878,0.5284,63.59,42.39
20260611,688525.SH,,324.27,98.46055747859354,2.2934,380.4,253.6
20260611,688526.SH,,12.18,-26.692965154503618,-1.4563,14.83,9.89
20260611,688528.SH,,10.42,-6.44482929242949,-2.6168,12.84,8.56
20260611,688529.SH,,16.7,-13.026521060842432,-2.282,20.51,13.67
20260611,688530.SH,,67.06,3.1922388514414104,20.0072,67.06,44.7
20260611,688531.SH,,171.5,-134.6576633165829,-2.2736,210.59,140.39
20260611,688533.SH,,22.84,-53.82983737921283,-1.4243,27.8,18.54
20260611,688535.SH,,131.2,25.30424887654535,4.1849,151.12,100.74
20260611,688536.SH,,282.87,282.87,0.0,339.44,226.3
20260611,688538.SH,,2.25,-0.7905277211720891,-3.8462,2.81,1.87
20260611,688539.SH,,30.35,37.80989161579669,-0.1973,36.49,24.33
20260611,688543.SH,,40.09,15.288105861266828,1.6223,47.34,31.56
20260611,688545.SH,,104.52,4.977142857142857,20.0,104.52,69.68
20260611,688548.SH,,32.8,2.4119952642532008,12.5987,34.96,23.3
20260611,688549.SH,,30.05,1.433676366047872,19.9601,30.06,20.04
20260611,688550.SH,,46.25,13.730962206454294,2.3683,54.22,36.14
20260611,688551.SH,,59.17,-9.478574289146977,-7.2425,76.55,51.03
20260611,688552.SH,,27.57,15.279317224562181,0.8044,32.82,21.88
20260611,688553.SH,,15.85,-9.002101436928495,-2.7607,19.56,13.04
20260611,688556.SH,,10.7,-1.7261962378601619,-7.1986,13.84,9.22
20260611,688557.SH,,28.14,-14.316967692699059,-2.9655,34.8,23.2
20260611,688558.SH,,32.06,25.017557549746396,0.2815,38.36,25.58
20260611,688559.SH,,62.94,145.93090656155806,-0.5687,75.96,50.64
20260611,688560.SH,,12.98,-10.949890332377256,-2.1854,15.92,10.62
20260611,688561.SH,,23.9,-9.513195080205389,-3.5123,29.72,19.82
20260611,688562.SH,,16.13,-13.633674245625897,-2.1831,19.79,13.19
20260611,688563.SH,,49.18,15.666910898028098,2.1391,57.78,38.52
20260611,688565.SH,,10.15,-38.35978835978837,-1.2646,12.34,8.22
20260611,688566.SH,,23.85,12.083291113588004,0.9738,28.34,18.9
20260611,688567.SH,,10.75,-3.7769657789333144,-3.8462,13.42,8.94
20260611,688568.SH,,44.38,-388.95705521472365,-1.1141,53.86,35.9
20260611,688569.SH,,17.45,-14.712081612005731,-2.1861,21.41,14.27
20260611,688570.SH,,15.56,66.29740093736685,-0.7653,18.82,12.54
20260611,688571.SH,,8.6,13.182096873083998,-0.3476,10.36,6.9
20260611,688573.SH,,18.07,-7.627691008864499,-3.369,22.44,14.96
20260611,688575.SH,,9.48,58.088235294117645,-0.8368,11.47,7.65
20260611,688576.SH,,66.5,-56.49477529521707,-2.1771,81.58,54.38
20260611,688577.SH,,46.08,33.62767277238561,0.3703,55.09,36.73
20260611,688578.SH,,80.2,-299.25373134328356,-1.268,97.48,64.98
20260611,688579.SH,,8.26,-4.529750479846449,-2.8235,10.2,6.8
20260611,688580.SH,,48.2,-111.70336037079954,-1.4315,58.68,39.12
20260611,688581.SH,,53.65,-80.32639616709089,-1.6679,65.47,43.65
20260611,688582.SH,,50.27,9.304262525680654,4.4029,57.78,38.52
20260611,688583.SH,,112.48,-455.9383867044996,-1.2467,136.68,91.12
20260611,688584.SH,,28.68,282.28346456692907,-0.8984,34.73,23.15
20260611,688585.SH,,158.7,-93.4794133239088,-2.6977,195.72,130.48
20260611,688586.SH,,11.69,6.9208454206382095,0.6891,13.93,9.29
20260611,688588.SH,,9.65,-5.30307193493433,-2.8197,11.92,7.94
20260611,688589.SH,,19.27,-247.05128205128182,-1.078,23.38,15.58
20260611,688590.SH,,13.91,-12.517998560115188,-2.1112,17.05,11.37
20260611,688591.SH,,29.78,12.990185387131953,1.2925,35.28,23.52
20260611,688592.SH,,37.47,-14.266133637921188,-3.6265,46.66,31.1
20260611,688593.SH,,28.96,-7.152030030623333,-5.0492,36.6,24.4
20260611,688595.SH,,36.41,10.649001199145975,2.4191,42.66,28.44
20260611,688596.SH,,47.42,11.173158031149127,3.2441,55.12,36.74
20260611,688597.SH,,8.15,-11.832171893147502,-1.6888,9.95,6.63
20260611,688598.SH,,34.59,5.126343090033346,5.7475,39.25,26.17
20260611,688599.SH,,14.28,-11.345038531818542,-2.2587,17.53,11.69
20260611,688600.SH,,26.39,16.009463722397477,0.6484,31.46,20.98
20260611,688601.SH,,52.4,12.094075287926696,3.3327,60.85,40.57
20260611,688602.SH,,7.46,15.984572530533534,-0.5333,9.0,6.0
20260611,688603.SH,,162.45,-56.37884361768584,-3.8814,202.81,135.21
20260611,688605.SH,,82.77,9.80954525522358,7.4377,92.45,61.63
20260611,688606.SH,,46.88,-21.304249034310388,-3.2005,58.12,38.74
20260611,688607.SH,,55.19,29.689601377158535,0.8589,65.66,43.78
20260611,688608.SH,,145.14,-146.31048387096772,-1.992,177.71,118.47
20260611,688609.SH,,10.89,-6.159850670286781,-2.7679,13.44,8.96
20260611,688610.SH,,241.07,17.661452800468883,12.6495,256.8,171.2
20260611,688611.SH,,72.9,-93.64161849710983,-1.7785,89.06,59.38
20260611,688612.SH,,31.67,-8.707247333113385,-4.6372,39.85,26.57
20260611,688613.SH,,15.79,10.925067460042897,0.4453,18.86,12.58
20260611,688615.SH,,113.22,-30.825777995589313,-4.6729,142.52,95.02
20260611,688616.SH,,11.34,-85.00749625187409,-1.1334,13.76,9.18
20260611,688617.SH,,199.66,53.95487096338333,2.7005,233.29,155.53
20260611,688618.SH,,31.5,-195.65217391304344,-1.161,38.24,25.5
20260611,688619.SH,,15.84,-8.987743985474353,-2.7624,19.55,13.03
20260611,688620.SH,,11.88,35.88039867109635,-0.6689,14.35,9.57
20260611,688621.SH,,48.07,-16.585012420645874,-3.8984,60.02,40.02
20260611,688622.SH,,116.56,-115.49742370194215,-2.0092,142.74,95.16
20260611,688623.SH,,92.0,509.1311566131711,-0.8193,111.31,74.21
20260611,688625.SH,,80.4,-41.07909258123851,-2.9572,99.42,66.28
20260611,688626.SH,,46.6,-23.32916145181477,-2.9975,57.65,38.43
20260611,688627.SH,,412.55,122.42929637653204,2.3697,483.6,322.4
20260611,688628.SH,,88.8,114.53630852573197,-0.2247,106.8,71.2
20260611,688629.SH,,142.0,56.94121421124388,1.4938,167.89,111.93
20260611,688630.SH,,393.7,103.77731502227377,2.7937,459.6,306.4
20260611,688631.SH,,47.7,-38.6516489749615,-2.2341,58.55,39.03
20260611,688633.SH,,29.32,7.562158258537088,2.8772,34.2,22.8
20260611,688635.SH,,446.0,-55.892525941149934,-8.9796,588.0,392.0
20260611,688636.SH,,34.94,50.91809967939376,-0.3138,42.06,28.04
20260611,688638.SH,,33.2,-73.06338028169016,-1.4544,40.43,26.95
20260611,688639.SH,,20.6,13.845947035891921,0.4878,24.6,16.4
20260611,688646.SH,,63.9,-164.30959115453842,-1.3889,77.76,51.84
20260611,688648.SH,,35.29,-31.084294900026425,-2.1353,43.27,28.85
20260611,688651.SH,,31.7,-38.3220502901354,-1.8272,38.75,25.83
20260611,688652.SH,,136.95,59.688807531380746,1.2944,162.24,108.16
20260611,688653.SH,,13.9,10.213078618662749,0.361,16.62,11.08
20260611,688655.SH,,46.99,-96.19242579324464,-1.4885,57.24,38.16
20260611,688656.SH,,96.85,83.8455544974461,0.1551,116.04,77.36
20260611,688657.SH,,35.98,-29.29251811446715,-2.2283,44.16,29.44
20260611,688658.SH,,13.33,-7.8379490797906755,-2.7007,16.44,10.96
20260611,688659.SH,,9.47,-26.736307171089777,-1.3542,11.52,7.68
20260611,688660.SH,,9.15,-14.929025942241802,-1.6129,11.16,7.44
20260611,688661.SH,,133.2,6.3428571428571425,20.0,133.2,88.8
20260611,688662.SH,,128.0,8.50990273447109,14.0413,134.69,89.79
20260611,688663.SH,,85.37,19.722767702437334,3.3285,99.14,66.1
20260611,688665.SH,,55.47,16.591888011486002,2.3432,65.04,43.36
20260611,688667.SH,,108.27,19.09725896920309,4.6694,124.13,82.75
20260611,688668.SH,,410.88,-1762.676962676962,-1.2331,499.21,332.81
20260611,688669.SH,,48.69,21.867421180274857,1.2266,57.72,38.48
20260611,688670.SH,,14.88,7439.999999999994,-0.998,18.04,12.02
20260611,688671.SH,,23.45,-17.07938820101966,-2.373,28.82,19.22
20260611,688676.SH,,80.69,20.44233887312525,2.9472,94.06,62.7
20260611,688677.SH,,111.99,-35.63382970599465,-4.1428,140.2,93.46
20260611,688678.SH,,20.4,8.904408555216062,1.291,24.17,16.11
20260611,688679.SH,,53.2,58.713166317183536,-0.0939,63.9,42.6
20260611,688680.SH,,42.68,28.114089980897173,0.5181,50.95,33.97
20260611,688681.SH,,15.18,-50.53262316910786,-1.3004,18.46,12.3
20260611,688682.SH,,42.01,92.22832052689351,-0.5445,50.69,33.79
20260611,688683.SH,,37.69,-37.61101686458437,-2.0021,46.15,30.77
20260611,688685.SH,,43.09,-18.227580372250426,-3.364,53.51,35.67
20260611,688686.SH,,124.12,-61.10372667749718,-3.0313,153.6,102.4
20260611,688687.SH,,15.95,50.61885115836242,-0.6849,19.27,12.85
20260611,688689.SH,,46.82,4.561174487817708,9.2649,51.42,34.28
20260611,688690.SH,,33.8,-28.86914929962419,-2.1708,41.46,27.64
20260611,688691.SH,,93.85,68.28931092192389,0.3743,112.2,74.8
20260611,688692.SH,,254.0,-188.80547089868432,-2.3453,312.12,208.08
20260611,688693.SH,,95.86,43.085082475616886,1.2249,113.64,75.76
20260611,688695.SH,,20.06,-23.350017460132698,-1.8591,24.53,16.35
20260611,688696.SH,,68.62,-162.5296068214117,-1.4222,83.53,55.69
20260611,688697.SH,,20.12,9.11562160202972,1.2072,23.86,15.9
20260611,688698.SH,,57.7,-23.735088440970795,-3.431,71.7,47.8
20260611,688699.SH,,60.18,14.244798447227021,3.2247,69.96,46.64
20260611,688700.SH,,83.54,-9.022670079599088,-10.2589,111.71,74.47
20260611,688701.SH,,8.47,-11.444399405485747,-1.7401,10.34,6.9
20260611,688702.SH,,264.13,-1688.8107416879784,-1.1564,320.66,213.78
20260611,688707.SH,,13.49,-13.053996516353786,-2.0334,16.52,11.02
20260611,688708.SH,,46.21,11.525415274105853,3.0094,53.83,35.89
20260611,688709.SH,,36.01,3.467033813448355,9.3864,39.5,26.34
20260611,688710.SH,,52.1,-31.514638277280426,-2.6532,64.22,42.82
20260611,688711.SH,,34.63,13.557530438867792,1.5543,40.92,27.28
20260611,688712.SH,,36.67,-46.166435855470226,-1.7943,44.81,29.87
20260611,688716.SH,,32.36,1555.7692307692278,-0.9792,39.22,26.14
20260611,688717.SH,,90.72,66.45666984103728,0.3651,108.47,72.31
20260611,688718.SH,,15.32,4.9978794897726155,2.0653,18.01,12.01
20260611,688719.SH,,84.56,-132.10435869395408,-1.6401,103.16,68.78
20260611,688720.SH,,102.29,12.578082730805175,7.1324,114.58,76.38
20260611,688721.SH,,49.06,3.134223471539002,14.653,51.35,34.23
20260611,688722.SH,,17.75,4.771633646065754,2.7199,20.74,13.82
20260611,688726.SH,,60.18,-119.00336167688351,-1.5057,73.32,48.88
20260611,688727.SH,,57.52,8.690397050824924,5.6188,65.35,43.57
20260611,688728.SH,,13.27,21.245597182196605,-0.3754,15.98,10.66
20260611,688729.SH,,25.18,6.453927976419326,2.9015,29.36,19.58
20260611,688733.SH,,40.42,8.060784939374601,4.0144,46.63,31.09
20260611,688737.SH,,24.72,-13.794642857142858,-2.792,30.52,20.34
20260611,688739.SH,,20.08,-14.046869534802378,-2.4295,24.7,16.46
20260611,688750.SH,,16.2,6.3098854872633785,1.5674,19.14,12.76
20260611,688755.SH,,24.44,-19.107184739269798,-2.2791,30.01,20.01
20260611,688757.SH,,41.47,24.687462793189667,0.6798,49.43,32.95
20260611,688758.SH,,19.01,2.262798919189154,7.4011,21.24,14.16
20260611,688759.SH,,29.1,-15.292448368279995,-2.9029,35.96,23.98
20260611,688765.SH,,45.0,-32.46519010172427,-2.3861,55.32,36.88
20260611,688766.SH,,387.58,184.0273491287213,1.1061,460.01,306.67
20260611,688767.SH,,38.36,-32.159624413145536,-2.1928,47.06,31.38
20260611,688768.SH,,52.69,-15.074959945067523,-4.4952,66.2,44.14
20260611,688772.SH,,16.26,-25.67098200189454,-1.6334,19.84,13.22
20260611,688775.SH,,163.39,169.61486556628256,-0.0367,196.14,130.76
20260611,688776.SH,,58.56,-135.96470861388434,-1.4307,71.29,47.53
20260611,688777.SH,,98.9,-29.585975828646642,-4.3428,124.07,82.71
20260611,688778.SH,,55.3,88.94965417403893,-0.3783,66.61,44.41
20260611,688779.SH,,8.46,8.46,0.0,10.15,6.77
20260611,688781.SH,,48.09,40.49684210526316,0.1875,57.6,38.4
20260611,688783.SH,,49.76,6.394982714526224,6.7811,55.92,37.28
20260611,688785.SH,,372.58,125.65935919055649,1.965,438.48,292.32
20260611,688786.SH,,41.5,-3.9471556701128985,-11.5139,56.28,37.52
20260611,688787.SH,,153.0,-69.50438377322492,-3.2013,189.67,126.45
20260611,688788.SH,,32.92,-22.120682703937643,-2.4882,40.51,27.01
20260611,688789.SH,,47.37,-29.404096834264426,-2.611,58.37,38.91
20260611,688790.SH,,117.02,314.9085037674919,-0.6284,141.31,94.21
20260611,688793.SH,,17.56,13.076178419837664,0.3429,21.0,14.0
20260611,688795.SH,,623.87,170.41437897784698,2.6609,729.24,486.16
20260611,688796.SH,,87.4,-25.337005363096107,-4.4495,109.76,73.18
20260611,688798.SH,,64.28,-40.02241454454891,-2.6061,79.2,52.8
20260611,688799.SH,,46.03,617.8523489932885,-0.9255,55.75,37.17
20260611,688800.SH,,110.62,-60.78021978021979,-2.82,136.6,91.06
20260611,688802.SH,,712.0,198.1244956451568,2.5937,832.8,555.2
20260611,688805.SH,,46.9,15.863351936411297,1.9565,55.2,36.8
20260611,688807.SH,,403.14,195.17792302106025,1.0655,478.67,319.11
20260611,688808.SH,,2202.0,857.3764747108984,1.5683,2601.6,1734.4
20260611,688809.SH,,586.17,62.682592980730156,8.3514,649.19,432.79
20260611,688811.SH,,29.02,2.8279087897096082,9.262,31.87,21.25
20260611,688813.SH,,143.2,25.916206678128674,4.5255,164.4,109.6
20260611,688816.SH,,61.89,-15.181396717933623,-5.0767,78.24,52.16
20260611,688818.SH,,66.66,22.89934730333219,1.911,78.49,52.33
20260611,688819.SH,,22.8,20.95973524544953,0.0878,27.34,18.22
20260611,688820.SH,,172.0,72.65661301905124,1.3673,203.62,135.74
20260611,688981.SH,,127.4,48.193682617741636,1.6435,150.41,100.27
20260611,689009.SH,,34.67,-136.92733017377563,-1.2532,42.13,28.09
20260611,920000.BJ,,13.03,-3.0757246718912286,-5.2364,17.87,9.63
20260611,920001.BJ,,15.4,-3.5904968408290783,-5.2891,21.13,11.39
20260611,920002.BJ,,63.34,-16.20280364268904,-4.9092,86.59,46.63
20260611,920003.BJ,,27.26,-9.582395950506186,-3.8448,36.85,19.85
20260611,920005.BJ,,28.8,-6.907137375287798,-5.1696,39.48,21.26
20260611,920006.BJ,,15.92,-4.869394996023735,-4.2694,21.61,11.65
20260611,920007.BJ,,40.68,-5.876829285910345,-7.9221,57.43,30.93
20260611,920008.BJ,,22.24,-7.279392511128567,-4.0552,30.13,16.23
20260611,920009.BJ,,33.58,-7.4375955170657155,-5.5149,46.2,24.88
20260611,920010.BJ,,10.86,5.12917394795258,1.1173,13.96,7.52
20260611,920011.BJ,,23.57,-4.591856614065849,-6.133,32.64,17.58
20260611,920012.BJ,,64.22,-6.491983583025009,-10.8922,93.69,50.45
20260611,920014.BJ,,9.03,-3.0754035828622026,-3.9362,12.22,6.58
20260611,920015.BJ,,47.8,-23.40154704788015,-3.0426,64.09,34.51
20260611,920016.BJ,,13.95,-4.994450610432852,-3.7931,18.85,10.15
20260611,920017.BJ,,15.46,-4.8115527061093655,-4.2131,20.98,11.3
20260611,920018.BJ,,16.54,-3.293049555020208,-6.0227,22.88,12.32
20260611,920019.BJ,,17.71,-4.383446364041385,-5.0402,24.24,13.06
20260611,920020.BJ,,14.97,-6.706688768424354,-3.2321,20.11,10.83
20260611,920021.BJ,,8.48,-1.242290619826841,-7.8261,11.96,6.44
20260611,920022.BJ,,22.04,-6.598209741639972,-4.3403,29.95,16.13
20260611,920023.BJ,,2.07,-0.3595747637576431,-6.7568,2.88,1.56
20260611,920026.BJ,,26.03,3.592872227359936,6.2449,31.85,17.15
20260611,920027.BJ,,11.81,-5.795465698302091,-3.0378,15.83,8.53
20260611,920028.BJ,,17.82,-4.618375016198004,-4.8585,24.34,13.12
20260611,920029.BJ,,36.8,-7.929325576384399,-5.641,50.7,27.3
20260611,920030.BJ,,4.82,-4.668280871670701,-2.0325,6.39,3.45
20260611,920033.BJ,,14.91,-3.0986969262422845,-5.8117,20.57,11.09
20260611,920035.BJ,,26.17,-4.029997844097447,-7.4938,36.77,19.81
20260611,920036.BJ,,41.3,-6.117884071281496,-7.7507,58.2,31.34
20260611,920037.BJ,,43.33,-10.892134436037303,-4.9781,59.28,31.92
20260611,920039.BJ,,7.79,-2.7553763440860215,-3.8272,10.53,5.67
20260611,920045.BJ,,482.36,-3457.7777777777787,-1.1395,634.29,341.55
20260611,920046.BJ,,25.31,-7.996587785536002,-4.1651,34.33,18.49
20260611,920047.BJ,,16.1,-4.185840938044354,-4.8463,21.99,11.85
20260611,920050.BJ,,27.87,-18.776527656134203,-2.4843,37.15,20.01
20260611,920055.BJ,,28.74,-8.98125,-4.2,39.0,21.0
20260611,920056.BJ,,21.0,-13.146362839614374,-2.5974,28.02,15.1
20260611,920057.BJ,,5.1,-3.050604139251106,-2.6718,6.81,3.67
20260611,920058.BJ,,22.28,-7.728865299892463,-3.8827,30.13,16.23
20260611,920060.BJ,,29.33,-11.354134406937131,-3.5832,39.54,21.3
20260611,920061.BJ,,21.28,-3.1861057044467733,-7.679,29.96,16.14
20260611,920062.BJ,,9.57,-2.1134692255029703,-5.5281,13.16,7.1
20260611,920066.BJ,,22.25,-5.404026910839628,-5.1173,30.48,16.42
20260611,920068.BJ,,16.93,-42.559074912016094,-1.3978,22.32,12.02
20260611,920069.BJ,,36.48,28.009828009828006,0.3024,47.28,25.46
20260611,920075.BJ,,17.01,-3.2528254259652343,-6.2293,23.58,12.7
20260611,920076.BJ,,13.06,-2.7367979882648785,-5.772,18.01,9.71
20260611,920077.BJ,,16.32,-528.1553398058265,-1.0309,21.43,11.55
20260611,920078.BJ,,28.35,-14.581833144738196,-2.9442,37.97,20.45
20260611,920080.BJ,,22.51,-8.029535563958051,-3.8034,30.42,16.38
20260611,920082.BJ,,8.93,-3.630819272209799,-3.4595,12.02,6.48
20260611,920083.BJ,,51.51,0.11847305686706729,433.7824,99999.99,0.0
20260611,920086.BJ,,26.05,-4.3921766987017365,-6.931,36.38,19.6
20260611,920087.BJ,,11.03,7.5786725298886894,0.4554,14.27,7.69
20260611,920088.BJ,,45.08,6.466883759629316,5.9709,55.3,29.78
20260611,920089.BJ,,11.72,-4.476015887564926,-3.6184,15.8,8.52
20260611,920090.BJ,,3.66,-0.7450230020762936,-5.9126,5.05,2.73
20260611,920091.BJ,,46.22,-4.493486292047443,-11.286,67.73,36.47
20260611,920092.BJ,,29.25,-3.300870075496823,-9.8613,42.18,22.72
20260611,920096.BJ,,57.3,-22.5999842233967,-3.5354,77.22,41.58
20260611,920098.BJ,,22.16,-3.2861273819233334,-7.7435,31.22,16.82
20260611,920099.BJ,,24.05,-4.407506505882784,-6.4566,33.42,18.0
20260611,920100.BJ,,43.7,-8.208576741739769,-6.3237,60.64,32.66
20260611,920101.BJ,,29.0,-13.156103978587307,-3.2043,38.94,20.98
20260611,920106.BJ,,44.68,-8.34999719673326,-6.3509,62.02,33.4
20260611,920108.BJ,,10.01,-2.872557178523259,-4.4847,13.62,7.34
20260611,920110.BJ,,25.47,-5.9992933694500055,-5.2455,34.94,18.82
20260611,920111.BJ,,29.74,-2.4751362823020266,-13.0155,44.44,23.94
20260611,920112.BJ,,25.54,-3.0756262042389206,-9.304,36.6,19.72
20260611,920116.BJ,,67.95,12.560073937153419,4.41,84.6,45.56
20260611,920118.BJ,,18.59,-5.594005777563794,-4.3232,25.25,13.61
20260611,920119.BJ,,51.01,-19.019388516032812,-3.682,68.84,37.08
20260611,920121.BJ,,30.8,-11.323945733299018,-3.7199,41.58,22.4
20260611,920122.BJ,,20.35,-3.4697357203751067,-6.865,28.4,15.3
20260611,920123.BJ,,10.52,-3.1276013794743727,-4.3636,14.3,7.7
20260611,920124.BJ,,14.9,-6.822656715051056,-3.1839,20.0,10.78
20260611,920125.BJ,,170.0,-22.361947857199233,-8.6022,241.8,130.2
20260611,920128.BJ,,25.6,-4.742057979068259,-6.3985,35.55,19.15
20260611,920130.BJ,,15.3,-2.6284143617935065,-6.821,21.34,11.5
20260611,920132.BJ,,11.18,-2.678550037135533,-5.1739,15.32,8.26
20260611,920139.BJ,,17.02,-3.970512760696123,-5.2866,23.36,12.58
20260611,920145.BJ,,11.56,-4.3349458131773355,-3.6667,15.6,8.4
20260611,920146.BJ,,5.61,-1.7175923091053822,-4.2662,7.61,4.11
20260611,920149.BJ,,8.25,-2.0865474594703963,-4.9539,11.28,6.08
20260611,920152.BJ,,19.65,-4.338897721250662,-5.5288,27.04,14.56
20260611,920156.BJ,,53.06,-9.336453696046172,-6.6831,73.91,39.81
20260611,920158.BJ,,10.37,2.903379343169919,2.5717,13.14,7.08
20260611,920159.BJ,,32.56,21.79675994108984,0.4938,42.12,22.68
20260611,920160.BJ,,20.02,-8.255670103092784,-3.425,26.94,14.52
20260611,920161.BJ,,39.07,-3.3358378442991072,-12.7122,58.18,31.34
20260611,920163.BJ,,10.08,-2.5808433827482906,-4.9057,13.78,7.42
20260611,920166.BJ,,22.7,-4.501288915328177,-6.043,31.4,16.92
20260611,920167.BJ,,17.19,-3.4637704521641015,-5.9628,23.76,12.8
20260611,920168.BJ,,17.73,-6.108737596471885,-3.9024,23.98,12.92
20260611,920169.BJ,,22.97,-5.73661996453635,-5.0041,31.43,16.93
20260611,920171.BJ,,17.4,-2.2854440854283236,-8.6134,24.75,13.33
20260611,920174.BJ,,35.83,-13.355449530341435,-3.6828,48.36,26.04
20260611,920175.BJ,,10.5,19.958182854970538,-0.4739,13.71,7.39
20260611,920177.BJ,,27.88,-5.993894311390119,-5.6514,38.41,20.69
20260611,920178.BJ,,115.0,-10.912368932960097,-11.5385,169.0,91.0
20260611,920179.BJ,,75.61,10.687530037033895,6.0746,92.66,49.9
20260611,920180.BJ,,13.02,-4.701379360150213,-3.7694,17.58,9.48
20260611,920181.BJ,,91.68,-16.229421136484333,-6.649,127.67,68.75
20260611,920183.BJ,,34.45,-7.299038094834527,-5.7198,47.5,25.58
20260611,920184.BJ,,11.54,-1.4706632002854665,-8.8468,16.45,8.87
20260611,920185.BJ,,26.57,81.22898196270255,-0.6729,34.77,18.73
20260611,920186.BJ,,88.6,-26.041972841102815,-4.4022,120.48,64.88
20260611,920187.BJ,,20.3,-8.064836518215406,-3.5171,27.35,14.73
20260611,920188.BJ,,24.63,-6.430809399477806,-4.83,33.64,18.12
20260611,920190.BJ,,24.45,-3.611148034915149,-7.7707,34.46,18.56
20260611,920191.BJ,,11.24,6.9096944734739045,0.6267,14.52,7.82
20260611,920195.BJ,,13.33,-3.7945856699592926,-4.5129,18.14,9.78
20260611,920198.BJ,,8.02,-2.1383245347411077,-4.7506,10.94,5.9
20260611,920199.BJ,,23.02,-4.566735438819235,-6.0408,31.85,17.15
20260611,920200.BJ,,41.53,-7.23897507408053,-6.737,57.88,31.18
20260611,920204.BJ,,14.06,-4.192384530518532,-4.3537,19.11,10.29
20260611,920206.BJ,,70.94,-13.870910975109007,-6.1143,98.22,52.9
20260611,920207.BJ,,23.58,-2.650391151874831,-9.8968,34.02,18.32
20260611,920208.BJ,,21.67,28.150168875032477,-0.2302,28.23,15.21
20260611,920211.BJ,,128.8,-11.920407218880149,-11.805,189.85,102.23
20260611,920212.BJ,,10.52,-1.976551931459492,-6.3224,14.59,7.87
20260611,920218.BJ,,21.6,-2.2509378907878284,-10.596,31.4,16.92
20260611,920220.BJ,,58.47,-8.628984651711924,-7.776,82.42,44.38
20260611,920221.BJ,,14.2,-1.3929079405561822,-11.1945,20.78,11.2
20260611,920223.BJ,,14.69,-1.4499619989537373,-11.1313,21.48,11.58
20260611,920225.BJ,,21.41,-3.4557340004842225,-7.1955,29.99,16.15
20260611,920227.BJ,,56.53,-6.213043764974832,-10.0986,81.74,44.02
20260611,920230.BJ,,10.14,-1.8878462913315461,-6.3712,14.07,7.59
20260611,920237.BJ,,15.21,-3.3161819212488557,-5.5866,20.94,11.28
20260611,920239.BJ,,26.2,-10.48377415869713,-3.4991,35.29,19.01
20260611,920242.BJ,,23.26,-6.54326544390683,-4.5548,31.68,17.06
20260611,920245.BJ,,21.07,-2.733239933582399,-8.7088,30.0,16.16
20260611,920247.BJ,,17.25,-2.6511134676564154,-7.5067,24.24,13.06
20260611,920249.BJ,,9.12,-1.905916281791394,-5.7851,12.58,6.78
20260611,920252.BJ,,22.46,4.300457617707316,4.2227,28.01,15.09
20260611,920260.BJ,,7.98,-3.5112421349056193,-3.2727,10.72,5.78
20260611,920261.BJ,,14.35,-2.391905857252392,-6.9994,20.05,10.81
20260611,920262.BJ,,13.23,-3.128251205901826,-5.2292,18.14,9.78
20260611,920263.BJ,,7.48,-1.6001026803859073,-5.6747,10.3,5.56
20260611,920266.BJ,,6.93,-5.514442587729769,-2.2567,9.21,4.97
20260611,920267.BJ,,15.48,-4.738001958863859,-4.2672,21.02,11.32
20260611,920270.BJ,,14.01,-2.1674892089670004,-7.4637,19.68,10.6
20260611,920271.BJ,,12.37,-0.805212727178045,-16.3624,19.22,10.36
20260611,920273.BJ,,19.12,-8.015091175854119,-3.3855,25.72,13.86
20260611,920274.BJ,,18.13,-3.057232471080233,-6.9302,25.32,13.64
20260611,920275.BJ,,5.86,-1.8953973542064235,-4.0917,7.94,4.28
20260611,920278.BJ,,6.23,-1.975394761874564,-4.1538,8.45,4.55
20260611,920284.BJ,,25.85,-6.761174901263307,-4.8233,35.3,19.02
20260611,920299.BJ,,19.38,-3.9371838368242487,-5.9223,26.78,14.42
20260611,920300.BJ,,11.12,1.8829266640703046,4.9057,13.78,7.42
20260611,920304.BJ,,10.84,-9.295943744104278,-2.1661,14.4,7.76
20260611,920339.BJ,,11.3,-4.836914647718518,-3.3362,15.19,8.19
20260611,920344.BJ,,18.22,-9.974270542508346,-2.8267,24.37,13.13
20260611,920346.BJ,,17.47,-3.0241132787481173,-6.7769,24.36,13.12
20260611,920351.BJ,,12.75,-3.1934877896055105,-4.9925,17.44,9.4
20260611,920357.BJ,,20.2,-2.6588393244968604,-8.5973,28.73,15.47
20260611,920363.BJ,,11.5,-1.5458028093285838,-8.4395,16.32,8.8
20260611,920367.BJ,,14.7,-2.4902170046246885,-6.9031,20.52,11.06
20260611,920368.BJ,,33.7,-3.9619558189021737,-9.5059,48.41,26.07
20260611,920370.BJ,,2.59,-0.44391121775644865,-6.8345,3.61,1.95
20260611,920371.BJ,,8.69,-7.625482625482624,-2.1396,11.54,6.22
20260611,920374.BJ,,16.8,-4.167596933839398,-5.0311,22.99,12.39
20260611,920375.BJ,,8.28,-1.4382990550305723,-6.7568,11.54,6.22
20260611,920378.BJ,,7.8,-19.969278033794158,-1.3906,10.28,5.54
20260611,920392.BJ,,16.98,3.020761061002295,4.6211,21.09,11.37
20260611,920394.BJ,,69.29,4.854110476724229,13.2745,79.52,42.82
20260611,920395.BJ,,7.99,-3.7136881245642575,-3.1515,10.72,5.78
20260611,920396.BJ,,23.28,-3.9844592397350542,-6.8427,32.48,17.5
20260611,920402.BJ,,12.73,4.126418152350081,2.085,16.21,8.73
20260611,920403.BJ,,19.45,26.156535771920385,-0.2564,25.35,13.65
20260611,920405.BJ,,12.54,-2.8771366295743945,-5.3585,17.22,9.28
20260611,920407.BJ,,14.48,-3.6318944543379565,-4.9869,19.81,10.67
20260611,920414.BJ,,9.47,-1.5850698803247134,-6.9745,13.23,7.13
20260611,920415.BJ,,10.07,-1.3977957302684545,-8.2042,14.26,7.68
20260611,920418.BJ,,22.19,-8.002740911713792,-3.7728,29.97,16.15
20260611,920419.BJ,,10.68,-5.1215652424111635,-3.0853,14.32,7.72
20260611,920422.BJ,,9.66,-3.5925471382349663,-3.6889,13.03,7.03
20260611,920425.BJ,,25.51,-13.47596407818278,-2.893,34.15,18.39
20260611,920427.BJ,,11.72,-3.4424014568524934,-4.4046,15.93,8.59
20260611,920429.BJ,,10.3,-2.5312722715096707,-5.0691,14.1,7.6
20260611,920433.BJ,,4.59,-2.34207572201245,-2.9598,6.14,3.32
20260611,920436.BJ,,11.83,-2.9165228539026677,-5.0562,16.19,8.73
20260611,920438.BJ,,84.0,38.31068138283317,1.1926,107.91,58.11
20260611,920445.BJ,,7.19,-2.045344636304156,-4.5153,9.78,5.28
20260611,920454.BJ,,12.17,-3.1630929174788824,-4.8475,16.62,8.96
20260611,920455.BJ,,6.59,-4.808814944541739,-2.3704,8.77,4.73
20260611,920469.BJ,,6.85,-0.8529979453334163,-9.0305,9.78,5.28
20260611,920471.BJ,,13.33,-1.6771303833620614,-8.9481,19.03,10.25
20260611,920475.BJ,,13.04,-2.5812070706070984,-6.0519,18.04,9.72
20260611,920476.BJ,,18.7,-2.973871280673017,-7.2881,26.22,14.12
20260611,920478.BJ,,9.1,-2.834449462700514,-4.2105,12.35,6.65
20260611,920489.BJ,,16.81,4.408024124819719,2.8135,21.25,11.45
20260611,920491.BJ,,27.61,87.23538704581358,-0.6835,36.14,19.46
20260611,920493.BJ,,130.6,-24.80202062403859,-6.2657,181.12,97.54
20260611,920496.BJ,,7.12,-1.201059361346806,-6.9281,9.94,5.36
20260611,920504.BJ,,17.3,-5.879753933997214,-3.9423,23.41,12.61
20260611,920505.BJ,,32.37,-4.009661835748791,-9.073,46.28,24.92
20260611,920508.BJ,,15.26,-2.4930159611834473,-7.1211,21.35,11.51
20260611,920509.BJ,,31.79,-6.426506559928842,-5.9467,43.94,23.66
20260611,920510.BJ,,20.1,-0.9598074654875202,-21.9417,33.47,18.03
20260611,920519.BJ,,10.3,-9.438284614679741,-2.0913,13.67,7.37
20260611,920522.BJ,,28.37,-4.512055474266811,-7.2876,39.78,21.42
20260611,920523.BJ,,18.15,-7.23453443877551,-3.5088,24.45,13.17
20260611,920526.BJ,,31.23,-24.32053578381746,-2.2841,41.54,22.38
20260611,920527.BJ,,14.22,-6.277314263011522,-3.2653,19.11,10.29
20260611,920533.BJ,,21.98,-3.177264776883158,-7.9179,31.03,16.71
20260611,920541.BJ,,10.52,-4.231357091143109,-3.4862,14.17,7.63
20260611,920547.BJ,,20.02,-4.9146925248557745,-5.0735,27.41,14.77
20260611,920553.BJ,,7.2,-2.4,-4.0,9.75,5.25
20260611,920556.BJ,,8.05,-1.2863329125453413,-7.2581,11.28,6.08
20260611,920564.BJ,,17.88,-5.282127031019202,-4.385,24.31,13.09
20260611,920566.BJ,,9.66,-5.0454403008461295,-2.9146,12.93,6.97
20260611,920570.BJ,,25.77,-5.243560004883409,-5.9146,35.6,19.18
20260611,920571.BJ,,9.16,-4.6589695335944254,-2.9661,12.27,6.61
20260611,920575.BJ,,3.81,-1.8554592383364177,-3.0534,5.1,2.76
20260611,920576.BJ,,64.57,40.162965727436706,0.6077,83.43,44.93
20260611,920578.BJ,,19.38,-1.244429604325324,-16.5734,30.19,16.27
20260611,920579.BJ,,17.61,-3.3671128107074564,-6.23,24.41,13.15
20260611,920580.BJ,,12.29,-3.0547822628753227,-5.0232,16.82,9.06
20260611,920592.BJ,,23.67,-2.251284002282671,-11.514,34.77,18.73
20260611,920593.BJ,,31.15,-4.572141494202261,-7.813,43.92,23.66
20260611,920599.BJ,,16.71,23.81359555365541,-0.2983,21.78,11.74
20260611,920608.BJ,,13.89,-7.439344437898344,-2.8671,18.59,10.01
20260611,920627.BJ,,16.9,-4.728992360858494,-4.5737,23.02,12.4
20260611,920634.BJ,,15.36,-2.5993806163375135,-6.9091,21.45,11.55
20260611,920639.BJ,,6.82,-2.1222965613816713,-4.2135,9.25,4.99
20260611,920640.BJ,,33.41,-45.43723650210797,-1.7353,44.2,23.8
20260611,920641.BJ,,15.38,-5.975832459105568,-3.5737,20.73,11.17
20260611,920642.BJ,,10.66,-4.892376887420258,-3.1789,14.31,7.71
20260611,920651.BJ,,21.02,-3.8547588483403628,-6.453,29.21,15.73
20260611,920656.BJ,,13.79,-21.53005464480874,-1.6405,18.22,9.82
20260611,920662.BJ,,18.34,-2.4068873198771623,-8.6198,26.09,14.05
20260611,920663.BJ,,14.1,-4.219156767108531,-4.3419,19.16,10.32
20260611,920665.BJ,,10.88,-2.057605386084687,-6.2877,15.09,8.13
20260611,920670.BJ,,13.5,-3.9033134794425495,-4.4586,18.36,9.9
20260611,920679.BJ,,15.2,-3.2290958531611147,-5.7072,20.95,11.29
20260611,920682.BJ,,6.46,-3.0068888475144293,-3.1484,8.67,4.67
20260611,920685.BJ,,11.11,-2.5444884684973545,-5.3663,15.26,8.22
20260611,920689.BJ,,23.23,-7.428607975440503,-4.1271,31.49,16.97
20260611,920690.BJ,,18.28,-6.436393084750537,-3.8401,24.71,13.31
20260611,920693.BJ,,25.88,-4.483481454532854,-6.7723,36.08,19.44
20260611,920694.BJ,,15.0,-5.386963548213324,-3.7845,20.26,10.92
20260611,920699.BJ,,65.41,-39.31598244875879,-2.6637,87.36,47.04
20260611,920701.BJ,,12.29,-2.7105112257950683,-5.5342,16.91,9.11
20260611,920703.BJ,,10.28,-2.896019381919599,-4.5497,14.0,7.54
20260611,920706.BJ,,17.73,-2.8722783825816487,-7.1728,24.83,13.37
20260611,920717.BJ,,7.33,-2.871581916477317,-3.5526,9.88,5.32
20260611,920718.BJ,,10.4,-3.977816026008797,-3.6145,14.02,7.56
20260611,920719.BJ,,10.84,1.390100025647602,6.798,13.19,7.11
20260611,920720.BJ,,10.95,-2.8948342409982546,-4.7826,14.95,8.05
20260611,920725.BJ,,64.3,69.71701181828038,-0.0777,83.65,45.05
20260611,920726.BJ,,16.24,-6.633174039129191,-3.4483,21.86,11.78
20260611,920729.BJ,,6.95,-12.452965418383801,-1.5581,9.17,4.95
20260611,920735.BJ,,23.92,-18.018832391713747,-2.3275,31.83,17.15
20260611,920748.BJ,,23.85,-3.233898305084746,-8.375,33.83,18.23
20260611,920751.BJ,,23.35,-5.667613291584747,-5.1199,31.99,17.23
20260611,920753.BJ,,14.8,-3.2513181019332165,-5.552,20.37,10.97
20260611,920765.BJ,,12.12,-2.1544368600682593,-6.6256,16.87,9.09
20260611,920768.BJ,,7.58,-2.144878324844369,-4.534,10.32,5.56
20260611,920770.BJ,,13.2,-2.2838555634375486,-6.7797,18.4,9.92
20260611,920779.BJ,,25.86,-4.582993655407082,-6.6426,36.01,19.39
20260611,920781.BJ,,6.06,-2.760945828967151,-3.1949,8.13,4.39
20260611,920786.BJ,,7.02,-2.089472274310206,-4.3597,9.54,5.14
20260611,920790.BJ,,17.21,-2.560554662857823,-7.7212,24.24,13.06
20260611,920792.BJ,,10.12,-4.90048908043194,-3.0651,13.57,7.31
20260611,920799.BJ,,27.22,-3.76663991365234,-8.2266,38.55,20.77
20260611,920802.BJ,,11.57,-3.777342474698009,-4.063,15.67,8.45
20260611,920806.BJ,,10.54,-2.357467176631103,-5.4709,14.49,7.81
20260611,920807.BJ,,10.99,-1.672907723688617,-7.5694,15.45,8.33
20260611,920808.BJ,,74.97,-23.76303527845574,-4.1549,101.68,54.76
20260611,920809.BJ,,8.02,-73.10847766636286,-1.1097,10.54,5.68
20260611,920810.BJ,,9.07,-2.813362697354136,-4.2239,12.31,6.63
20260611,920819.BJ,,2.85,-1.6470180305131763,-2.7304,3.8,2.06
20260611,920821.BJ,,21.5,-3.7034485134529924,-6.8054,29.99,16.15
20260611,920826.BJ,,9.53,-1.2077049803573692,-8.891,13.59,7.33
20260611,920832.BJ,,6.59,-1.2857533070589613,-6.1254,9.12,4.92
20260611,920833.BJ,,14.08,-2.7428749537334656,-6.1333,19.5,10.5
20260611,920834.BJ,,9.55,-1.8084723616187248,-6.2807,13.24,7.14
20260611,920837.BJ,,10.76,-3.2900168170004584,-4.2705,14.61,7.87
20260611,920839.BJ,,29.49,-9.064920693471045,-4.2532,40.04,21.56
20260611,920855.BJ,,13.07,-7.4557900741585845,-2.753,17.47,9.41
20260611,920856.BJ,,9.59,-2.4837481546709483,-4.8611,13.1,7.06
20260611,920857.BJ,,15.71,-1.2481726307760759,-13.5864,23.63,12.73
20260611,920866.BJ,,6.46,-3.2251622566150773,-3.003,8.65,4.67
20260611,920870.BJ,,13.45,-3.295599333529354,-5.0812,18.42,9.92
20260611,920871.BJ,,12.43,-4.023304741867616,-4.0895,16.84,9.08
20260611,920873.BJ,,7.75,4.054407533350772,0.9115,9.98,5.38
20260611,920876.BJ,,19.05,-1.5255010930755863,-13.4877,28.62,15.42
20260611,920879.BJ,,15.76,-6.643621954304022,-3.3722,21.2,11.42
20260611,920885.BJ,,14.21,-3.597650513950074,-4.9498,19.43,10.47
20260611,920892.BJ,,12.02,-7.18856527719634,-2.6721,16.05,8.65
20260611,920895.BJ,,13.17,-4.377305813141889,-4.0087,17.83,9.61
20260611,920896.BJ,,14.18,-2.2653204677615184,-7.2596,19.87,10.71
20260611,920906.BJ,,19.64,-4.378065091395453,-5.486,27.01,14.55
20260611,920914.BJ,,20.27,-4.887399334522833,-5.1474,27.78,14.96
20260611,920924.BJ,,16.66,-2.105662285136501,-8.912,23.77,12.81
20260611,920925.BJ,,11.85,-3.9888245590413356,-3.9708,16.04,8.64
20260611,920926.BJ,,11.09,-3.431949000433249,-4.2314,15.05,8.11
20260611,920931.BJ,,10.3,-16.514349847683185,-1.6237,13.61,7.33
20260611,920932.BJ,,14.8,-2.0588153465208805,-8.1886,20.95,11.29
20260611,920942.BJ,,20.12,-4.305769560006849,-5.6728,27.72,14.94
20260611,920943.BJ,,14.16,-3.6283503305488654,-4.9026,19.35,10.43
20260611,920946.BJ,,9.06,-12.319825945063911,-1.7354,11.98,6.46
20260611,920950.BJ,,13.43,-4.577056778679026,-3.9342,18.17,9.79
20260611,920953.BJ,,24.7,-3.931681072218773,-7.2823,34.63,18.65
20260611,920957.BJ,,9.72,-3.093570973901973,-4.142,13.18,7.1
20260611,920961.BJ,,20.02,-2.301731472326335,-9.6978,28.82,15.52
20260611,920964.BJ,,4.9,-2.7562155473056587,-2.7778,6.55,3.53
20260611,920970.BJ,,5.84,-3.503929921401572,-2.6667,7.8,4.2
20260611,920971.BJ,,38.49,-4.166531354528627,-10.2379,55.74,30.02
20260611,920974.BJ,,6.94,-1.7652295561490527,-4.9315,9.49,5.11
20260611,920976.BJ,,18.76,-2.9719753497140506,-7.3123,26.31,14.17
20260611,920978.BJ,,22.78,-3.3265672687977337,-7.8479,32.13,17.31
20260611,920981.BJ,,39.0,9.221602194268419,3.2292,49.11,26.45
20260611,920982.BJ,,157.49,246.30903972474198,-0.3606,205.47,110.65
20260611,920985.BJ,,5.3,-0.9314423296602871,-6.6901,7.38,3.98
20260611,920992.BJ,,12.34,-3.3257869771453215,-4.7104,16.83,9.07
